:metadata
 
Skeleton: /home/sophie/workspace/mocapPlayer/mocapPlayer/mocapPlayer/07-walk.asf
Motion: /home/sophie/workspace/mocapPlayer/mocapPlayer/mocapPlayer/07_05-walk.amc
Mass Distribution: /home/sophie/workspace/mocapPlayer/amd/NHR03-06.amd
 
Inital skeleton translation: 0 0 0
Initial skeleton rotation: 0 0 0
 
:data
1
gcm: 0.46183 0.983035 -2.17099
H: -0.000362253 -0.00323155 -0.00618046
L: 0.00042655 -0.000103683 0.00506121
left
2
gcm: 0.461942 0.982535 -2.16414
H: -0.000690995 -0.00253571 -0.000889336
L: 7.81787e-05 -0.000346914 0.00475483
left
3
gcm: 0.461698 0.982292 -2.15719
H: -0.00161432 0.00101523 0.00488035
L: -0.000169512 -0.00016923 0.00482845
left
4
gcm: 0.462115 0.982301 -2.14961
H: 0.00328162 -0.000349761 0.00401873
L: 0.000289356 6.60103e-06 0.00525981
left
5
gcm: 0.462842 0.982466 -2.14196
H: -0.00239711 -0.00208717 -0.000662611
L: 0.000505432 0.000114783 0.00531286
left
6
gcm: 0.46353 0.983171 -2.13449
H: -0.00240718 -0.00181315 -0.00154284
L: 0.000477512 0.000489462 0.00519116
left
7
gcm: 0.463867 0.983354 -2.12706
H: 0.0011044 5.16621e-05 0.00177882
L: 0.000233762 0.000127052 0.00516124
left
8
gcm: 0.464289 0.982345 -2.11983
H: 0.00363624 0.000214859 -0.000313848
L: 0.000293241 -0.000700823 0.00501558
left
9
gcm: 0.46458 0.982324 -2.1125
H: -0.00202885 -9.13721e-05 0.00361269
L: 0.000201808 -1.43611e-05 0.00508879
left
10
gcm: 0.464953 0.982669 -2.10514
H: -0.029276 -0.00380088 0.00260886
L: 0.000259484 0.000239187 0.00511523
left
11
gcm: 0.465622 0.982399 -2.0977
H: -0.0281024 -0.0033778 -0.000116218
L: 0.000464233 -0.00018763 0.00516412
left
12
gcm: 0.466237 0.982466 -2.09018
H: -0.0166352 -0.00187522 0.0099671
L: 0.000427322 4.67455e-05 0.00522116
left
13
gcm: 0.466674 0.982175 -2.08278
H: -0.0218111 -0.0011918 0.00712614
L: 0.000303477 -0.000202352 0.00514259
left
14
gcm: 0.466962 0.981063 -2.07535
H: -0.0215413 -0.000551223 0.0112807
L: 0.00019963 -0.000772225 0.00515696
left
15
gcm: 0.467592 0.980181 -2.06764
H: -0.0105127 -0.00207853 0.00939398
L: 0.000437583 -0.000612035 0.00535366
left
16
gcm: 0.468326 0.979516 -2.06007
H: -0.0180514 -0.00239493 0.00728284
L: 0.000509767 -0.000462056 0.00525963
left
17
gcm: 0.468956 0.979383 -2.05255
H: -0.0177666 0.000642593 0.0119513
L: 0.000437496 -9.2436e-05 0.00521862
left
18
gcm: 0.469047 0.97981 -2.04473
H: -0.00465431 0.00243469 0.0100516
L: 6.31054e-05 0.000296702 0.00543289
left
19
gcm: 0.467711 0.979967 -2.03888
H: -0.0256305 0.00444551 0.0161114
L: -0.00092737 0.000109379 0.00406104
left
20
gcm: 0.468706 0.97952 -2.03124
H: -0.00976632 -0.00194689 0.00134988
L: 0.000690899 -0.000310955 0.00530869
left
21
gcm: 0.471734 0.978555 -2.02196
H: 0.00966885 -0.00424414 -0.0139362
L: 0.00210283 -0.000669784 0.00644292
left
22
gcm: 0.470526 0.978176 -2.01667
H: 0.00566184 0.000466495 0.0201007
L: -0.000839228 -0.000263493 0.00367255
left
23
gcm: 0.474354 0.976062 -2.00623
H: 0.0144755 0.000691374 -0.00997538
L: 0.00265887 -0.00146789 0.00725511
left
24
gcm: 0.474502 0.976335 -1.99794
H: 0.0181107 0.00448272 0.0130837
L: 0.000102443 0.000189802 0.00575608
left
25
gcm: 0.476808 0.976037 -1.99005
H: 0.00557674 -0.00513644 -0.012043
L: 0.00160162 -0.000207221 0.00547736
left
26
gcm: 0.477455 0.975279 -1.9821
H: 0.0108758 -0.000917494 0.00388989
L: 0.000449183 -0.000526084 0.00551961
left
27
gcm: 0.478417 0.973631 -1.97404
H: 0.00938023 -0.000522942 -0.00477559
L: 0.000668131 -0.00114478 0.00559495
left
28
gcm: 0.480124 0.973423 -1.96499
H: 0.0150056 -0.000446874 -0.011065
L: 0.00118552 -0.000144573 0.0062885
left
29
gcm: 0.481995 0.973139 -1.95605
H: 0.0293879 -0.00132212 -0.00107578
L: 0.00129909 -0.0001971 0.00620717
left
30
gcm: 0.483564 0.972736 -1.94747
H: 0.0201201 0.000340376 -0.00424317
L: 0.00108972 -0.000279555 0.00595719
none 
31
gcm: 0.485003 0.972145 -1.93868
H: 0.0276895 -0.000367613 -0.0033313
L: 0.000998919 -0.000410574 0.00610576
left
32
gcm: 0.486589 0.971478 -1.92943
H: 0.0257096 -4.37675e-05 0.000998956
L: 0.00110192 -0.000463333 0.00642381
left
33
gcm: 0.488222 0.972242 -1.91999
H: 0.0241001 0.000499938 0.000217438
L: 0.00113364 0.000530445 0.00655256
left
34
gcm: 0.490142 0.972505 -1.91093
H: 0.021071 0.000252823 -0.00323866
L: 0.00133339 0.000182725 0.00629675
left
35
gcm: 0.492256 0.971131 -1.90214
H: 0.0247017 -0.00046312 -0.00473209
L: 0.00146779 -0.000954013 0.00610311
left
36
gcm: 0.494154 0.970365 -1.89311
H: 0.0351358 -0.00125336 -0.0035637
L: 0.00131845 -0.000531736 0.00627262
none 
37
gcm: 0.496443 0.970606 -1.8835
H: 0.0287694 0.00181252 -0.0110888
L: 0.00158972 0.000167271 0.00667248
none 
38
gcm: 0.499386 0.970795 -1.87332
H: 0.0305489 8.45167e-05 -0.0137797
L: 0.00204375 0.000130904 0.00707072
right
39
gcm: 0.500271 0.971327 -1.86468
H: 0.0163173 0.00447687 0.0015546
L: 0.000614294 0.000369445 0.00599901
none 
40
gcm: 0.501472 0.97135 -1.85573
H: 0.0193639 0.00464721 -0.00173136
L: 0.000834081 1.59508e-05 0.00621019
none 
41
gcm: 0.50405 0.97084 -1.84644
H: 0.0259195 -0.00266363 -0.000237672
L: 0.00179016 -0.000354258 0.00645528
none 
42
gcm: 0.506311 0.970067 -1.83737
H: 0.0238071 -0.00179295 -3.51844e-05
L: 0.00156996 -0.00053673 0.00629861
right
43
gcm: 0.508038 0.973738 -1.82734
H: 0.0147069 0.00161722 -0.0110736
L: 0.00119937 0.00254928 0.00696542
right
44
gcm: 0.510116 0.974751 -1.81671
H: 0.00315042 0.0017397 -0.00784886
L: 0.00144352 0.000703534 0.00737922
right
45
gcm: 0.512166 0.975267 -1.80671
H: 0.00197303 0.000385759 0.000919034
L: 0.00142345 0.000358225 0.00694381
right
46
gcm: 0.51438 0.976502 -1.79668
H: -0.00358986 0.00292034 -0.00344606
L: 0.00153769 0.000857662 0.00696701
right
47
gcm: 0.51678 0.978323 -1.78671
H: -0.00194932 0.00253021 -0.0111935
L: 0.00166659 0.0012647 0.00692568
right
48
gcm: 0.519132 0.979857 -1.77692
H: 0.00573992 0.0024118 -0.0135135
L: 0.00163288 0.00106531 0.00679923
right
49
gcm: 0.521198 0.980757 -1.76754
H: 0.000114564 0.00368477 -0.00738652
L: 0.00143513 0.000624838 0.00651277
right
50
gcm: 0.523021 0.981539 -1.75858
H: -0.000571549 0.00262575 -0.00109229
L: 0.00126593 0.000543421 0.00621997
right
51
gcm: 0.524768 0.982917 -1.74969
H: -0.0019544 0.00205202 -0.00715662
L: 0.00121287 0.000957111 0.00617644
right
52
gcm: 0.526478 0.984731 -1.74085
H: 0.00749855 -0.00211872 -0.00453125
L: 0.00118771 0.00125944 0.00613579
right
53
gcm: 0.528163 0.986371 -1.73219
H: 0.00366237 -0.0022353 0.00321821
L: 0.00117029 0.00113865 0.00601762
right
54
gcm: 0.529949 0.98784 -1.72356
H: -0.00700743 0.00166142 0.0015487
L: 0.00124022 0.00102017 0.0059941
right
55
gcm: 0.531671 0.989261 -1.7149
H: -0.00494157 0.00186457 -0.00503039
L: 0.00119578 0.000987098 0.00601105
right
56
gcm: 0.533379 0.990906 -1.70616
H: 0.00078347 0.00218978 -0.00618207
L: 0.00118616 0.00114224 0.00606993
right
57
gcm: 0.535067 0.992637 -1.69729
H: 7.55734e-05 0.00221873 -0.00324841
L: 0.00117193 0.00120241 0.00615556
right
58
gcm: 0.536306 0.994169 -1.68898
H: -0.0110961 0.00550697 -0.00125258
L: 0.000860379 0.00106359 0.00577245
right
