:metadata
 
Skeleton: /Network/Servers/duerer/Volumes/duerer/laturnus/workspace/new_acm/asf/07-walk.asf
Motion: /Network/Servers/duerer/Volumes/duerer/laturnus/workspace/new_acm/amc/07_05-walk.amc
Mass Distribution: /Network/Servers/duerer/Volumes/duerer/laturnus/workspace/new_acm/amd/pointmass.amd
 
Inital skeleton translation: 0 0 0
Initial skeleton rotation: 0 0 0
 
:data
1
gcm: 0.466918 0.862746 -2.13497
H: -0.569247 -0.36844 -0.26827
2
gcm: 0.467242 0.862612 -2.12733
H: -0.353885 -0.278655 -0.397809
3
gcm: 0.466669 0.862656 -2.11957
H: -0.798051 -0.0177538 -0.359977
4
gcm: 0.466841 0.863005 -2.11118
H: -0.694762 -0.111196 0.0498878
5
gcm: 0.467722 0.863561 -2.10304
H: -1.24911 -0.291886 0.0793596
6
gcm: 0.46883 0.86467 -2.09516
H: -2.30389 -0.302358 0.413701
7
gcm: 0.468931 0.867535 -2.08641
H: -22.4491 1.79196 -7.05289
8
gcm: 0.469787 0.866873 -2.07888
H: -0.125162 -0.100963 0.0352732
9
gcm: 0.470345 0.867138 -2.07126
H: -1.24238 -0.127095 -0.0445412
10
gcm: 0.470857 0.867875 -2.06395
H: -1.30133 -0.00383848 -0.289522
11
gcm: 0.471618 0.867991 -2.05671
H: -1.4252 0.0271813 0.381001
12
gcm: 0.472428 0.868321 -2.04934
H: 0.100782 0.031337 1.31437
13
gcm: 0.473025 0.868255 -2.04229
H: -0.0243864 0.0713228 0.335612
14
gcm: 0.473436 0.867269 -2.03547
H: -0.269743 0.0590239 0.61261
15
gcm: 0.474461 0.866437 -2.02819
H: 0.0507023 -0.151355 0.733841
16
gcm: 0.475632 0.865937 -2.02083
H: 0.263705 -0.0946435 -0.382015
17
gcm: 0.476548 0.866 -2.01362
H: 0.214064 0.232518 -0.363414
18
gcm: 0.477422 0.866478 -2.00633
H: -0.514634 0.369928 0.736646
19
gcm: 0.477366 0.86659 -2.00083
H: -0.904518 0.245891 1.32542
20
gcm: 0.478559 0.866029 -1.99412
H: -0.990721 -0.124127 0.749417
21
gcm: 0.481223 0.864887 -1.98579
H: -0.862309 -0.170277 -0.411759
22
gcm: 0.481082 0.864249 -1.98036
H: -1.45021 0.459581 0.162122
23
gcm: 0.484257 0.861959 -1.97131
H: -2.38222 -0.244716 -1.78317
24
gcm: 0.484699 0.861831 -1.96399
H: 0.632578 0.143782 0.208026
25
gcm: 0.486555 0.861223 -1.95721
H: -1.30478 -0.303552 -0.990464
26
gcm: 0.487258 0.86018 -1.95073
H: -0.760039 -0.00461426 -0.509351
27
gcm: 0.48845 0.858234 -1.9441
H: 2.32665 -0.289039 0.358135
28
gcm: 0.490542 0.858033 -1.93638
H: -26.1368 3.87556 -9.33868
29
gcm: 0.492122 0.857489 -1.92848
H: 7.68478 -1.17606 2.09479
30
gcm: 0.493258 0.856684 -1.92096
H: 5.79679 -0.924381 0.824902
31
gcm: 0.49467 0.855422 -1.91338
H: 5.54812 -0.900334 0.16808
32
gcm: 0.496334 0.853996 -1.90564
H: 2.80342 -0.331406 0.488451
33
gcm: 0.497867 0.85402 -1.8977
H: 1.61432 0.134708 0.0669989
34
gcm: 0.499672 0.853739 -1.88999
H: 5.37347 -0.220839 -1.90664
35
gcm: 0.501822 0.851754 -1.88228
H: 11.8348 -1.61114 -0.757639
36
gcm: 0.503494 0.849556 -1.87518
H: 22.8311 -3.5049 6.23603
37
gcm: 0.505435 0.849526 -1.86765
H: -18.5735 3.98087 -5.68157
38
gcm: 0.507186 0.848673 -1.85989
H: 26.5843 -5.12023 7.80866
39
gcm: 0.508214 0.848896 -1.85272
H: -15.1025 3.84503 -7.14388
40
gcm: 0.509318 0.848326 -1.8452
H: -2.29647 1.0707 -2.2713
41
gcm: 0.51226 0.847393 -1.83728
H: -1.46671 0.407334 -0.773043
42
gcm: 0.514612 0.846331 -1.8299
H: -1.89034 0.667478 -1.60627
43
gcm: 0.51582 0.848993 -1.82089
H: 9.09905 -1.89947 2.01529
44
gcm: 0.517228 0.849638 -1.81193
H: 4.85564 -1.17964 1.33377
45
gcm: 0.518702 0.849862 -1.80387
H: 1.63344 -0.479881 0.675686
46
gcm: 0.520833 0.850745 -1.79603
H: 1.39808 -0.260708 0.518484
47
gcm: 0.523127 0.85221 -1.78784
H: 4.73881 -1.02095 1.43444
48
gcm: 0.52538 0.853402 -1.77926
H: 2.66247 -0.41926 0.295973
49
gcm: 0.527593 0.853913 -1.77077
H: 1.05452 -0.0816149 0.23314
50
gcm: 0.529553 0.854316 -1.76266
H: 2.36321 -0.459464 0.679547
51
gcm: 0.531286 0.855485 -1.75452
H: 4.25432 -0.946098 0.513886
52
gcm: 0.533075 0.857161 -1.74589
H: 2.01206 -0.628232 0.465919
53
gcm: 0.535141 0.858604 -1.7372
H: -0.302682 -0.258156 1.03013
54
gcm: 0.537198 0.859923 -1.72894
H: 1.4424 -0.622459 1.19872
55
gcm: 0.538923 0.861243 -1.72059
H: 2.91723 -0.822287 0.649888
56
gcm: 0.540459 0.862835 -1.71182
H: 2.00977 -0.523011 0.445483
57
gcm: 0.541808 0.864635 -1.70314
H: 2.46705 -0.676372 0.932237
58
gcm: 0.542705 0.866346 -1.69483
H: 1.9546 -0.644752 0.996079
59
gcm: 0.543822 0.868076 -1.68689
H: 0.0771175 -0.185786 0.524396
60
gcm: 0.545536 0.869577 -1.67878
H: 0.582733 -0.355348 0.559149
61
gcm: 0.547023 0.870971 -1.66989
H: 0.324791 -0.254777 0.351525
62
gcm: 0.548403 0.872514 -1.66078
H: -2.13094 0.589081 -0.541807
63
gcm: 0.549763 0.874458 -1.65196
H: -1.76098 0.537084 -0.511289
64
gcm: 0.550677 0.87606 -1.64331
H: 0.231492 -0.194885 0.479551
65
gcm: 0.551249 0.877635 -1.63441
H: 0.0813571 -0.191955 0.398961
66
gcm: 0.55202 0.878725 -1.62568
H: -0.840507 0.308119 -0.351744
67
gcm: 0.553152 0.879757 -1.61712
H: -2.21871 0.577813 -0.443613
68
gcm: 0.554225 0.88108 -1.60819
H: -2.60896 0.517999 -0.337139
69
gcm: 0.554979 0.881995 -1.59891
H: -2.60863 0.657891 -0.376141
70
gcm: 0.555389 0.882704 -1.58976
H: -2.1966 0.630116 -0.368656
71
gcm: 0.55603 0.883282 -1.58139
H: -1.37294 0.401512 -0.481981
72
gcm: 0.556757 0.883422 -1.57295
H: -1.59328 0.393909 -0.451349
73
gcm: 0.557209 0.883875 -1.56375
H: -0.622282 0.141136 -0.330152
74
gcm: 0.557636 0.884453 -1.55467
H: 0.627291 0.00986416 -0.625129
75
gcm: 0.558115 0.884694 -1.54584
H: 0.75771 0.377802 -0.802072
76
gcm: 0.558527 0.884095 -1.53688
H: -0.812494 0.461452 -0.937577
77
gcm: 0.559047 0.883901 -1.52792
H: -3.11729 0.289271 0.0930207
78
gcm: 0.559494 0.883584 -1.51922
H: -1.33566 0.21641 0.288802
79
gcm: 0.559792 0.883598 -1.51015
H: 0.602187 -0.119922 0.307467
80
gcm: 0.559953 0.884153 -1.50057
H: -1.82533 -0.634184 1.30956
81
gcm: 0.560078 0.884203 -1.49176
H: -2.33864 0.46022 -0.112702
82
gcm: 0.560255 0.883952 -1.48306
H: -0.450743 0.195108 0.0779973
83
gcm: 0.56026 0.883354 -1.47431
H: -0.501249 -0.00671632 0.63814
84
gcm: 0.560262 0.8831 -1.46488
H: -3.68726 0.410733 -0.191435
85
gcm: 0.560315 0.882582 -1.45567
H: 2.62652 -0.226819 0.939363
86
gcm: 0.560127 0.882287 -1.44724
H: 0.509007 0.169777 -0.633305
87
gcm: 0.560046 0.882671 -1.43842
H: -3.61937 0.479316 -0.706925
88
gcm: 0.560222 0.883098 -1.4298
H: -3.4652 0.371926 -0.0331975
89
gcm: 0.560152 0.883239 -1.42186
H: -2.13286 0.276881 -0.364113
90
gcm: 0.560124 0.88321 -1.41359
H: -2.25362 0.3696 -0.562429
91
gcm: 0.560157 0.883072 -1.40505
H: -2.27223 0.435334 -0.716705
92
gcm: 0.559459 0.882821 -1.39688
H: -1.03235 0.171716 -0.665664
93
gcm: 0.558926 0.883122 -1.38853
H: 0.367966 0.103775 -0.0151656
94
gcm: 0.559329 0.88391 -1.37993
H: -1.05481 0.18824 0.544764
95
gcm: 0.559686 0.88422 -1.37184
H: -1.71829 0.0989603 0.346274
96
gcm: 0.559582 0.884169 -1.3639
H: -0.800309 0.116565 0.254348
97
gcm: 0.559097 0.884228 -1.35612
H: -1.25206 0.185767 0.387921
98
gcm: 0.558596 0.884381 -1.34836
H: 0.252682 0.230625 0.36672
99
gcm: 0.55849 0.884453 -1.34037
H: 1.13246 0.241162 0.240981
100
gcm: 0.558696 0.884651 -1.33254
H: -2.06948 0.0882905 -0.0616322
101
gcm: 0.558618 0.885605 -1.32496
H: -2.21454 0.0378253 0.339889
102
gcm: 0.558128 0.886773 -1.31749
H: -0.316768 0.219843 0.281195
103
gcm: 0.558023 0.886903 -1.30991
H: -1.86218 0.190354 -0.111799
104
gcm: 0.558139 0.887166 -1.30228
H: -1.8286 0.167398 0.541956
105
gcm: 0.557771 0.88795 -1.2949
H: -0.62817 0.228733 0.188002
106
gcm: 0.557367 0.887434 -1.28773
H: -1.31003 0.148385 -0.740747
107
gcm: 0.557225 0.886446 -1.28062
H: -1.42859 0.0407659 -0.340867
108
gcm: 0.556341 0.886372 -1.27427
H: -1.47632 -0.165372 -0.749865
109
gcm: 0.556565 0.886749 -1.26682
H: -2.44581 0.14168 0.609054
110
gcm: 0.555561 0.886618 -1.25925
H: -1.60388 0.0502304 -0.0147829
111
gcm: 0.554292 0.886006 -1.25181
H: 1.20216 0.108338 -0.570544
112
gcm: 0.553634 0.885415 -1.24476
H: 1.45138 0.119086 -0.331461
113
gcm: 0.55307 0.884857 -1.23785
H: -0.480932 0.0144748 -0.111902
114
gcm: 0.552623 0.883734 -1.2306
H: -0.950969 -0.0440788 -0.610504
115
gcm: 0.552229 0.882335 -1.22331
H: -0.841538 -0.0775069 -0.149208
116
gcm: 0.55147 0.881097 -1.21639
H: -0.417691 0.0390498 0.031885
117
gcm: 0.550811 0.880069 -1.20937
H: 0.148025 0.0684928 -0.29344
118
gcm: 0.550351 0.87947 -1.20243
H: -0.180287 -0.124419 0.0509502
119
gcm: 0.54929 0.878764 -1.19584
H: -1.53761 -0.354559 -0.41558
120
gcm: 0.548131 0.877651 -1.1887
H: -2.299 -0.432538 -1.0192
121
gcm: 0.547563 0.875792 -1.18128
H: -0.209223 -0.0737322 -0.206202
122
gcm: 0.546904 0.874042 -1.17426
H: -0.114516 0.00124799 0.354091
123
gcm: 0.545754 0.873112 -1.16717
H: -0.0793805 -0.117962 0.372898
124
gcm: 0.544723 0.872181 -1.16002
H: 1.37216 0.130691 0.0131171
125
gcm: 0.544265 0.870864 -1.15271
H: 0.504567 0.0702177 0.261913
126
gcm: 0.543636 0.869181 -1.14536
H: 0.231558 0.0450174 0.471708
127
gcm: 0.542526 0.867579 -1.13776
H: 0.41534 0.170624 0.101839
128
gcm: 0.541614 0.866176 -1.13083
H: -1.05656 -0.303511 0.213662
129
gcm: 0.540745 0.864737 -1.12375
H: 0.664301 0.0353953 0.383291
130
gcm: 0.539908 0.862588 -1.11645
H: 2.2579 0.191243 0.476353
131
gcm: 0.53875 0.860439 -1.10938
H: 1.69241 -0.527628 -0.00152295
132
gcm: 0.53762 0.859479 -1.10203
H: 2.60434 -0.575518 -0.69547
133
gcm: 0.536373 0.859263 -1.09359
H: 3.59216 0.272251 0.19586
134
gcm: 0.534488 0.85903 -1.08526
H: 2.21828 0.357013 1.87351
135
gcm: 0.533092 0.858461 -1.07772
H: 1.52213 -0.209406 1.08651
136
gcm: 0.532231 0.857504 -1.0703
H: 1.16601 -0.348864 -0.00306917
137
gcm: 0.53105 0.856285 -1.06275
H: 1.09675 -0.0291187 0.277874
138
gcm: 0.529898 0.854655 -1.05504
H: 2.62251 0.762263 0.0271117
139
gcm: 0.528896 0.853842 -1.04691
H: 4.12544 0.860576 0.282333
140
gcm: 0.527558 0.853703 -1.03896
H: 3.29072 0.580349 0.419702
141
gcm: 0.526187 0.853864 -1.03148
H: 0.355889 -0.348438 0.0377732
142
gcm: 0.525112 0.854757 -1.02379
H: 0.784031 -0.90288 -0.10843
143
gcm: 0.523154 0.854934 -1.01654
H: 2.93929 1.46178 -0.00262444
144
gcm: 0.521615 0.85557 -1.00796
H: 2.75737 -0.0568763 -0.0816714
145
gcm: 0.520205 0.856519 -1.00043
H: 1.26393 0.185559 -0.292988
146
gcm: 0.518833 0.858164 -0.9933
H: 1.53167 0.282728 -0.715708
147
gcm: 0.517094 0.85961 -0.985573
H: 3.04166 0.632997 -0.482
148
gcm: 0.515287 0.861277 -0.97711
H: 3.17346 0.647822 0.362626
149
gcm: 0.513868 0.863506 -0.969044
H: 2.73678 0.994823 -0.118231
150
gcm: 0.512403 0.865844 -0.960982
H: 3.18847 0.480696 -0.69083
151
gcm: 0.511314 0.867847 -0.952639
H: 1.9155 0.8826 -0.409448
152
gcm: 0.509322 0.869885 -0.944475
H: 2.9101 0.732437 -0.385235
153
gcm: 0.50784 0.872476 -0.936274
H: 3.42873 0.891697 -0.89628
154
gcm: 0.506787 0.875265 -0.927915
H: -0.709348 0.0205315 0.103522
155
gcm: 0.50541 0.87814 -0.91946
H: -5.73993 -1.0172 1.26579
156
gcm: 0.504273 0.881113 -0.910529
H: -4.08662 -0.258268 0.571638
157
gcm: 0.503286 0.883866 -0.901598
H: -0.443051 0.824778 -0.544124
158
gcm: 0.50204 0.88649 -0.892827
H: -0.418685 0.276348 -1.0778
159
gcm: 0.501178 0.888495 -0.884106
H: -0.576123 0.133343 -0.438412
160
gcm: 0.499594 0.890177 -0.875497
H: -0.0861818 -0.0961214 0.637864
161
gcm: 0.498104 0.892357 -0.867224
H: -0.487676 0.166258 -0.179901
162
gcm: 0.496966 0.894524 -0.858812
H: 2.26121 1.26905 -1.43226
163
gcm: 0.495932 0.896392 -0.850269
H: 9.93715 3.00633 -3.00927
164
gcm: 0.494985 0.898496 -0.840372
H: -12.6621 -3.25137 3.47669
165
gcm: 0.493882 0.900134 -0.830975
H: -3.58117 -0.697524 0.552887
166
gcm: 0.492913 0.901266 -0.821896
H: 1.15714 0.441687 -0.45609
167
gcm: 0.49208 0.902226 -0.812586
H: 0.377337 0.119253 0.247473
168
gcm: 0.491553 0.903024 -0.802882
H: -1.52084 -0.577401 1.04589
169
gcm: 0.491233 0.903315 -0.788404
H: -1.1295 -0.466253 0.39056
170
gcm: 0.489736 0.90402 -0.783758
H: 0.157239 0.0828411 -0.620956
171
gcm: 0.488464 0.90458 -0.77767
H: 1.08141 0.176602 -0.789533
172
gcm: 0.488049 0.904664 -0.769368
H: 1.57044 0.196517 -0.504582
173
gcm: 0.487693 0.904144 -0.760009
H: 1.48485 0.276886 -0.75376
174
gcm: 0.487304 0.903988 -0.750163
H: 0.522987 0.229088 -0.888183
175
gcm: 0.487282 0.904116 -0.740098
H: -2.4557 -0.428384 0.104953
176
gcm: 0.487634 0.903502 -0.729297
H: -3.24923 -0.764657 0.711582
177
gcm: 0.488413 0.902384 -0.713621
H: -2.68332 -0.538194 1.027
178
gcm: 0.488544 0.902002 -0.70471
H: 0.145389 -0.214501 0.396511
179
gcm: 0.489582 0.901354 -0.696137
H: 1.79629 0.0863084 -0.530731
180
gcm: 0.488288 0.900928 -0.685593
H: -0.535176 0.147598 0.217016
181
gcm: 0.48692 0.901597 -0.684141
H: -2.03848 -0.72406 0.902873
182
gcm: 0.486886 0.900873 -0.676691
H: -0.48087 -0.232347 -0.255024
183
gcm: 0.487819 0.899517 -0.665532
H: 2.8114 0.482742 -1.18652
184
gcm: 0.488422 0.898762 -0.654743
H: 4.55549 0.667024 -1.91402
185
gcm: 0.489987 0.899244 -0.641228
H: -10.5477 -1.53336 3.97454
186
gcm: 0.488445 0.899922 -0.637909
H: 1.08749 0.0928308 -0.577862
187
gcm: 0.490196 0.89986 -0.624002
H: -0.595598 -0.0293302 -0.31027
188
gcm: 0.490766 0.899933 -0.611842
H: 0.715755 -0.053366 -0.572413
189
gcm: 0.491097 0.900277 -0.602119
H: -3.09512 -0.348067 -0.654768
190
gcm: 0.491423 0.899943 -0.594443
H: -4.01618 -0.259555 -0.186064
191
gcm: 0.491168 0.899893 -0.588886
H: 0.328979 -0.383378 1.7957
192
gcm: 0.490665 0.900559 -0.583294
H: -0.0238013 -0.469594 1.68987
193
gcm: 0.491131 0.900373 -0.574976
H: -1.376 0.0446919 -0.654628
194
gcm: 0.492556 0.899833 -0.563713
H: 0.114774 -0.547102 0.0682314
195
gcm: 0.492736 0.90003 -0.555723
H: -0.261903 -0.320109 0.113787
196
gcm: 0.494926 0.900305 -0.543851
H: -0.749028 -0.783296 0.0333407
197
gcm: 0.494398 0.900055 -0.538102
H: -0.0535041 0.0151061 0.18147
198
gcm: 0.496108 0.900496 -0.527266
H: -1.23137 -0.227602 0.923415
199
gcm: 0.495753 0.901285 -0.520788
H: -1.97593 -0.143915 0.0961087
200
gcm: 0.496171 0.901416 -0.513497
H: -1.7213 -0.198395 -0.658754
201
gcm: 0.497237 0.901359 -0.505567
H: -1.04493 -0.268874 0.0819626
202
gcm: 0.498441 0.900992 -0.497444
H: -2.6565 -0.145471 0.881138
203
gcm: 0.499201 0.900603 -0.489628
H: -1.0398 -0.112511 0.206347
204
gcm: 0.499782 0.900642 -0.48184
H: 0.521902 -0.146842 -0.226138
205
gcm: 0.500603 0.901421 -0.473793
H: -3.24109 0.165031 0.226814
206
gcm: 0.501516 0.901492 -0.465898
H: -2.16856 0.132133 0.999039
207
gcm: 0.502107 0.901436 -0.458408
H: 1.348 -0.35855 0.604237
208
gcm: 0.502725 0.901365 -0.451176
H: 0.245544 0.00418282 -0.573921
209
gcm: 0.503529 0.901059 -0.444185
H: -0.0756622 0.14602 0.592908
210
gcm: 0.504526 0.900557 -0.436363
H: -0.572369 0.0648957 0.840109
211
gcm: 0.505676 0.899923 -0.428547
H: -1.01486 -0.125193 0.311825
212
gcm: 0.507048 0.899369 -0.420073
H: 0.0329043 -0.648474 -0.581433
213
gcm: 0.508323 0.899278 -0.411656
H: 1.21244 -1.07447 -1.40127
214
gcm: 0.509387 0.898765 -0.404427
H: 0.0729281 -0.0172527 -0.228024
215
gcm: 0.510648 0.898238 -0.396412
H: -4.72006 0.561733 1.2288
216
gcm: 0.512097 0.896894 -0.388713
H: -3.73776 0.589533 0.888301
217
gcm: 0.513473 0.895035 -0.381416
H: 3.67031 0.032264 -0.525766
218
gcm: 0.515102 0.892914 -0.373578
H: 6.73702 -0.289468 -1.16558
219
gcm: 0.516834 0.891072 -0.365309
H: 2.83904 -0.118136 -1.09506
220
gcm: 0.518543 0.8888 -0.357469
H: 0.491864 -0.230443 -0.789159
221
gcm: 0.519915 0.887474 -0.350169
H: 0.304149 -0.0080851 -0.320959
222
gcm: 0.521691 0.885684 -0.341872
H: -1.57071 0.20316 0.592001
223
gcm: 0.523305 0.883499 -0.33318
H: -1.11934 0.0742625 1.31025
224
gcm: 0.524383 0.882367 -0.325307
H: 0.910751 0.0909413 0.799077
225
gcm: 0.525371 0.882867 -0.317794
H: 2.65831 0.304684 -0.577508
226
gcm: 0.526998 0.882195 -0.309271
H: 5.05743 0.0458631 -2.18595
227
gcm: 0.529313 0.880765 -0.30003
H: 2.84218 -0.236053 -1.43161
228
gcm: 0.531751 0.878104 -0.291631
H: 2.10329 -0.347248 0.00198553
229
gcm: 0.533738 0.87715 -0.283651
H: 4.52486 -0.370723 0.210605
230
gcm: 0.535617 0.87648 -0.274659
H: 2.33243 -0.455518 -0.432789
231
gcm: 0.537606 0.87534 -0.266147
H: 3.20894 -0.294496 -0.571912
232
gcm: 0.53938 0.874547 -0.258438
H: 2.10543 -0.0542608 -1.1906
233
gcm: 0.541277 0.874254 -0.24895
H: 0.315924 0.0723539 -0.597329
234
gcm: 0.542851 0.874256 -0.240648
H: 0.668488 0.122367 -0.209773
235
gcm: 0.544584 0.874313 -0.231554
H: 2.13541 0.0501484 -0.123402
236
gcm: 0.546355 0.874714 -0.222036
H: 3.44699 -0.349065 -0.000354154
237
gcm: 0.548338 0.875298 -0.213642
H: 3.42113 -0.504242 0.161869
238
gcm: 0.550225 0.875649 -0.205733
H: 1.38388 -0.430237 0.24885
239
gcm: 0.552337 0.876036 -0.196709
H: -0.622496 -0.246632 0.570989
240
gcm: 0.554344 0.876187 -0.187983
H: 0.559886 0.027093 0.275592
241
gcm: 0.556157 0.876284 -0.178863
H: 2.6895 -0.405193 0.374816
242
gcm: 0.558058 0.876861 -0.169547
H: 4.89498 -0.691436 0.412237
243
gcm: 0.559883 0.878308 -0.160837
H: 3.6138 -0.458881 0.255835
244
gcm: 0.561687 0.880232 -0.152398
H: -0.13159 -0.0821778 -0.0906964
245
gcm: 0.563571 0.881784 -0.143759
H: 0.133391 -0.299658 0.309955
246
gcm: 0.564902 0.882996 -0.134555
H: 3.0327 -0.464885 0.405118
247
gcm: 0.566943 0.885042 -0.126064
H: 3.29916 -0.692403 -0.749596
248
gcm: 0.568955 0.886487 -0.116138
H: 2.62749 -0.667582 -0.0578146
249
gcm: 0.570918 0.88808 -0.106539
H: -0.21407 0.169405 0.510095
250
gcm: 0.572327 0.890193 -0.0963103
H: -0.483002 -0.328685 0.59234
251
gcm: 0.573797 0.891749 -0.0863152
H: -0.262516 -0.141102 0.527359
252
gcm: 0.57491 0.893519 -0.0770794
H: -0.915117 -0.00209494 0.498562
253
gcm: 0.575651 0.895977 -0.068064
H: 0.526441 -0.346378 0.24119
254
gcm: 0.576653 0.898174 -0.0582352
H: -0.0936239 -0.213067 -0.129689
255
gcm: 0.577847 0.899644 -0.0479442
H: -0.771627 -0.0821388 0.539006
256
gcm: 0.578435 0.901027 -0.0382948
H: 0.039317 -0.270855 1.40315
257
gcm: 0.579106 0.902574 -0.0291056
H: 0.650949 -0.454384 0.80918
258
gcm: 0.580034 0.904155 -0.0189107
H: -1.50326 0.286436 0.294335
259
gcm: 0.580876 0.905738 -0.00861712
H: -2.2226 0.340091 0.542775
260
gcm: 0.581604 0.907533 0.00141684
H: -0.668818 -0.0593133 0.499422
261
gcm: 0.582315 0.91005 0.0116288
H: -1.89209 0.381835 -0.221678
262
gcm: 0.582754 0.911112 0.0215978
H: -1.57257 0.409822 -0.290151
263
gcm: 0.583282 0.912053 0.0317254
H: -0.332193 0.155231 -0.170874
264
gcm: 0.584128 0.913113 0.0417736
H: -0.331614 0.154062 -0.61093
265
gcm: 0.584845 0.913619 0.0518188
H: -0.375446 0.136396 -0.177246
266
gcm: 0.585249 0.913101 0.0621729
H: -2.14533 0.424181 0.14612
267
gcm: 0.585979 0.914035 0.0723456
H: -4.62033 0.705432 -0.49501
268
gcm: 0.58685 0.915828 0.0823748
H: -2.65828 0.507999 -0.119775
269
gcm: 0.587587 0.916503 0.092388
H: 0.936528 0.0721465 0.266898
270
gcm: 0.587614 0.916829 0.102564
H: 0.977759 -0.157758 -0.155424
271
gcm: 0.587644 0.916213 0.112317
H: -2.00121 0.075484 -0.531623
272
gcm: 0.587992 0.915862 0.12201
H: -3.16175 0.436563 -0.0314228
273
gcm: 0.588387 0.91582 0.1324
H: -3.0264 0.475905 0.132175
274
gcm: 0.588721 0.915827 0.142073
H: -1.44344 0.192535 -0.177351
275
gcm: 0.589237 0.91532 0.152012
H: 1.41251 0.0445368 -0.142851
276
gcm: 0.589633 0.914824 0.162175
H: 0.47046 0.146143 -0.53466
277
gcm: 0.58966 0.914469 0.171674
H: -1.07118 0.184406 -0.329968
278
gcm: 0.589794 0.914505 0.180966
H: 0.308883 0.0780783 0.305586
279
gcm: 0.590215 0.91486 0.191172
H: 0.0311715 0.307398 0.534792
280
gcm: 0.590569 0.915353 0.201215
H: -1.69716 0.225286 0.408757
281
gcm: 0.590736 0.916064 0.210136
H: -1.69154 -0.194473 0.0552924
282
gcm: 0.590638 0.916885 0.219078
H: -1.47171 0.0213869 -0.0866555
283
gcm: 0.590674 0.917778 0.228967
H: -2.70313 0.370149 -0.169187
284
gcm: 0.591006 0.918553 0.239256
H: -3.44354 0.231832 -0.050627
285
gcm: 0.590964 0.918785 0.248944
H: -2.09383 0.194923 0.365951
286
gcm: 0.590571 0.918488 0.257613
H: -2.02421 0.349821 -0.122115
287
gcm: 0.591373 0.919337 0.266996
H: -2.09993 0.224892 -0.232546
288
gcm: 0.591595 0.920498 0.276006
H: -1.01426 0.235494 0.126481
289
gcm: 0.591499 0.920336 0.285075
H: -0.911547 0.280092 0.316016
290
gcm: 0.591517 0.920348 0.293794
H: 0.611494 0.336625 0.745171
291
gcm: 0.591603 0.921226 0.302518
H: 1.40048 0.31392 0.958022
292
gcm: 0.591542 0.922592 0.311065
H: -2.46307 0.143745 0.313783
293
gcm: 0.590956 0.923791 0.319426
H: -2.2418 -0.0321296 -0.600137
294
gcm: 0.590779 0.924194 0.327896
H: 0.159952 0.342216 -0.680583
295
gcm: 0.591017 0.924248 0.337051
H: 0.198617 0.842531 -0.176379
296
gcm: 0.590811 0.924342 0.345532
H: -2.23028 0.411874 -0.318939
297
gcm: 0.590516 0.924612 0.353403
H: -2.86964 -0.0829116 -0.0524166
298
gcm: 0.590244 0.925622 0.361374
H: 0.224615 0.078848 1.02221
299
gcm: 0.590092 0.926948 0.369475
H: 0.458299 0.223464 0.995549
300
gcm: 0.589708 0.927873 0.377364
H: -1.52295 -0.00896668 -1.14273
301
gcm: 0.589311 0.927999 0.385549
H: -2.98901 -0.0768368 -2.28076
302
gcm: 0.589503 0.927622 0.39426
H: -2.87759 0.269491 -1.01272
303
gcm: 0.589245 0.927493 0.402151
H: -1.08916 -0.594954 -0.849972
304
gcm: 0.588716 0.927008 0.410205
H: -0.957319 -0.268638 -0.90872
305
gcm: 0.587966 0.926054 0.418072
H: -0.163712 -0.0004971 -0.696611
306
gcm: 0.587314 0.924858 0.425508
H: 0.13682 0.126695 0.133871
307
gcm: 0.586747 0.92372 0.433142
H: -0.668758 0.0757694 0.368929
308
gcm: 0.586001 0.922639 0.441405
H: -0.793782 0.190253 0.464982
309
gcm: 0.585063 0.921101 0.449759
H: 1.55308 0.48736 0.238577
310
gcm: 0.583791 0.919804 0.458141
H: 1.31816 0.337517 0.892784
311
gcm: 0.582745 0.918399 0.466542
H: 0.216819 0.220656 1.79934
312
gcm: 0.582467 0.91632 0.47501
H: -0.350907 0.422542 2.06203
313
gcm: 0.582103 0.914146 0.483274
H: -2.28019 -0.0513415 0.919742
314
gcm: 0.581266 0.91184 0.491452
H: 2.14754 0.249218 -0.627417
315
gcm: 0.580406 0.909927 0.499933
H: 6.80765 1.25158 1.3358
316
gcm: 0.579545 0.90859 0.508317
H: -3.93911 -0.00717984 0.358543
317
gcm: 0.578682 0.906529 0.516578
H: -1.97844 -0.362549 -0.907715
318
gcm: 0.578356 0.904662 0.525331
H: 1.2149 -0.0751311 -0.124238
319
gcm: 0.577983 0.903284 0.534831
H: 3.57155 0.318803 1.05547
320
gcm: 0.576512 0.90187 0.544667
H: 1.38392 0.0997807 1.98055
321
gcm: 0.57543 0.90095 0.554013
H: 0.67668 0.133463 2.06903
322
gcm: 0.574359 0.899887 0.562939
H: 2.32539 0.196104 0.958314
323
gcm: 0.572918 0.898345 0.571898
H: 1.73127 0.00979385 0.74814
324
gcm: 0.571739 0.897227 0.581002
H: 1.8225 0.245815 0.733474
325
gcm: 0.570885 0.896405 0.590102
H: 3.52703 0.597165 0.0329856
326
gcm: 0.570014 0.895322 0.59876
H: 3.49033 0.509121 -0.366264
327
gcm: 0.569102 0.894156 0.607133
H: 3.09164 0.332491 -0.0688097
328
gcm: 0.56815 0.893173 0.615869
H: 3.88694 0.389085 0.208673
329
gcm: 0.566907 0.8926 0.624858
H: 2.63822 0.0516917 0.072824
330
gcm: 0.565849 0.892633 0.633692
H: 1.53851 0.109134 -0.145664
331
gcm: 0.565838 0.8926 0.643391
H: 3.60979 0.263965 -0.354916
332
gcm: 0.565522 0.892646 0.652174
H: 5.49141 1.29814 -1.03755
333
gcm: 0.564899 0.893286 0.660855
H: 3.3962 0.36942 -0.778332
334
gcm: 0.564243 0.894311 0.669589
H: 1.06824 0.0149851 -0.0546283
335
gcm: 0.563821 0.89565 0.678462
H: 3.29534 0.441558 -0.543952
336
gcm: 0.563827 0.897032 0.687638
H: 2.99381 0.635104 -1.12027
337
gcm: 0.563688 0.898347 0.696743
H: 1.25426 0.471092 -0.656911
338
gcm: 0.563259 0.899625 0.705688
H: 1.21588 0.140086 -0.263234
339
gcm: 0.563133 0.900793 0.714214
H: 0.674292 -0.0541296 -0.364097
340
gcm: 0.562713 0.902051 0.723028
H: 1.63772 0.571361 -0.541299
341
gcm: 0.562938 0.903907 0.732312
H: 1.72729 0.889164 -0.710391
342
gcm: 0.563408 0.906031 0.741465
H: -0.798555 0.163095 -0.473471
343
gcm: 0.563926 0.908166 0.749668
H: -0.155223 -0.202412 -0.616856
344
gcm: 0.564072 0.909795 0.756755
H: 3.1966 0.156386 -0.735347
345
gcm: 0.564082 0.910945 0.765172
H: 2.3484 0.433624 -0.395877
346
gcm: 0.565035 0.913155 0.77613
H: -0.118043 0.327683 -0.393406
347
gcm: 0.565143 0.914508 0.785412
H: 1.61252 0.301359 0.582043
348
gcm: 0.565238 0.915652 0.794228
H: 1.19378 0.120668 0.806936
349
gcm: 0.564969 0.91678 0.802856
H: -2.06774 -0.246729 -0.195519
350
gcm: 0.564978 0.917872 0.811931
H: -1.20655 -0.0999888 -0.767483
351
gcm: 0.565541 0.919082 0.821707
H: -8.23176 -2.07517 1.82061
352
gcm: 0.566141 0.920559 0.830257
H: 5.85609 1.59467 -2.26243
353
gcm: 0.566661 0.922165 0.838973
H: -0.648887 -0.19533 -0.290324
354
gcm: 0.566803 0.923305 0.847828
H: -1.45905 -0.482912 0.42744
355
gcm: 0.567086 0.923699 0.856662
H: -2.32426 -0.332838 0.139967
356
gcm: 0.567539 0.924185 0.866178
H: -1.62253 -0.0985362 -0.278873
357
gcm: 0.567811 0.92465 0.875232
H: -1.26217 -0.462831 0.092347
358
gcm: 0.568043 0.924497 0.883482
H: -0.903704 -0.394239 0.113762
359
gcm: 0.568531 0.92457 0.892457
H: -0.12896 0.0110131 -0.269303
360
gcm: 0.569143 0.925027 0.902441
H: -0.802553 -0.192622 -0.442003
361
gcm: 0.56988 0.924877 0.909959
H: -1.84274 -0.604487 -0.0470246
362
gcm: 0.570538 0.924574 0.918193
H: -2.15737 -0.401023 -0.12555
363
gcm: 0.57104 0.924562 0.927209
H: -1.18052 -0.350127 -0.401103
364
gcm: 0.5713 0.924195 0.937289
H: 0.530092 -0.33575 0.350525
365
gcm: 0.571887 0.923895 0.94664
H: 0.656571 -0.082273 0.702313
366
gcm: 0.572337 0.923771 0.954705
H: -3.60535 -0.187039 0.0451016
367
gcm: 0.57272 0.924 0.963423
H: -4.11202 -0.233819 -0.899777
368
gcm: 0.573514 0.924374 0.9723
H: 1.04704 0.111491 -1.65157
369
gcm: 0.573983 0.924608 0.980951
H: 1.11413 -0.0474838 -0.643442
370
gcm: 0.574163 0.924853 0.989573
H: -1.34181 -0.382011 0.513985
371
gcm: 0.574609 0.925006 0.998104
H: 0.224242 -0.239264 0.309973
372
gcm: 0.575124 0.92525 1.00693
H: 0.0910081 -0.17849 0.341403
373
gcm: 0.575418 0.925893 1.01553
H: -3.25751 -0.31564 0.072369
374
gcm: 0.57595 0.926989 1.02377
H: -2.15523 -0.323566 -0.0822502
375
gcm: 0.576612 0.927745 1.03229
H: 1.66704 -0.24964 0.738941
376
gcm: 0.576943 0.928445 1.04104
H: -2.55071 -0.304463 0.179937
377
gcm: 0.577317 0.929295 1.04978
H: -3.2833 -0.406276 0.246066
378
gcm: 0.577237 0.928902 1.05835
H: -3.97656 -0.268082 -0.183262
379
gcm: 0.577769 0.928225 1.0657
H: 0.766396 -0.179073 1.48767
380
gcm: 0.577929 0.928016 1.07363
H: -2.5747 -0.0459856 -0.560085
381
gcm: 0.57821 0.928768 1.08207
H: -2.09417 -0.255 -0.52317
382
gcm: 0.578584 0.929012 1.09003
H: -1.78183 -0.339567 -0.393617
383
gcm: 0.579057 0.929038 1.09748
H: -0.458681 -0.243875 -0.371044
384
gcm: 0.579738 0.929646 1.10579
H: 1.20103 -0.167063 0.496903
385
gcm: 0.580188 0.930596 1.1142
H: 1.02223 -0.277117 0.617198
386
gcm: 0.58028 0.930878 1.1219
H: -0.204602 -0.19955 0.16462
387
gcm: 0.580751 0.930911 1.13022
H: 0.100292 0.151452 -0.0821355
388
gcm: 0.58135 0.931145 1.13893
H: 1.26093 0.00084508 -0.169184
389
gcm: 0.581547 0.931079 1.14674
H: -1.64129 -0.108151 0.718614
390
gcm: 0.581804 0.930442 1.15437
H: -5.01705 0.181269 1.11192
391
gcm: 0.582071 0.930263 1.16219
H: -2.26557 0.0575084 -0.0396221
392
gcm: 0.582396 0.930833 1.16965
H: 1.87791 -0.356086 -0.0542761
393
gcm: 0.583363 0.931089 1.17635
H: 4.44128 -0.0945295 1.1488
394
gcm: 0.583242 0.930661 1.18389
H: 1.27116 -0.166187 1.31067
395
gcm: 0.583525 0.930083 1.19206
H: -2.784 0.112542 1.19923
396
gcm: 0.584242 0.929151 1.20009
H: -2.12807 0.290924 0.283797
397
gcm: 0.585156 0.929369 1.20754
H: 1.31795 -0.0351347 -1.19189
398
gcm: 0.585639 0.92872 1.21464
H: 3.43981 0.088406 0.11622
399
gcm: 0.585768 0.92799 1.22204
H: -1.18286 0.0675841 0.415641
400
gcm: 0.586702 0.927058 1.22939
H: -1.28917 0.00178126 -0.885425
401
gcm: 0.587952 0.926203 1.23718
H: 1.08837 -0.586614 -0.74968
402
gcm: 0.588516 0.924993 1.24508
H: 0.180796 -0.0817463 0.442532
403
gcm: 0.589202 0.92335 1.25296
H: 1.27782 -0.0382749 0.103405
404
gcm: 0.590312 0.92154 1.26008
H: 1.77288 0.109853 0.0165889
405
gcm: 0.591303 0.919122 1.26764
H: -1.59807 -0.19349 -0.972648
406
gcm: 0.592348 0.917163 1.27525
H: -0.889398 0.320732 -0.805185
407
gcm: 0.593903 0.915517 1.28309
H: 0.761945 -0.271773 -0.591148
408
gcm: 0.594294 0.913452 1.29139
H: 1.67938 -0.506096 -0.705997
409
gcm: 0.595938 0.911996 1.29798
H: 3.30167 0.157649 0.0236901
410
gcm: 0.597403 0.911662 1.30601
H: 1.68046 0.0304072 0.352608
411
gcm: 0.598462 0.91227 1.3131
H: 2.55543 -0.122305 0.0593024
412
gcm: 0.600239 0.91182 1.32215
H: 3.84364 -0.277134 -0.155588
413
gcm: 0.602136 0.911323 1.3308
H: 3.14605 -0.252366 0.0219773
414
gcm: 0.603732 0.910316 1.33907
H: 3.46585 -0.0518559 -0.246804
415
gcm: 0.605277 0.909308 1.34756
H: 6.83084 -0.482249 -1.28836
416
gcm: 0.60682 0.907779 1.35591
H: 5.67668 -0.3429 -1.15861
417
gcm: 0.608047 0.907594 1.36423
H: 1.22157 -0.559765 -0.422135
418
gcm: 0.608732 0.9072 1.37113
H: 2.50367 -0.732991 0.0776225
419
gcm: 0.609895 0.906636 1.37986
H: 2.41011 -0.069907 -0.701269
420
gcm: 0.61169 0.90642 1.38789
H: -0.35378 0.313327 -0.670495
421
gcm: 0.61308 0.906627 1.39585
H: 4.32845 -0.93525 1.02675
422
gcm: 0.614079 0.907944 1.40421
H: 13.1114 -2.8143 3.02808
423
gcm: 0.615991 0.909051 1.41193
H: -1.92671 0.735462 -1.46562
424
gcm: 0.617508 0.910068 1.42022
H: -1.90061 0.444831 -0.113467
425
gcm: 0.61919 0.91102 1.43094
H: 2.91315 -0.503355 0.226832
426
gcm: 0.62079 0.912462 1.43979
H: 2.83816 -0.54187 -0.520497
427
gcm: 0.622204 0.914063 1.44768
H: -1.84851 0.43876 -1.23683
428
gcm: 0.623212 0.915427 1.45484
H: 1.98502 -0.416492 0.206049
429
gcm: 0.624144 0.917002 1.4617
H: 7.81267 -2.06414 2.47869
430
gcm: 0.625522 0.918746 1.46953
H: 2.70171 -0.979228 1.65777
431
gcm: 0.626886 0.92048 1.47916
H: -2.70752 0.418735 -0.19636
432
gcm: 0.627476 0.922149 1.48513
H: 0.360501 -0.12339 0.122962
433
gcm: 0.62889 0.923474 1.49751
H: 0.967321 -0.422074 0.401168
434
gcm: 0.628916 0.923172 1.50592
H: -2.41422 0.368938 -0.154774
435
gcm: 0.631523 0.927278 1.51747
H: -0.324733 -0.114141 -0.441027
436
gcm: 0.633052 0.929115 1.5279
H: 1.23647 -0.720998 0.903923
437
gcm: 0.632078 0.929884 1.53637
H: -1.47478 0.111479 1.60642
438
gcm: 0.631967 0.930813 1.54316
H: -1.88778 0.617224 0.673068
439
gcm: 0.634111 0.933066 1.55568
H: -2.7464 -0.147976 -0.115582
440
gcm: 0.63418 0.933934 1.56265
H: 0.331392 -0.472875 0.650412
441
gcm: 0.637068 0.937474 1.57255
H: -1.20772 0.112006 -0.41412
442
gcm: 0.638591 0.939108 1.58478
H: -0.853427 0.468716 -1.54799
443
gcm: 0.638943 0.941124 1.5971
H: -1.41323 0.682378 -1.05888
444
gcm: 0.638635 0.940646 1.60238
H: -2.51585 0.376982 0.493883
445
gcm: 0.638713 0.943141 1.61262
H: 1.20491 0.0969263 -0.740139
446
gcm: 0.638996 0.943377 1.62237
H: -3.96846 0.607639 0.543694
447
gcm: 0.640339 0.943218 1.63397
H: -4.6077 0.703716 0.13516
448
gcm: 0.64099 0.943593 1.64333
H: -1.86326 0.43921 -0.358284
449
gcm: 0.641061 0.944158 1.65151
H: -1.75841 0.46798 -0.419024
450
gcm: 0.642005 0.944803 1.66341
H: -2.20358 0.778792 -0.831249
451
gcm: 0.642953 0.945259 1.67367
H: -1.1049 -0.248699 -0.21506
452
gcm: 0.643439 0.945822 1.68363
H: 0.176777 -0.0221695 0.129658
453
gcm: 0.643619 0.946492 1.69374
H: -0.241008 0.332843 0.05476
454
gcm: 0.643767 0.946397 1.70307
H: -1.59956 0.308856 0.134335
455
gcm: 0.644328 0.945664 1.71261
H: -1.6723 0.281505 -0.161488
456
gcm: 0.644724 0.944757 1.72247
H: -0.88322 0.240257 0.283513
457
gcm: 0.644795 0.944194 1.7316
H: 1.06762 -0.0645409 0.0618259
458
gcm: 0.645469 0.943877 1.74162
H: -0.364324 0.315413 0.22815
459
gcm: 0.645731 0.944391 1.75257
H: -2.92416 0.568782 -0.458003
460
gcm: 0.645453 0.945402 1.76056
H: -1.29876 0.264519 -0.695705
461
gcm: 0.646029 0.94583 1.76959
H: -0.48335 0.291483 0.219064
462
gcm: 0.646297 0.946809 1.77934
H: -0.108509 0.360178 0.413255
463
gcm: 0.646104 0.948009 1.78894
H: 0.204678 0.233381 0.726447
464
gcm: 0.646558 0.94791 1.79851
H: -1.071 -0.238248 0.551378
465
gcm: 0.646747 0.947815 1.80718
H: -2.15615 0.622086 0.525525
466
gcm: 0.64648 0.948151 1.81684
H: -2.34822 -0.052953 0.102701
467
gcm: 0.646732 0.94987 1.8238
H: -0.0150648 -1.67416 -1.34007
468
gcm: 0.647358 0.950719 1.83373
H: 0.0367201 0.191056 0.124613
469
gcm: 0.647579 0.95015 1.84163
H: -0.634506 0.197471 0.204051
470
gcm: 0.646944 0.950516 1.85095
H: -3.23538 0.487463 0.0265463
471
gcm: 0.646793 0.951733 1.86071
H: -1.54251 0.708036 0.209334
472
gcm: 0.647138 0.952166 1.87018
H: -0.534365 -0.115768 0.319391
473
gcm: 0.647084 0.952575 1.87822
H: -0.899424 0.435105 0.443084
474
gcm: 0.647202 0.95367 1.88522
H: 0.819342 0.147755 -0.563155
475
gcm: 0.647539 0.954596 1.89326
H: 0.096493 0.36819 -0.418398
476
gcm: 0.647372 0.954293 1.90213
H: -0.922128 0.428895 0.393044
477
gcm: 0.646777 0.953238 1.91247
H: -1.8789 0.334027 1.04586
478
gcm: 0.646781 0.953961 1.91974
H: -0.100689 0.098495 0.948024
479
gcm: 0.646607 0.954613 1.92751
H: 1.16805 0.145313 0.361707
480
gcm: 0.646417 0.954929 1.93522
H: -1.85479 0.125849 -0.0179386
481
gcm: 0.646535 0.955006 1.9427
H: -3.65223 -0.0146249 -0.907994
482
gcm: 0.646814 0.95497 1.9502
H: -1.05953 0.244323 0.507831
483
gcm: 0.646867 0.954734 1.95837
H: -1.23964 -0.0144422 0.599816
484
gcm: 0.646256 0.95431 1.96739
H: -3.05374 -0.056193 -0.820473
485
gcm: 0.645728 0.954111 1.97511
H: -1.05157 -0.126106 -0.316879
486
gcm: 0.64582 0.954124 1.98117
H: -1.32198 -0.048015 -0.127712
487
gcm: 0.645754 0.953731 1.9881
H: -0.898462 0.135179 0.00809164
488
gcm: 0.645216 0.952922 1.99496
H: -0.837955 -0.0505201 0.22266
489
gcm: 0.64438 0.951859 2.00194
H: 1.32326 0.295964 1.14727
490
gcm: 0.644158 0.950912 2.00996
H: 9.99465 1.77057 2.6574
491
gcm: 0.644164 0.949712 2.01794
H: 0.344209 -0.0251043 -0.310746
492
gcm: 0.643701 0.947562 2.0254
H: -1.70486 -0.309934 -1.29119
493
gcm: 0.642765 0.946223 2.03391
H: -2.48657 -0.388023 0.0314133
494
gcm: 0.640989 0.943642 2.04117
H: -19.6461 -3.15532 -3.81875
495
gcm: 0.639749 0.94242 2.04926
H: -0.737261 0.25753 0.416729
496
gcm: 0.63914 0.940978 2.05647
H: 2.50324 0.463048 -0.737727
497
gcm: 0.638033 0.938893 2.06479
H: 1.10368 0.119621 -0.392558
498
gcm: 0.636782 0.934829 2.07097
H: -1.47315 -0.303944 0.436141
499
gcm: 0.634856 0.932932 2.07755
H: 0.269668 -0.0711762 -0.343187
500
gcm: 0.633353 0.931106 2.08496
H: 0.95044 0.266228 -0.164973
501
gcm: 0.632713 0.927818 2.0926
H: 1.38458 0.270306 -0.391494
502
gcm: 0.632326 0.924976 2.09983
H: 0.469174 -0.188539 -0.210103
503
gcm: 0.631225 0.924504 2.10801
H: -2.08817 -0.696002 0.695232
504
gcm: 0.629286 0.924457 2.11569
H: -1.65718 -0.455266 0.695618
505
gcm: 0.628362 0.923164 2.12304
H: 0.21774 -0.0758753 -0.313251
506
gcm: 0.626274 0.922454 2.13137
H: -0.523529 -0.131327 -0.274592
507
gcm: 0.624771 0.921041 2.13924
H: -1.23688 -0.20759 0.568067
508
gcm: 0.624178 0.919991 2.1467
H: -0.837814 -0.179418 0.34468
509
gcm: 0.62227 0.919697 2.15429
H: 0.448343 0.00550941 -0.200441
510
gcm: 0.621076 0.919459 2.16201
H: 2.49157 0.292064 -0.410111
511
gcm: 0.619008 0.918764 2.16954
H: 1.71826 0.690419 -0.133508
512
gcm: 0.61756 0.917957 2.17557
H: 1.91392 0.254614 -0.893443
513
gcm: 0.616196 0.917727 2.18057
H: 1.40534 -0.425895 -0.681775
514
gcm: 0.616005 0.917574 2.18867
H: 2.58219 0.584011 -0.496166
515
gcm: 0.614005 0.917351 2.19595
H: 4.57336 1.11339 -1.76144
516
gcm: 0.61415 0.916934 2.20762
H: 3.36849 0.576868 0.113146
516
gcm: 0.61415 0.916934 2.20762
H: 0 0 0
