:metadata
 
Skeleton: /Network/Servers/duerer/Volumes/duerer/laturnus/workspace/new_acm/asf/07-walk.asf
Motion: /Network/Servers/duerer/Volumes/duerer/laturnus/workspace/new_acm/amc/07_05-walk.amc
Mass Distribution: /Network/Servers/duerer/Volumes/duerer/laturnus/workspace/new_acm/amd/middle sized military aviator(1988)_point.amd
 
Inital skeleton translation: 0 0 0
Initial skeleton rotation: 0 0 0
 
:data
1
gcm: 0.461741 0.994107 -2.16588
H: -4.62182 -1.31429 -1.09365
2
gcm: 0.46184 0.9936 -2.15932
H: -4.03516 -1.10922 -0.142919
3
gcm: 0.461411 0.99335 -2.15265
H: -4.23584 -0.707386 0.564029
4
gcm: 0.46175 0.993346 -2.14529
H: -3.42568 -0.869377 0.223961
5
gcm: 0.462454 0.993474 -2.13787
H: -4.10585 -1.09843 -0.465018
6
gcm: 0.463153 0.994137 -2.13064
H: -4.81694 -1.07931 -0.270549
7
gcm: 0.463561 0.994005 -2.12362
H: -20.8842 0.364713 -5.56102
8
gcm: 0.463942 0.992956 -2.11662
H: -3.07509 -0.685698 -0.128897
9
gcm: 0.464122 0.992892 -2.10951
H: -3.56363 -0.647238 0.436291
10
gcm: 0.464416 0.993198 -2.1024
H: -4.42657 -0.538508 0.423648
11
gcm: 0.46504 0.992894 -2.09518
H: -4.10188 -0.530324 0.0509164
12
gcm: 0.465579 0.992929 -2.08784
H: -2.02976 -0.382072 1.29559
13
gcm: 0.465865 0.992594 -2.08067
H: -3.15483 -0.216795 0.920045
14
gcm: 0.46603 0.991442 -2.07348
H: -3.45094 -0.0920832 1.5847
15
gcm: 0.466636 0.990532 -2.06592
H: -1.73308 -0.314009 1.37124
16
gcm: 0.467346 0.989846 -2.05848
H: -2.12046 -0.3527 0.822286
17
gcm: 0.46787 0.989702 -2.05109
H: -1.92196 0.0853247 1.27751
18
gcm: 0.467926 0.990136 -2.04335
H: -0.617002 0.336459 1.08252
19
gcm: 0.46659 0.990293 -2.03779
H: -4.27928 0.793282 1.94433
20
gcm: 0.467594 0.989873 -2.03027
H: -1.39858 -0.346484 -0.15042
21
gcm: 0.470666 0.988977 -2.02098
H: 0.885077 -1.35723 -2.47034
22
gcm: 0.469344 0.988674 -2.01611
H: -5.59978 1.28932 3.76609
23
gcm: 0.473294 0.986659 -2.00562
H: 1.12715 -2.01686 -4.53363
24
gcm: 0.473347 0.986963 -1.99725
H: 3.04007 0.887455 1.79806
25
gcm: 0.475697 0.986679 -1.9894
H: -0.527329 -1.25009 -2.15035
26
gcm: 0.476289 0.98594 -1.98143
H: 1.40943 -0.00735032 0.717025
27
gcm: 0.477223 0.984303 -1.97336
H: 2.15887 -0.140828 -0.142513
28
gcm: 0.478956 0.984172 -1.96421
H: -4.01462 0.585908 -3.26646
29
gcm: 0.480873 0.983895 -1.95518
H: 4.07286 -0.130317 -0.260176
30
gcm: 0.482434 0.983524 -1.94648
H: 4.78914 -0.193383 -0.0861243
31
gcm: 0.483858 0.983018 -1.93756
H: 6.14167 -0.331548 0.494803
32
gcm: 0.485437 0.982439 -1.92821
H: 5.38709 -0.0392581 0.038025
33
gcm: 0.487063 0.983287 -1.91865
H: 5.17366 0.110279 -0.29668
34
gcm: 0.489006 0.983625 -1.90941
H: 5.98053 -0.0720782 -1.20534
35
gcm: 0.491166 0.982328 -1.90044
H: 7.7499 -0.502103 -1.00993
36
gcm: 0.493121 0.98163 -1.89123
H: 10.8215 -0.87272 1.56366
37
gcm: 0.495443 0.981949 -1.88141
H: -0.116271 0.795293 -2.79439
38
gcm: 0.498474 0.982185 -1.871
H: 12.4168 -1.54706 0.742651
39
gcm: 0.499283 0.982761 -1.86228
H: -1.69393 1.64124 -1.49492
40
gcm: 0.500382 0.982836 -1.85324
H: 2.41057 0.637213 -0.256603
41
gcm: 0.503065 0.982358 -1.84378
H: 2.82042 -0.200267 -0.477709
42
gcm: 0.505357 0.9816 -1.83458
H: 2.77757 -0.119238 -0.607257
43
gcm: 0.507144 0.98529 -1.82437
H: 6.56266 -0.470787 -0.621408
44
gcm: 0.509193 0.986017 -1.81311
H: 12.5057 -1.00938 0.298093
45
gcm: 0.511184 0.986326 -1.80275
H: 7.38634 -0.691456 0.682091
46
gcm: 0.513409 0.987412 -1.79249
H: 5.25873 -0.56758 -0.521849
47
gcm: 0.515858 0.989084 -1.78229
H: 6.03984 -0.782182 -1.55791
48
gcm: 0.518234 0.990466 -1.77221
H: 6.73614 -0.653037 -1.9708
49
gcm: 0.520315 0.991218 -1.76255
H: 5.77581 -0.408372 -0.926384
50
gcm: 0.522128 0.991849 -1.75335
H: 5.28925 -0.484568 -0.0693011
51
gcm: 0.523831 0.993061 -1.74421
H: 5.94957 -0.687004 -0.761199
52
gcm: 0.525479 0.994717 -1.73511
H: 5.10255 -0.564902 -0.401215
53
gcm: 0.52713 0.996207 -1.72622
H: 3.83052 -0.361898 0.70029
54
gcm: 0.528917 0.997524 -1.71737
H: 4.18925 -0.508297 0.308223
55
gcm: 0.530614 0.998803 -1.70849
H: 4.67331 -0.56084 -0.348933
56
gcm: 0.532252 1.00032 -1.69951
H: 4.88723 -0.399799 -0.720924
57
gcm: 0.53387 1.00192 -1.69043
H: 4.90915 -0.430921 -0.428461
58
gcm: 0.535034 1.00334 -1.68197
H: 3.20928 -0.229248 0.493451
59
gcm: 0.536364 1.00475 -1.67425
H: 1.41815 -0.00391213 0.123712
60
gcm: 0.538245 1.00599 -1.66626
H: 1.30237 -0.12223 -0.461765
61
gcm: 0.539786 1.00718 -1.65794
H: 1.42306 0.0718775 -0.231849
62
gcm: 0.541009 1.00847 -1.64998
H: 0.640006 0.472949 -0.493297
63
gcm: 0.542246 1.01014 -1.64215
H: -0.38468 0.491535 -0.698378
64
gcm: 0.543234 1.01155 -1.6343
H: -0.189918 0.328732 0.0349882
65
gcm: 0.543939 1.01302 -1.62674
H: -0.0307507 0.463078 0.552481
66
gcm: 0.544828 1.01401 -1.6196
H: -0.527228 0.701798 -0.0068004
67
gcm: 0.546097 1.01489 -1.6123
H: -1.37956 0.699515 -0.675388
68
gcm: 0.547309 1.016 -1.60479
H: -1.8234 0.642807 -0.592529
69
gcm: 0.548222 1.01673 -1.59729
H: -1.41246 0.835521 0.143703
70
gcm: 0.548942 1.01727 -1.58971
H: -1.51559 0.960083 0.432002
71
gcm: 0.549885 1.01766 -1.58281
H: -2.40545 0.755508 -0.297312
72
gcm: 0.550849 1.01762 -1.57611
H: -2.67568 0.747384 -0.550327
73
gcm: 0.551672 1.01792 -1.56852
H: -1.89414 0.719296 -0.525519
74
gcm: 0.552493 1.0183 -1.56091
H: -1.57394 0.647977 -0.41055
75
gcm: 0.553166 1.01827 -1.5537
H: -1.49843 1.04121 0.844271
76
gcm: 0.55387 1.01742 -1.54642
H: -1.70043 0.907391 -0.464332
77
gcm: 0.554875 1.01705 -1.53897
H: -1.76363 0.593678 -1.38268
78
gcm: 0.555788 1.01663 -1.53164
H: -1.61527 0.727819 -0.389254
79
gcm: 0.556529 1.01636 -1.52445
H: -2.19123 0.848795 0.681398
80
gcm: 0.557171 1.01607 -1.51725
H: -2.9243 0.641909 0.639834
81
gcm: 0.557714 1.01595 -1.50992
H: -2.61397 0.986482 0.00996739
82
gcm: 0.558292 1.01561 -1.50255
H: -1.56763 0.893294 -0.27491
83
gcm: 0.558906 1.01478 -1.49515
H: -1.43288 0.781629 -0.305692
84
gcm: 0.55939 1.01412 -1.4876
H: -2.91771 0.862086 -0.600526
85
gcm: 0.559889 1.01343 -1.48013
H: -1.77086 0.74739 0.110665
86
gcm: 0.56037 1.01288 -1.4728
H: -2.56933 0.887638 -0.19183
87
gcm: 0.560731 1.01283 -1.46532
H: -3.53599 0.991655 -0.704659
88
gcm: 0.561085 1.01279 -1.4582
H: -4.23795 1.02283 -0.0316801
89
gcm: 0.561464 1.01256 -1.45132
H: -4.41942 0.972731 0.585894
90
gcm: 0.561981 1.01224 -1.44409
H: -3.77534 0.859218 -0.0930132
91
gcm: 0.562484 1.01184 -1.43692
H: -2.75813 0.891444 -0.482333
92
gcm: 0.562752 1.01139 -1.43011
H: -2.42858 0.907398 0.249526
93
gcm: 0.563113 1.01141 -1.42317
H: -3.09656 0.784675 -0.440132
94
gcm: 0.56376 1.01175 -1.41591
H: -4.05382 0.674229 -1.23335
95
gcm: 0.564319 1.01171 -1.40887
H: -4.1509 0.644162 -0.752009
96
gcm: 0.564488 1.01139 -1.4019
H: -3.75052 0.740997 -0.160122
97
gcm: 0.564335 1.01109 -1.39489
H: -4.01915 0.891368 0.419952
98
gcm: 0.564354 1.01097 -1.38789
H: -3.61655 0.848237 0.251297
99
gcm: 0.564722 1.01087 -1.38073
H: -3.58441 0.754045 -0.0587774
100
gcm: 0.565202 1.01074 -1.37353
H: -4.63012 0.685265 -0.595442
101
gcm: 0.565293 1.01134 -1.36659
H: -4.60108 0.740486 -0.389017
102
gcm: 0.565137 1.0123 -1.35976
H: -4.24091 0.826729 0.209603
103
gcm: 0.565378 1.0122 -1.35265
H: -4.8991 0.719885 -0.280781
104
gcm: 0.565651 1.0122 -1.34541
H: -4.97012 0.731415 -0.133722
105
gcm: 0.565581 1.0128 -1.33838
H: -5.2203 0.852058 0.512573
106
gcm: 0.565418 1.01215 -1.33153
H: -5.68934 0.737592 0.106225
107
gcm: 0.565456 1.01106 -1.32468
H: -5.5789 0.545656 -0.294077
108
gcm: 0.565603 1.01108 -1.31848
H: -9.51576 0.700884 1.07392
109
gcm: 0.565106 1.01117 -1.31123
H: -1.41022 0.179514 -1.95808
110
gcm: 0.5646 1.01096 -1.30339
H: -2.15763 0.462856 -0.259343
111
gcm: 0.564429 1.0104 -1.29541
H: -1.90695 0.558655 0.600261
112
gcm: 0.564472 1.00988 -1.2877
H: -1.36024 0.330702 -0.0649964
113
gcm: 0.564278 1.0093 -1.28002
H: -1.74836 0.169207 -0.536801
114
gcm: 0.564007 1.00819 -1.27206
H: -1.64877 0.132272 -0.500763
115
gcm: 0.563703 1.00686 -1.26408
H: -1.31066 0.166895 -0.361488
116
gcm: 0.563189 1.00574 -1.2563
H: -1.42113 0.173925 -0.458026
117
gcm: 0.562755 1.00497 -1.24819
H: -0.437054 0.0622587 -0.653814
118
gcm: 0.56239 1.00468 -1.24004
H: 0.00221327 -0.0225953 -0.407824
119
gcm: 0.561575 1.00425 -1.23217
H: -0.830761 0.00287893 -0.0224882
120
gcm: 0.560685 1.0034 -1.22398
H: -1.33977 -0.0773258 -0.327935
121
gcm: 0.560031 1.00203 -1.21564
H: -0.032995 0.000847125 -0.358007
122
gcm: 0.559182 1.00079 -1.20735
H: -0.246049 0.124022 -0.106543
123
gcm: 0.558063 1.00035 -1.1988
H: 0.578691 0.186982 0.527773
124
gcm: 0.557019 1 -1.19012
H: 1.51463 0.0681992 0.0301645
125
gcm: 0.556407 0.999369 -1.18134
H: 1.15676 -0.168876 -0.555763
126
gcm: 0.555615 0.998363 -1.17239
H: 1.07109 0.0176955 0.259254
127
gcm: 0.554194 0.997404 -1.16312
H: 0.835214 0.261971 0.831744
128
gcm: 0.552782 0.997003 -1.15379
H: 1.10654 -0.0689745 0.459429
129
gcm: 0.551715 0.996465 -1.14455
H: 2.71962 -0.106358 -0.0810645
130
gcm: 0.550585 0.995224 -1.13523
H: 3.35124 0.0839572 0.244258
131
gcm: 0.548997 0.994037 -1.12584
H: 3.53753 0.0739621 1.08471
132
gcm: 0.547486 0.993972 -1.11608
H: 4.6818 -0.0532921 0.865156
133
gcm: 0.546141 0.99471 -1.10577
H: 5.31486 0.112679 0.954572
134
gcm: 0.544182 0.995398 -1.09561
H: 4.21703 0.277045 1.92787
135
gcm: 0.542123 0.995673 -1.08569
H: 3.95121 0.0993637 1.30838
136
gcm: 0.540411 0.995545 -1.07555
H: 4.28976 0.0221419 0.708962
137
gcm: 0.538637 0.995111 -1.06546
H: 4.07335 0.165623 1.07549
138
gcm: 0.537152 0.994624 -1.05546
H: 4.72123 0.150436 0.386499
139
gcm: 0.535745 0.99467 -1.04539
H: 5.13181 0.0757168 -0.0465163
140
gcm: 0.533867 0.995161 -1.0353
H: 4.48137 0.339624 0.616956
141
gcm: 0.531954 0.995793 -1.02529
H: 3.04135 0.0701599 0.926172
142
gcm: 0.530192 0.996896 -1.01546
H: 2.67229 -0.205645 0.485514
143
gcm: 0.528033 0.997904 -1.0058
H: 3.70262 0.7085 1.04223
144
gcm: 0.525877 0.998553 -0.996032
H: 4.2272 0.170034 1.45035
145
gcm: 0.524397 0.999944 -0.986453
H: 3.27036 0.0491154 0.0706397
146
gcm: 0.522884 1.00193 -0.977239
H: 2.31689 0.0521195 -0.100668
147
gcm: 0.521179 1.00316 -0.967074
H: 7.86654 0.770448 0.678911
148
gcm: 0.519798 1.00415 -0.956128
H: 12.3421 1.08901 0.535696
149
gcm: 0.51845 1.00597 -0.946199
H: 7.58348 0.778312 0.392623
150
gcm: 0.517098 1.00776 -0.936396
H: 6.24832 0.712748 0.40517
151
gcm: 0.515627 1.00917 -0.926843
H: 5.27491 0.827843 0.484736
152
gcm: 0.514068 1.01075 -0.91771
H: 5.23112 0.86017 0.394819
153
gcm: 0.512857 1.0128 -0.908599
H: 5.13951 0.749729 0.0164929
154
gcm: 0.511722 1.01495 -0.899698
H: 2.62406 0.394637 0.245463
155
gcm: 0.51033 1.01719 -0.891053
H: -0.361053 0.0848763 0.694597
156
gcm: 0.509174 1.01953 -0.882053
H: 0.161723 0.294356 -0.121769
157
gcm: 0.508303 1.02157 -0.873132
H: 1.19133 0.297163 -1.01507
158
gcm: 0.507554 1.0235 -0.864597
H: 1.01983 -0.112156 -1.65419
159
gcm: 0.506683 1.02506 -0.856262
H: 0.456982 -0.0346364 -0.530777
160
gcm: 0.505546 1.02642 -0.848062
H: -0.152866 0.0348444 0.828847
161
gcm: 0.504407 1.0282 -0.840109
H: -1.27979 -0.205645 0.495855
162
gcm: 0.503379 1.03011 -0.83209
H: 0.211804 0.182504 -0.601991
163
gcm: 0.502665 1.03186 -0.823566
H: 4.97875 0.840544 -1.98923
164
gcm: 0.502003 1.03333 -0.814901
H: -4.84908 -1.63482 1.21294
165
gcm: 0.501242 1.03463 -0.806681
H: -2.38999 -0.928275 0.154978
166
gcm: 0.500466 1.03564 -0.798796
H: -0.638129 -0.591362 -0.147216
167
gcm: 0.499607 1.03653 -0.790873
H: -1.05664 -0.534103 0.708985
168
gcm: 0.498889 1.03715 -0.782929
H: -1.72384 -0.801592 0.509476
169
gcm: 0.498212 1.03738 -0.772835
H: 1.8567 -0.675451 0.0447909
170
gcm: 0.497163 1.03769 -0.766845
H: -4.87786 -0.881143 -0.0603341
171
gcm: 0.496389 1.03804 -0.760343
H: -3.19018 -0.882825 -0.784425
172
gcm: 0.496114 1.03804 -0.752928
H: -1.13505 -0.863837 -0.870884
173
gcm: 0.495621 1.03753 -0.744969
H: -0.800858 -0.814533 0.106428
174
gcm: 0.49502 1.03739 -0.736788
H: -1.02459 -0.829364 -0.281751
175
gcm: 0.494818 1.03735 -0.728563
H: -1.68133 -1.00832 -0.869878
176
gcm: 0.494929 1.03656 -0.719962
H: -1.37118 -1.08481 -0.246407
177
gcm: 0.495013 1.03579 -0.709119
H: 2.32241 -0.806608 0.430862
178
gcm: 0.494809 1.03543 -0.701386
H: -2.11693 -1.03849 0.611788
179
gcm: 0.495375 1.03477 -0.693786
H: -1.88937 -1.13869 -0.243889
180
gcm: 0.494229 1.03439 -0.685241
H: -1.02658 -0.490494 0.0598607
181
gcm: 0.493253 1.03437 -0.680797
H: -8.37824 -1.30997 0.308681
182
gcm: 0.493273 1.03346 -0.673521
H: -3.44075 -1.043 -0.263471
183
gcm: 0.493909 1.03242 -0.664481
H: 0.693629 -0.786521 -1.08313
184
gcm: 0.494015 1.03201 -0.655721
H: 1.16803 -0.664897 -0.932267
185
gcm: 0.494635 1.03212 -0.645934
H: -3.99231 -1.42078 1.38741
186
gcm: 0.493649 1.03253 -0.640591
H: -7.48978 -0.938429 -0.267839
187
gcm: 0.494475 1.03286 -0.630564
H: 0.0356229 -0.898652 -0.706851
188
gcm: 0.49449 1.03319 -0.621273
H: -0.794 -0.875565 -0.353222
189
gcm: 0.494646 1.03342 -0.613107
H: -3.83194 -1.03955 -0.2744
190
gcm: 0.494979 1.03283 -0.606198
H: -6.66064 -1.12959 0.310022
191
gcm: 0.494858 1.03255 -0.600152
H: -6.49611 -1.20818 1.13427
192
gcm: 0.494319 1.03288 -0.593861
H: -5.45924 -1.20011 0.738538
193
gcm: 0.494343 1.03244 -0.586423
H: -4.10704 -1.09548 -0.324773
194
gcm: 0.495416 1.03181 -0.577543
H: -2.19046 -1.23177 -0.468287
195
gcm: 0.49531 1.03184 -0.570027
H: -5.32184 -0.992606 0.608506
196
gcm: 0.495727 1.03141 -0.560982
H: -2.39328 -1.19261 0.55677
197
gcm: 0.495989 1.03119 -0.55451
H: -6.08013 -0.989178 -0.642153
198
gcm: 0.497084 1.03166 -0.545737
H: -2.6136 -1.15894 -0.568621
199
gcm: 0.496733 1.03204 -0.538918
H: -6.6681 -0.816106 0.348188
200
gcm: 0.497081 1.03178 -0.531561
H: -5.72224 -0.905143 -0.333737
201
gcm: 0.497761 1.03135 -0.524
H: -5.28466 -0.995577 -0.000126777
202
gcm: 0.498345 1.03059 -0.516429
H: -5.32988 -0.872901 0.908291
203
gcm: 0.498602 1.02986 -0.508712
H: -4.18417 -0.745874 0.60587
204
gcm: 0.498908 1.02956 -0.501045
H: -3.43253 -0.746408 -0.17074
205
gcm: 0.49937 1.02997 -0.493529
H: -4.85743 -0.568335 0.208631
206
gcm: 0.499814 1.02978 -0.485853
H: -4.64213 -0.405666 0.899928
207
gcm: 0.500275 1.02957 -0.478231
H: -3.52888 -0.574686 1.21897
208
gcm: 0.500718 1.02934 -0.470922
H: -4.69904 -0.118233 1.15036
209
gcm: 0.500976 1.02909 -0.464614
H: -8.40685 0.0980161 1.33384
210
gcm: 0.501658 1.02827 -0.456306
H: -1.30877 -0.0792181 1.08654
211
gcm: 0.502553 1.02738 -0.447936
H: -1.39185 -0.371431 0.767396
212
gcm: 0.503592 1.02656 -0.439347
H: -0.60403 -0.521412 0.390867
213
gcm: 0.504652 1.02587 -0.430967
H: 0.507042 -0.475954 -0.0453817
214
gcm: 0.505456 1.02522 -0.423024
H: 0.0902469 -0.0976455 0.281607
215
gcm: 0.506634 1.02478 -0.413828
H: 0.0990994 0.0188077 0.296749
216
gcm: 0.507871 1.02374 -0.405004
H: 0.468988 -0.145422 0.172321
217
gcm: 0.509165 1.02241 -0.396317
H: 2.29128 -0.285531 -0.334837
218
gcm: 0.510661 1.02085 -0.387189
H: 3.28857 -0.320974 -0.605751
219
gcm: 0.512107 1.01937 -0.377914
H: 2.81432 -0.201209 -0.633691
220
gcm: 0.513284 1.01728 -0.369093
H: 1.72725 -0.19879 0.457456
221
gcm: 0.5146 1.01615 -0.360293
H: 1.79366 0.0585949 0.337773
222
gcm: 0.51623 1.01477 -0.350519
H: 3.08316 0.173599 0.114852
223
gcm: 0.517757 1.01314 -0.340608
H: 3.86384 0.0956387 0.235071
224
gcm: 0.519144 1.01253 -0.33114
H: 4.20285 0.0827122 -0.145736
225
gcm: 0.520491 1.01363 -0.321839
H: 4.07811 0.243618 -0.567398
226
gcm: 0.522143 1.01366 -0.312023
H: 5.27226 -0.0178158 -1.48695
227
gcm: 0.524161 1.01288 -0.301792
H: 4.90121 -0.39081 -1.46458
228
gcm: 0.526371 1.01075 -0.292161
H: 4.26168 -0.364289 -0.605796
229
gcm: 0.528406 1.01028 -0.282494
H: 5.06988 -0.0825531 -0.552373
230
gcm: 0.530329 1.01009 -0.272034
H: 5.21887 -0.143919 -0.678685
231
gcm: 0.53261 1.00961 -0.261697
H: 5.55746 -0.298152 -1.15574
232
gcm: 0.534668 1.0092 -0.252126
H: 3.52277 -0.213613 -1.33035
233
gcm: 0.537186 1.00924 -0.240061
H: 5.09844 0.0442131 -1.52106
234
gcm: 0.538725 1.00975 -0.230753
H: 2.23455 0.0321364 1.12276
235
gcm: 0.540774 1.01034 -0.220532
H: 4.30083 -0.123769 -0.139645
236
gcm: 0.543093 1.01125 -0.209859
H: 5.55209 -0.273012 -1.30443
237
gcm: 0.545134 1.01238 -0.200311
H: 4.10244 -0.113597 -0.435186
238
gcm: 0.546846 1.01337 -0.191824
H: 1.99526 -0.269998 0.614488
239
gcm: 0.549295 1.01425 -0.181993
H: 3.09347 -0.440784 -0.384578
240
gcm: 0.551569 1.01424 -0.171376
H: 8.82066 -0.648291 0.403866
241
gcm: 0.553608 1.01425 -0.16079
H: 8.78308 -0.602995 0.18523
242
gcm: 0.555526 1.01493 -0.150459
H: 8.92127 -0.591137 -0.722194
243
gcm: 0.557499 1.01629 -0.140367
H: 8.1311 -0.549022 -1.20764
244
gcm: 0.559504 1.01785 -0.130537
H: 5.7842 -0.589975 -1.23427
245
gcm: 0.561541 1.01915 -0.120903
H: 5.67663 -0.669839 -0.917933
246
gcm: 0.563486 1.02026 -0.110974
H: 6.48817 -0.426342 -0.35199
247
gcm: 0.565613 1.02183 -0.101168
H: 3.98792 -0.556128 -1.02389
248
gcm: 0.566925 1.02315 -0.0919821
H: 6.75351 -0.339888 0.36662
249
gcm: 0.568439 1.02455 -0.0827646
H: 4.83474 -0.120704 -0.0840997
250
gcm: 0.570223 1.02625 -0.0730689
H: 4.82811 -0.315094 -1.31786
251
gcm: 0.571963 1.02749 -0.0639577
H: 4.00491 -0.283759 -0.815426
252
gcm: 0.573443 1.02889 -0.0554263
H: 2.02459 -0.103383 0.297152
253
gcm: 0.574631 1.03084 -0.0468575
H: 1.41588 -0.0669611 0.435255
254
gcm: 0.575705 1.03266 -0.0379254
H: 1.8511 0.105023 0.0323428
255
gcm: 0.576909 1.03386 -0.0288067
H: 2.14801 0.180965 0.316384
256
gcm: 0.578044 1.0349 -0.0204095
H: 1.43554 0.197175 0.630849
257
gcm: 0.579049 1.03608 -0.0124682
H: 0.71108 0.197508 0.493643
258
gcm: 0.580279 1.03739 -0.00399945
H: 0.0498287 0.558908 -0.190263
259
gcm: 0.581496 1.03877 0.0045392
H: -0.292439 0.645578 -0.493096
260
gcm: 0.582481 1.04029 0.0130755
H: -0.164267 0.660706 -0.242693
261
gcm: 0.583159 1.04253 0.0216584
H: -1.09604 0.970031 0.762997
262
gcm: 0.583696 1.04347 0.029891
H: -1.52509 1.1284 1.68794
263
gcm: 0.584773 1.04431 0.0381974
H: -1.27127 0.905475 -0.088746
264
gcm: 0.586238 1.04516 0.046326
H: -1.58164 0.631737 -1.83588
265
gcm: 0.587392 1.04555 0.0543918
H: -1.77395 0.82334 -0.39239
266
gcm: 0.588103 1.04499 0.0626455
H: -1.86217 1.16075 0.70273
267
gcm: 0.589224 1.04584 0.0708981
H: -3.13068 0.979135 -0.94101
268
gcm: 0.590479 1.04748 0.0791982
H: -2.90966 1.04997 -0.455241
269
gcm: 0.591654 1.04795 0.087362
H: -1.52545 0.913382 -0.818423
270
gcm: 0.591995 1.04815 0.0956154
H: -1.56278 1.06758 1.31369
271
gcm: 0.592442 1.04734 0.103607
H: -3.06213 0.794442 0.42425
272
gcm: 0.593131 1.04672 0.111508
H: -3.33495 1.13011 0.78471
273
gcm: 0.593787 1.04645 0.119481
H: -2.03398 1.0783 -0.437712
274
gcm: 0.594615 1.0463 0.127641
H: -3.76341 0.988086 -0.120913
275
gcm: 0.595604 1.0458 0.135989
H: -1.58275 0.856702 -0.349658
276
gcm: 0.59644 1.04524 0.144501
H: -1.59318 0.859208 -0.468809
277
gcm: 0.596863 1.04461 0.152335
H: -3.92894 1.12884 0.491207
278
gcm: 0.59747 1.04443 0.160196
H: -3.2866 1.07561 0.296203
279
gcm: 0.598388 1.04483 0.168578
H: -2.22084 1.00969 -0.295732
280
gcm: 0.599207 1.04522 0.176641
H: -3.90925 0.946979 -0.263429
281
gcm: 0.599858 1.04552 0.184011
H: -5.29227 0.805255 -0.282633
282
gcm: 0.600334 1.04599 0.191579
H: -5.58368 1.04772 0.503116
283
gcm: 0.600799 1.04669 0.199932
H: -4.37717 1.10959 0.438102
284
gcm: 0.601472 1.04724 0.208458
H: -3.21325 0.861091 -0.426606
285
gcm: 0.602006 1.04719 0.216597
H: -5.49337 1.1329 0.123448
286
gcm: 0.601957 1.0466 0.223914
H: -6.91063 1.44637 1.32001
287
gcm: 0.60314 1.04693 0.232653
H: -3.97758 0.681865 -1.73514
288
gcm: 0.603694 1.04759 0.24051
H: -5.12878 1.1121 0.461772
289
gcm: 0.604115 1.04708 0.247994
H: -5.87844 1.19419 0.427999
290
gcm: 0.604589 1.04679 0.255152
H: -5.67144 1.06447 -0.105862
291
gcm: 0.604877 1.04734 0.263259
H: -3.91974 1.11613 0.67112
292
gcm: 0.605257 1.04822 0.271079
H: -6.01046 1.02129 0.769079
293
gcm: 0.605128 1.04882 0.278271
H: -6.84849 1.11075 0.62313
294
gcm: 0.605347 1.04875 0.285634
H: -5.14856 0.952899 -0.717191
295
gcm: 0.606024 1.04844 0.29362
H: -5.83932 0.949 -0.69931
296
gcm: 0.606516 1.04818 0.301096
H: -7.07443 0.877893 -0.989465
297
gcm: 0.606814 1.04817 0.308147
H: -8.42184 0.860815 -0.713748
298
gcm: 0.60667 1.04883 0.315471
H: -6.35592 0.821032 0.798141
299
gcm: 0.606585 1.04957 0.323482
H: -3.03177 0.630781 0.84516
300
gcm: 0.606766 1.04979 0.331696
H: -3.08935 0.303492 -1.01144
301
gcm: 0.607162 1.04922 0.340362
H: -3.38418 -0.0612672 -2.26934
302
gcm: 0.607614 1.04836 0.349202
H: -3.2647 -0.0496494 -1.56046
303
gcm: 0.60784 1.04771 0.357743
H: -1.22213 -0.120896 -1.20998
304
gcm: 0.608138 1.04682 0.366321
H: -1.02053 -0.090489 -1.31626
305
gcm: 0.608243 1.04553 0.375032
H: -1.27715 0.116012 -0.744054
306
gcm: 0.607833 1.04415 0.383611
H: -1.28648 0.503277 0.238932
307
gcm: 0.607221 1.04302 0.392012
H: -0.69735 0.498615 0.651508
308
gcm: 0.606922 1.042 0.40092
H: 0.0163523 0.380789 0.719181
309
gcm: 0.606577 1.04074 0.410234
H: 1.86285 0.68029 0.484225
310
gcm: 0.605447 1.03976 0.419451
H: 2.00871 0.972042 2.41773
311
gcm: 0.60444 1.03851 0.428881
H: 1.95838 0.740603 2.47536
312
gcm: 0.60409 1.03661 0.438636
H: 1.73241 0.57485 1.48305
313
gcm: 0.603737 1.03477 0.448467
H: 1.63856 0.483227 0.882702
314
gcm: 0.603102 1.03301 0.458251
H: 3.45225 0.419956 0.395469
315
gcm: 0.602217 1.03176 0.467741
H: 5.03837 0.722907 2.36849
316
gcm: 0.601302 1.03071 0.47738
H: 1.53567 0.292987 1.76156
317
gcm: 0.600466 1.02905 0.487379
H: 3.60397 -0.0207744 -0.298525
318
gcm: 0.600102 1.02784 0.497915
H: 5.2609 0.170555 -0.202819
319
gcm: 0.599803 1.0273 0.50893
H: 6.39868 0.367907 0.627377
320
gcm: 0.598086 1.02656 0.519957
H: 4.72886 0.553659 3.33392
321
gcm: 0.596887 1.02631 0.530669
H: 4.1572 0.293894 2.21846
322
gcm: 0.59588 1.02606 0.541439
H: 5.58485 0.237774 1.25604
323
gcm: 0.594324 1.0253 0.552096
H: 5.51311 0.273141 1.81172
324
gcm: 0.592792 1.02488 0.562849
H: 4.74298 0.329906 1.57949
325
gcm: 0.591593 1.02486 0.573714
H: 5.13281 0.384554 0.730637
326
gcm: 0.59036 1.02469 0.584108
H: 4.74938 0.275262 0.605558
327
gcm: 0.589137 1.02451 0.594251
H: 4.5872 0.19289 0.947523
328
gcm: 0.58782 1.02453 0.604681
H: 5.19106 0.356933 1.12005
329
gcm: 0.585802 1.02486 0.615308
H: 4.57074 0.522911 1.97383
330
gcm: 0.583897 1.02575 0.625796
H: 4.61482 0.440483 2.15635
331
gcm: 0.583954 1.02573 0.63796
H: 14.0095 0.40466 -0.546578
332
gcm: 0.584012 1.02627 0.64907
H: 10.7219 0.490149 -1.88172
333
gcm: 0.583236 1.02707 0.659698
H: 8.08374 0.428408 -0.374435
334
gcm: 0.582187 1.02814 0.670306
H: 6.76843 0.452565 0.980949
335
gcm: 0.581536 1.02967 0.680768
H: 7.05569 0.215398 0.478371
336
gcm: 0.581048 1.03125 0.690953
H: 6.42743 0.245341 -0.377329
337
gcm: 0.580158 1.03273 0.701015
H: 5.3142 0.580618 -0.0878365
338
gcm: 0.57943 1.03406 0.711055
H: 5.48558 0.44284 -0.294991
339
gcm: 0.579177 1.03522 0.720461
H: 4.29817 -0.0346269 -1.21982
340
gcm: 0.57797 1.0365 0.730021
H: 3.36672 0.477823 1.64002
341
gcm: 0.577548 1.03839 0.739551
H: 3.14021 0.284126 -0.431633
342
gcm: 0.577495 1.04047 0.748888
H: 1.88839 -0.275292 -1.69524
343
gcm: 0.57747 1.04249 0.758007
H: 1.41842 -0.493932 -2.02979
344
gcm: 0.576659 1.04413 0.765773
H: -0.180557 -0.208394 0.569121
345
gcm: 0.575793 1.04525 0.773883
H: -0.0761192 -0.135389 2.00498
346
gcm: 0.576735 1.04726 0.784647
H: 3.11017 -0.790957 -3.05489
347
gcm: 0.576017 1.04861 0.793371
H: 0.392492 -0.318916 0.639883
348
gcm: 0.575291 1.04985 0.80215
H: 0.0883322 -0.349545 1.02384
349
gcm: 0.5745 1.05101 0.810787
H: -1.02688 -0.42146 0.943666
350
gcm: 0.57403 1.05201 0.819489
H: -0.723668 -0.626626 -0.427805
351
gcm: 0.573994 1.0529 0.82834
H: -3.69211 -1.48846 0.0828919
352
gcm: 0.574283 1.05454 0.836747
H: 0.998713 -0.539131 -2.1564
353
gcm: 0.574247 1.05606 0.845051
H: -2.00493 -1.06663 -0.981421
354
gcm: 0.573847 1.05714 0.85338
H: -2.0444 -0.974982 0.252094
355
gcm: 0.573506 1.05755 0.861412
H: -2.34625 -0.899514 0.460976
356
gcm: 0.573295 1.05802 0.869841
H: -1.79128 -0.932156 -0.284802
357
gcm: 0.573046 1.05836 0.878334
H: -1.74495 -1.07014 -0.63506
358
gcm: 0.572679 1.0582 0.886233
H: -2.65309 -0.975798 0.333235
359
gcm: 0.57262 1.05841 0.894189
H: -2.00515 -1.02477 -0.190641
360
gcm: 0.572883 1.05886 0.90292
H: -1.204 -1.26312 -1.63857
361
gcm: 0.573097 1.0585 0.91045
H: -3.753 -1.44246 -1.05487
362
gcm: 0.572991 1.05803 0.918068
H: -3.43693 -1.17356 -0.137319
363
gcm: 0.572864 1.058 0.926258
H: -1.69801 -1.09827 -0.261487
364
gcm: 0.57276 1.05778 0.934921
H: -0.303893 -1.10072 -0.0560425
365
gcm: 0.572916 1.05756 0.943122
H: -2.16653 -1.14124 0.223882
366
gcm: 0.572758 1.05726 0.950619
H: -4.90942 -0.889506 0.876017
367
gcm: 0.572503 1.05726 0.958365
H: -4.28722 -0.886567 -0.0501321
368
gcm: 0.572846 1.05763 0.966265
H: -1.98373 -1.18102 -1.75608
369
gcm: 0.57305 1.05784 0.974107
H: -2.72541 -1.19032 -0.904068
370
gcm: 0.572968 1.05799 0.981878
H: -3.7663 -1.15161 -0.107918
371
gcm: 0.572965 1.05819 0.989436
H: -3.14953 -1.1263 0.127867
372
gcm: 0.572902 1.05849 0.997257
H: -3.49455 -0.957763 0.456209
373
gcm: 0.572779 1.05904 1.00506
H: -4.9189 -1.03151 -0.0653336
374
gcm: 0.572966 1.06002 1.01256
H: -4.24966 -1.19526 -0.363201
375
gcm: 0.573143 1.06077 1.02
H: -3.63501 -1.05026 0.755578
376
gcm: 0.573191 1.0614 1.02744
H: -5.13953 -1.09551 0.215934
377
gcm: 0.573394 1.06209 1.03525
H: -4.26172 -1.19942 -0.401777
378
gcm: 0.572789 1.06144 1.04319
H: -4.76246 -0.758883 1.91056
379
gcm: 0.573311 1.06063 1.0497
H: -5.21515 -1.15812 -0.550673
380
gcm: 0.573404 1.06016 1.05692
H: -5.43619 -0.898795 -0.357678
381
gcm: 0.573512 1.06053 1.06478
H: -4.78951 -0.913316 -0.0802101
382
gcm: 0.573716 1.06045 1.07213
H: -4.87261 -1.03661 0.0678705
383
gcm: 0.57404 1.06026 1.0788
H: -4.76673 -1.11459 -0.132847
384
gcm: 0.574525 1.06064 1.0862
H: -3.55555 -1.04087 -0.331511
385
gcm: 0.57484 1.06125 1.09417
H: -3.60461 -0.886786 0.0871148
386
gcm: 0.57481 1.06124 1.10161
H: -4.95258 -0.711813 0.987263
387
gcm: 0.575099 1.06115 1.10924
H: -4.14336 -0.678318 0.100526
388
gcm: 0.575656 1.06129 1.11717
H: -3.12685 -0.802135 -0.768267
389
gcm: 0.575755 1.06098 1.1243
H: -4.80063 -0.640191 1.02454
390
gcm: 0.575776 1.06002 1.13137
H: -5.98608 -0.387857 1.73151
391
gcm: 0.576071 1.05952 1.13893
H: -4.64497 -0.501546 0.575444
392
gcm: 0.576571 1.05988 1.14616
H: -3.78551 -0.575515 0.285542
393
gcm: 0.577611 1.06038 1.15263
H: -4.40647 -0.580922 -0.484696
394
gcm: 0.577101 1.06012 1.15954
H: -5.36865 -0.0661539 2.37129
395
gcm: 0.577398 1.05925 1.16782
H: -0.757849 0.0165778 1.33242
396
gcm: 0.578316 1.05812 1.17634
H: -0.112179 -0.0103991 0.176103
397
gcm: 0.579415 1.05824 1.18439
H: -0.611749 -0.266454 -0.571616
398
gcm: 0.579948 1.05773 1.19232
H: 0.482694 -0.0872749 0.861703
399
gcm: 0.580189 1.05703 1.20068
H: 0.599393 -0.0222419 1.20217
400
gcm: 0.5814 1.05619 1.20915
H: 0.883481 -0.362171 -0.87658
401
gcm: 0.582925 1.05536 1.21764
H: 1.54717 -0.456823 -0.896985
402
gcm: 0.583557 1.05433 1.22639
H: 1.47878 -0.0356359 0.931545
403
gcm: 0.584208 1.05315 1.23538
H: 2.61427 -0.111033 0.345756
404
gcm: 0.585503 1.05204 1.24436
H: 3.03261 -0.307591 -0.92572
405
gcm: 0.586716 1.04996 1.2533
H: 2.02263 -0.355207 -0.582666
406
gcm: 0.587969 1.04847 1.26248
H: 2.35479 -0.0986558 -0.660969
407
gcm: 0.590041 1.04725 1.27164
H: 3.0211 -0.359647 -2.00156
408
gcm: 0.590069 1.04562 1.28124
H: 3.4956 0.062266 1.11508
409
gcm: 0.592022 1.04494 1.2896
H: 2.27612 -0.261799 -1.57167
410
gcm: 0.593477 1.0453 1.29872
H: 2.65061 -0.129764 -0.519123
411
gcm: 0.594729 1.04655 1.30735
H: 2.5068 -0.22874 -0.485739
412
gcm: 0.59655 1.04689 1.31701
H: 5.1338 -0.378939 -0.90056
413
gcm: 0.598514 1.04733 1.32696
H: 5.49864 -0.313172 -0.954116
414
gcm: 0.600511 1.04737 1.33754
H: 6.33625 -0.123776 -1.4234
415
gcm: 0.602532 1.04736 1.34809
H: 6.88239 -0.28393 -1.82447
416
gcm: 0.604467 1.0467 1.35788
H: 5.19869 -0.425972 -1.57054
417
gcm: 0.605908 1.04711 1.36722
H: 3.04578 -0.480808 -0.554447
418
gcm: 0.606995 1.04729 1.37614
H: 2.83691 -0.414886 0.534478
419
gcm: 0.608527 1.04746 1.38646
H: 5.04227 -0.213251 -0.609833
420
gcm: 0.610379 1.04785 1.39617
H: 3.24346 -0.0813768 -0.958833
421
gcm: 0.611933 1.04811 1.40666
H: 11.1406 -0.924471 0.748024
422
gcm: 0.61379 1.0496 1.41773
H: 12.9877 -1.6598 0.366328
423
gcm: 0.616017 1.05054 1.42834
H: 4.68433 -0.243857 -2.82627
424
gcm: 0.617659 1.05146 1.4381
H: 6.15265 -0.242035 -1.41777
425
gcm: 0.619494 1.05239 1.44894
H: 8.84627 -0.666951 -0.896602
426
gcm: 0.621143 1.05366 1.45861
H: 6.4428 -0.586334 -0.765248
427
gcm: 0.622319 1.05493 1.46754
H: 2.96895 -0.00781002 -1.10718
428
gcm: 0.623452 1.05602 1.47617
H: 4.52469 -0.470117 -0.62701
429
gcm: 0.624716 1.05745 1.48465
H: 5.92101 -1.23677 0.829026
430
gcm: 0.62625 1.05902 1.49367
H: 3.15135 -0.776839 -0.346531
431
gcm: 0.627631 1.06046 1.50317
H: 2.88412 -0.11735 -0.650642
432
gcm: 0.628362 1.06177 1.51051
H: 1.93601 -0.0714857 1.06613
433
gcm: 0.629342 1.06294 1.52024
H: 4.64037 -0.239021 0.712781
434
gcm: 0.629184 1.06261 1.52659
H: -2.00458 0.386578 1.98551
435
gcm: 0.632362 1.06617 1.53829
H: 6.09318 -0.39247 -5.0475
436
gcm: 0.634831 1.0673 1.54885
H: 5.68615 -0.64624 -4.27936
437
gcm: 0.633427 1.06798 1.5544
H: -3.99543 1.25279 6.49867
438
gcm: 0.632807 1.06857 1.56034
H: -6.13587 1.22047 4.47518
439
gcm: 0.635276 1.07054 1.57035
H: 5.25079 -0.281938 -3.95944
440
gcm: 0.635252 1.07146 1.57656
H: -5.31512 0.671275 1.90141
441
gcm: 0.639359 1.07463 1.58804
H: 3.30633 -0.591193 -8.10269
442
gcm: 0.641347 1.07613 1.59812
H: 1.65827 0.383807 -3.92181
443
gcm: 0.641673 1.07817 1.60769
H: -0.189761 1.21716 0.655926
444
gcm: 0.64132 1.0776 1.61339
H: -5.16768 1.40598 2.55764
445
gcm: 0.641662 1.07981 1.6211
H: -0.923373 1.03668 1.16305
446
gcm: 0.642239 1.07974 1.62816
H: -2.16704 1.15328 1.25755
447
gcm: 0.643442 1.07944 1.63645
H: -0.863855 0.982506 0.0340332
448
gcm: 0.643883 1.07962 1.64395
H: -2.12632 1.06935 0.0726025
449
gcm: 0.643879 1.07987 1.65063
H: -3.88294 1.37483 1.36695
450
gcm: 0.645294 1.08011 1.65949
H: -0.0773847 0.85094 -1.10961
451
gcm: 0.646788 1.08032 1.66793
H: 0.109714 0.406444 -1.90311
452
gcm: 0.647363 1.08069 1.67541
H: -1.71326 0.849454 -0.164179
453
gcm: 0.64784 1.08112 1.68341
H: -2.42616 1.12464 1.24245
454
gcm: 0.648275 1.08061 1.69096
H: -2.99529 1.08182 0.416219
455
gcm: 0.648903 1.07942 1.69862
H: -1.69715 0.992881 0.070994
456
gcm: 0.649392 1.07807 1.70642
H: -2.74487 1.10646 1.03166
457
gcm: 0.649944 1.07715 1.71391
H: -1.76906 0.757795 -0.660135
458
gcm: 0.651068 1.0765 1.72207
H: -0.215842 0.574168 -1.38221
459
gcm: 0.651535 1.07666 1.72943
H: 0.714485 0.928449 -0.754005
460
gcm: 0.651756 1.07709 1.73691
H: -7.90429 1.05279 0.594929
461
gcm: 0.652682 1.07698 1.74483
H: -4.67971 0.714454 -0.582507
462
gcm: 0.653151 1.07734 1.7526
H: -2.59533 1.07316 0.865641
463
gcm: 0.653127 1.07804 1.75966
H: -1.73037 1.24206 1.83968
464
gcm: 0.653702 1.07766 1.76684
H: -1.52077 0.590972 -0.91362
465
gcm: 0.654329 1.07684 1.77462
H: -6.78337 0.900139 0.000768308
466
gcm: 0.654176 1.07676 1.78178
H: -2.06969 1.11157 1.28287
467
gcm: 0.654514 1.07809 1.78971
H: -6.4049 0.711821 1.01128
468
gcm: 0.655527 1.07853 1.797
H: -1.70213 0.554518 -1.52176
469
gcm: 0.655908 1.07738 1.80458
H: -5.92945 0.735801 -0.533278
470
gcm: 0.655415 1.07727 1.81172
H: -2.51176 1.16315 0.681905
471
gcm: 0.655698 1.07807 1.81892
H: -2.48728 0.989586 0.146215
472
gcm: 0.656398 1.07805 1.82637
H: -2.5212 0.602682 -0.710657
473
gcm: 0.65652 1.0778 1.83369
H: -6.36004 0.994572 0.210209
474
gcm: 0.656518 1.07841 1.84145
H: -7.42082 0.979337 0.684027
475
gcm: 0.65696 1.07886 1.8496
H: -6.18398 0.83844 -0.0562694
476
gcm: 0.657099 1.07803 1.85674
H: -3.2535 0.877985 -0.0409135
477
gcm: 0.656799 1.07674 1.8632
H: 2.09181 0.860982 -0.215277
478
gcm: 0.656662 1.07685 1.87083
H: -6.91687 0.843892 0.703998
479
gcm: 0.656431 1.07715 1.87842
H: -5.95882 0.81825 1.09267
480
gcm: 0.656416 1.07714 1.88621
H: -6.16648 0.772433 0.423436
481
gcm: 0.656782 1.07698 1.89324
H: -8.86881 0.665781 -1.01073
482
gcm: 0.657074 1.07669 1.9
H: -6.04888 0.650778 -0.561328
483
gcm: 0.657311 1.07617 1.90801
H: -0.233919 0.356233 -0.292957
484
gcm: 0.656854 1.07565 1.91603
H: 0.212736 0.46936 -0.109613
485
gcm: 0.65646 1.07526 1.92439
H: -2.20649 0.485016 0.153283
486
gcm: 0.656496 1.07487 1.9334
H: -6.4787 0.300895 -0.594359
487
gcm: 0.656396 1.07394 1.94175
H: -4.99138 0.335301 -0.615156
488
gcm: 0.65558 1.07285 1.94988
H: -3.51229 0.393737 0.301795
489
gcm: 0.654429 1.07186 1.95832
H: -1.28276 0.604917 1.68586
490
gcm: 0.654106 1.07081 1.96682
H: 2.26341 0.922807 0.763748
491
gcm: 0.654152 1.06981 1.97577
H: 1.15059 -0.231953 -1.07449
492
gcm: 0.653942 1.06832 1.98449
H: 2.24372 -0.0300716 -0.653987
493
gcm: 0.653123 1.06679 1.99311
H: 1.35255 0.218485 0.0382988
494
gcm: 0.652049 1.06514 2.0016
H: -2.17124 -0.622711 -0.925949
495
gcm: 0.651081 1.06403 2.01013
H: 0.933074 0.522786 0.354683
496
gcm: 0.65035 1.0635 2.01891
H: 1.5762 0.237465 0.281206
497
gcm: 0.649485 1.06128 2.02811
H: 1.25948 0.295379 0.128088
498
gcm: 0.648024 1.05802 2.037
H: -0.584929 0.283353 1.57903
499
gcm: 0.646386 1.05648 2.04579
H: 0.325678 0.364959 1.53191
500
gcm: 0.644894 1.05529 2.05488
H: 3.04696 0.253542 0.275708
501
gcm: 0.644324 1.05288 2.06503
H: 2.89753 0.114036 -1.18307
502
gcm: 0.6436 1.05118 2.07501
H: 2.18282 0.00517886 -0.662914
503
gcm: 0.642062 1.05095 2.08499
H: 2.08956 0.150346 0.760706
504
gcm: 0.639565 1.05144 2.09507
H: 1.69942 0.456019 2.39235
505
gcm: 0.638517 1.05126 2.10522
H: 2.42983 0.0335638 -0.903675
506
gcm: 0.636606 1.05106 2.11585
H: 2.93002 0.192017 0.0193072
507
gcm: 0.635119 1.05036 2.12617
H: 2.69065 0.211337 0.5887
508
gcm: 0.634056 1.05011 2.13565
H: 1.54015 0.0620594 -0.266917
509
gcm: 0.631677 1.05081 2.14655
H: 4.12005 0.444243 1.10455
510
gcm: 0.629509 1.05144 2.1565
H: 3.31049 0.366212 1.76192
511
gcm: 0.627481 1.05166 2.16655
H: 3.56278 0.702629 0.346914
512
gcm: 0.625353 1.05203 2.17546
H: 2.70684 0.390729 0.220465
513
gcm: 0.623558 1.05273 2.1833
H: 1.58405 -0.233961 0.654551
514
gcm: 0.622306 1.05367 2.19355
H: 4.59281 0.347921 -1.22034
515
gcm: 0.62059 1.05421 2.20292
H: 3.78072 0.517327 0.70987
516
gcm: 0.61925 1.05376 2.21605
H: 16.0846 1.22326 -0.237755
516
gcm: 0.61925 1.05376 2.21605
H: 0 0 0
