:metadata
 
Skeleton: /Network/Servers/duerer/Volumes/duerer/laturnus/workspace/new_acm/mocapPlayer/mocapPlayer/07-walk.asf
Motion: /Network/Servers/duerer/Volumes/duerer/laturnus/workspace/new_acm/mocapPlayer/mocapPlayer/07_05-walk.amc
Mass Distribution: /Network/Servers/duerer/Volumes/duerer/laturnus/workspace/new_acm/amd/clauser1969_point.amd
 
Inital skeleton translation: 0 0 0
Initial skeleton rotation: 0 0 0
 
:data
1
gcm: 0.461251 1.01573 -2.17058
H: -3.49696 -1.02387 -0.961065
2
gcm: 0.461357 1.01523 -2.16399
H: -3.22063 -0.866778 -0.225622
3
gcm: 0.461043 1.01498 -2.15732
H: -3.38918 -0.505429 0.468278
4
gcm: 0.461428 1.01497 -2.15001
H: -2.74475 -0.638144 0.261921
5
gcm: 0.462125 1.0151 -2.1426
H: -3.42529 -0.837581 -0.299256
6
gcm: 0.462819 1.01576 -2.13533
H: -3.69429 -0.825655 -0.311079
7
gcm: 0.463248 1.01563 -2.12826
H: -21.0169 0.616454 -6.12171
8
gcm: 0.46365 1.01458 -2.12128
H: -2.46383 -0.515356 -0.179765
9
gcm: 0.463911 1.01451 -2.11417
H: -2.84761 -0.465356 0.320406
10
gcm: 0.464276 1.01481 -2.10697
H: -3.42178 -0.384468 0.37765
11
gcm: 0.464937 1.01448 -2.09971
H: -3.26906 -0.3765 -0.0107609
12
gcm: 0.465533 1.01449 -2.0924
H: -1.6875 -0.201573 1.14932
13
gcm: 0.46592 1.01415 -2.08516
H: -2.56228 -0.0719573 0.820509
14
gcm: 0.466196 1.01298 -2.07786
H: -2.53396 0.0138223 1.36402
15
gcm: 0.466886 1.01205 -2.07025
H: -1.19289 -0.194633 1.14221
16
gcm: 0.467665 1.01135 -2.06277
H: -1.85898 -0.242165 0.828531
17
gcm: 0.468287 1.01118 -2.05532
H: -1.81786 0.151633 1.36993
18
gcm: 0.468387 1.01157 -2.04756
H: -0.45057 0.353107 1.23832
19
gcm: 0.467123 1.01176 -2.04172
H: -3.01881 0.624477 1.94069
20
gcm: 0.468111 1.01132 -2.03412
H: -0.96187 -0.26774 0.108417
21
gcm: 0.471066 1.01033 -2.02497
H: 0.920635 -1.0401 -1.8775
22
gcm: 0.470028 1.01003 -2.0198
H: -3.67254 0.916251 3.22339
23
gcm: 0.473763 1.00789 -2.00946
H: 1.31978 -1.61983 -3.67035
24
gcm: 0.474043 1.00817 -2.00108
H: 2.49803 0.645606 1.51625
25
gcm: 0.476333 1.00789 -1.99313
H: 0.0349401 -1.05615 -1.9689
26
gcm: 0.477066 1.00712 -1.98507
H: 1.20075 -0.0901231 0.534647
27
gcm: 0.478092 1.00546 -1.9769
H: 1.50741 -0.108416 -0.402195
28
gcm: 0.479852 1.00533 -1.96776
H: 0.45478 0.00851718 -1.81564
29
gcm: 0.481806 1.00503 -1.95872
H: 1.67213 0.0702505 -0.813859
30
gcm: 0.483421 1.00463 -1.95001
H: 2.96513 -0.0896613 -0.331189
31
gcm: 0.484912 1.00409 -1.94107
H: 5.33939 -0.369831 0.32015
32
gcm: 0.486568 1.00347 -1.93166
H: 5.27209 -0.122426 -0.386752
33
gcm: 0.488272 1.00428 -1.92208
H: 5.02509 0.0197423 -0.661165
34
gcm: 0.490256 1.00458 -1.91283
H: 4.9242 -0.106173 -1.17972
35
gcm: 0.492426 1.00323 -1.90381
H: 5.76629 -0.391714 -1.09782
36
gcm: 0.494396 1.00249 -1.89455
H: 7.0243 -0.45686 0.48377
37
gcm: 0.49668 1.00275 -1.88472
H: 2.5564 0.286607 -1.65531
38
gcm: 0.49964 1.00292 -1.87436
H: 7.31566 -0.814392 -0.0848282
39
gcm: 0.500598 1.0035 -1.86549
H: 0.964264 0.88535 -0.751574
40
gcm: 0.501807 1.00356 -1.85635
H: 2.83905 0.330891 0.00952181
41
gcm: 0.504482 1.00304 -1.84684
H: 2.75759 -0.287055 -0.203388
42
gcm: 0.506775 1.00224 -1.83754
H: 2.58204 -0.201636 -0.247889
43
gcm: 0.508582 1.00594 -1.82733
H: 4.84515 -0.451312 -0.439131
44
gcm: 0.510702 1.00679 -1.81624
H: 9.06654 -0.767264 -0.00980794
45
gcm: 0.512778 1.00717 -1.80585
H: 5.81278 -0.583441 0.544221
46
gcm: 0.514973 1.00831 -1.79544
H: 4.68796 -0.539239 -0.171086
47
gcm: 0.51732 1.01002 -1.78516
H: 4.62229 -0.60165 -1.06068
48
gcm: 0.519612 1.01145 -1.77513
H: 5.2085 -0.5364 -1.4242
49
gcm: 0.521646 1.01223 -1.76551
H: 4.71664 -0.387026 -0.609438
50
gcm: 0.523435 1.01289 -1.75628
H: 4.36975 -0.468576 0.146067
51
gcm: 0.525124 1.01416 -1.74717
H: 4.47304 -0.609142 -0.452874
52
gcm: 0.526798 1.01586 -1.73811
H: 4.00281 -0.536205 -0.259322
53
gcm: 0.528472 1.0174 -1.72924
H: 3.33397 -0.413832 0.733634
54
gcm: 0.530237 1.01875 -1.72041
H: 3.44148 -0.516096 0.419228
55
gcm: 0.531915 1.02006 -1.71157
H: 3.72482 -0.539603 -0.247128
56
gcm: 0.533564 1.02161 -1.70268
H: 3.88559 -0.410958 -0.505232
57
gcm: 0.535195 1.02324 -1.6937
H: 3.86005 -0.44213 -0.138321
58
gcm: 0.536371 1.02468 -1.68528
H: 2.46172 -0.270928 0.69431
59
gcm: 0.537695 1.02613 -1.67759
H: 1.00544 -0.0505634 0.223002
60
gcm: 0.539556 1.0274 -1.66961
H: 0.797316 -0.0990524 -0.522337
61
gcm: 0.54111 1.02862 -1.66135
H: 0.611623 0.0823046 -0.339175
62
gcm: 0.542322 1.02992 -1.65351
H: 0.135638 0.375499 -0.400337
63
gcm: 0.543505 1.03162 -1.6457
H: -0.383717 0.368636 -0.544456
64
gcm: 0.544486 1.03306 -1.63784
H: -0.36861 0.28789 -0.0388086
65
gcm: 0.545229 1.03455 -1.63034
H: -0.438301 0.422359 0.315456
66
gcm: 0.546127 1.03557 -1.62329
H: -0.714656 0.572319 -0.105701
67
gcm: 0.547354 1.03647 -1.61602
H: -1.20433 0.556337 -0.613471
68
gcm: 0.548512 1.0376 -1.60853
H: -1.57952 0.528746 -0.554577
69
gcm: 0.549405 1.03835 -1.60111
H: -1.30628 0.674219 0.141569
70
gcm: 0.550148 1.03889 -1.59361
H: -1.67369 0.796097 0.315205
71
gcm: 0.55106 1.0393 -1.58671
H: -2.24905 0.608141 -0.402739
72
gcm: 0.551958 1.03928 -1.58003
H: -2.29882 0.571815 -0.56952
73
gcm: 0.552774 1.0396 -1.57251
H: -2.11344 0.594382 -0.556507
74
gcm: 0.553595 1.03998 -1.56495
H: -2.07028 0.540737 -0.403806
75
gcm: 0.554282 1.03995 -1.55781
H: -2.00503 0.857622 0.959735
76
gcm: 0.554951 1.0391 -1.55064
H: -1.91858 0.70652 -0.324463
77
gcm: 0.555889 1.03873 -1.54329
H: -1.29691 0.451248 -1.32772
78
gcm: 0.556772 1.0383 -1.53603
H: -1.4016 0.585352 -0.456778
79
gcm: 0.557523 1.03804 -1.52888
H: -2.32693 0.666518 0.471547
80
gcm: 0.55815 1.03775 -1.52173
H: -2.79179 0.476909 0.463713
81
gcm: 0.558649 1.03763 -1.51449
H: -2.10594 0.763069 0.00178249
82
gcm: 0.55919 1.03728 -1.50718
H: -1.11935 0.692662 -0.339109
83
gcm: 0.559779 1.03643 -1.49987
H: -1.23692 0.610786 -0.364691
84
gcm: 0.560223 1.03577 -1.49245
H: -2.41404 0.642717 -0.406577
85
gcm: 0.560678 1.03508 -1.48507
H: -2.09276 0.602517 0.0772817
86
gcm: 0.561137 1.03453 -1.47775
H: -2.43065 0.67326 -0.0918911
87
gcm: 0.561459 1.03446 -1.47035
H: -2.86051 0.74218 -0.512513
88
gcm: 0.561772 1.03443 -1.46327
H: -3.40484 0.788886 -0.000650927
89
gcm: 0.562157 1.03421 -1.45633
H: -3.55386 0.734912 0.482914
90
gcm: 0.562649 1.03388 -1.44913
H: -2.97586 0.620818 0.00247753
91
gcm: 0.563115 1.03347 -1.44206
H: -2.19169 0.641945 -0.267446
92
gcm: 0.563434 1.03302 -1.43536
H: -2.09711 0.651912 0.124003
93
gcm: 0.563762 1.03302 -1.42847
H: -2.78685 0.588139 -0.464632
94
gcm: 0.564272 1.03335 -1.42124
H: -3.41829 0.522715 -0.944112
95
gcm: 0.56474 1.0333 -1.41423
H: -3.32343 0.492091 -0.508837
96
gcm: 0.56486 1.03297 -1.40728
H: -2.9386 0.574799 -0.0399011
97
gcm: 0.564677 1.03266 -1.40025
H: -3.06147 0.699472 0.430755
98
gcm: 0.564645 1.03253 -1.39321
H: -2.98553 0.652206 0.246744
99
gcm: 0.564948 1.03243 -1.38602
H: -3.05859 0.563764 -0.0422509
100
gcm: 0.56535 1.03228 -1.37881
H: -3.51925 0.522937 -0.45163
101
gcm: 0.565373 1.03286 -1.37185
H: -3.49524 0.57928 -0.32262
102
gcm: 0.565172 1.03379 -1.36499
H: -3.28726 0.645627 0.226123
103
gcm: 0.565333 1.03366 -1.35784
H: -3.60678 0.559399 -0.136689
104
gcm: 0.565529 1.03364 -1.35055
H: -3.82744 0.563806 -0.128635
105
gcm: 0.565458 1.03424 -1.34342
H: -4.14879 0.63515 0.314593
106
gcm: 0.56529 1.03359 -1.33645
H: -4.32856 0.554428 0.0875759
107
gcm: 0.565282 1.03245 -1.32952
H: -4.09777 0.417991 -0.274968
108
gcm: 0.565569 1.03241 -1.32302
H: -6.5971 0.481968 0.179852
109
gcm: 0.564785 1.03245 -1.31592
H: -1.44677 0.200896 -0.951461
110
gcm: 0.56424 1.03221 -1.30808
H: -1.8851 0.333413 -0.164777
111
gcm: 0.564192 1.03164 -1.30003
H: -1.78092 0.311346 0.0522312
112
gcm: 0.564264 1.0311 -1.29225
H: -1.14873 0.167035 -0.316951
113
gcm: 0.564013 1.03049 -1.28451
H: -1.47747 0.0819558 -0.519991
114
gcm: 0.563698 1.02935 -1.27652
H: -1.6759 0.0215735 -0.491105
115
gcm: 0.563338 1.028 -1.26853
H: -1.22219 0.0737852 -0.252341
116
gcm: 0.562749 1.02685 -1.26069
H: -1.2352 0.0944878 -0.317956
117
gcm: 0.562248 1.02604 -1.25254
H: -0.479143 -0.0122961 -0.588672
118
gcm: 0.561849 1.02572 -1.24435
H: 0.00503093 -0.0554733 -0.403939
119
gcm: 0.561034 1.02529 -1.23641
H: -0.477923 -0.0349051 -0.0410289
120
gcm: 0.560132 1.02442 -1.22818
H: -1.17842 -0.144767 -0.440372
121
gcm: 0.559431 1.02303 -1.2198
H: 0.103022 -0.0134657 -0.347805
122
gcm: 0.558546 1.02176 -1.21143
H: -0.0598469 0.115492 -0.0881693
123
gcm: 0.557423 1.02131 -1.20283
H: 0.527146 0.156639 0.465103
124
gcm: 0.556343 1.02094 -1.1941
H: 1.16242 0.0495518 0.0439858
125
gcm: 0.555662 1.02028 -1.18526
H: 0.965637 -0.128467 -0.570115
126
gcm: 0.554845 1.01925 -1.17625
H: 0.925597 0.0536191 0.242974
127
gcm: 0.553418 1.01829 -1.1669
H: 0.606274 0.237683 0.890637
128
gcm: 0.551962 1.01786 -1.15753
H: 1.14878 -0.0175382 0.484218
129
gcm: 0.550819 1.01729 -1.14823
H: 2.62757 0.0104525 -0.0301546
130
gcm: 0.549644 1.01602 -1.13883
H: 3.01365 0.161407 0.249422
131
gcm: 0.54806 1.01481 -1.12936
H: 3.40227 0.11862 1.0539
132
gcm: 0.546519 1.01473 -1.11957
H: 4.56805 0.00472523 1.04481
133
gcm: 0.545156 1.01543 -1.10924
H: 5.05076 0.163165 1.01949
134
gcm: 0.543247 1.01609 -1.09903
H: 4.11905 0.336298 1.56122
135
gcm: 0.541182 1.01635 -1.08905
H: 3.80902 0.18774 1.14789
136
gcm: 0.539432 1.01619 -1.0789
H: 4.03909 0.108271 0.821009
137
gcm: 0.537656 1.01573 -1.06876
H: 4.02766 0.2629 1.12309
138
gcm: 0.536161 1.01521 -1.05868
H: 4.41631 0.278587 0.42202
139
gcm: 0.534717 1.01522 -1.04858
H: 4.36187 0.179151 -0.0468978
140
gcm: 0.532831 1.01568 -1.03844
H: 3.99165 0.390912 0.472259
141
gcm: 0.530946 1.0163 -1.02837
H: 2.99929 0.188393 0.70208
142
gcm: 0.529198 1.0174 -1.01844
H: 2.50749 -0.0568624 0.246124
143
gcm: 0.527088 1.01841 -1.0087
H: 3.17183 0.696734 0.519314
144
gcm: 0.524992 1.01905 -0.998893
H: 3.56458 0.261344 0.910751
145
gcm: 0.523498 1.02045 -0.989233
H: 3.01025 0.195143 -0.0940421
146
gcm: 0.521993 1.02245 -0.979898
H: 2.29426 0.192163 -0.261872
147
gcm: 0.520307 1.02379 -0.969782
H: 6.05611 0.638705 0.576
148
gcm: 0.518899 1.02493 -0.959029
H: 9.10402 0.789695 0.599212
149
gcm: 0.517545 1.02686 -0.949138
H: 5.61112 0.612843 0.332643
150
gcm: 0.516204 1.02874 -0.939321
H: 4.67349 0.565255 0.293345
151
gcm: 0.514753 1.03023 -0.929783
H: 4.24101 0.750077 0.226219
152
gcm: 0.513224 1.03188 -0.920662
H: 4.24994 0.790003 0.140174
153
gcm: 0.512045 1.034 -0.911578
H: 4.00066 0.66354 -0.132135
154
gcm: 0.510924 1.03621 -0.902697
H: 2.09343 0.408255 0.0589309
155
gcm: 0.509545 1.03852 -0.894037
H: -0.0806592 0.206707 0.398815
156
gcm: 0.508385 1.04091 -0.885047
H: 0.210294 0.346448 -0.249275
157
gcm: 0.507482 1.04299 -0.876148
H: 0.666405 0.286846 -0.897557
158
gcm: 0.506691 1.04496 -0.86766
H: 0.452049 -0.0754764 -1.42889
159
gcm: 0.505822 1.04657 -0.859375
H: 0.120055 -0.0236869 -0.483576
160
gcm: 0.504731 1.04797 -0.851149
H: -0.295101 0.0304462 0.702287
161
gcm: 0.503643 1.04981 -0.843142
H: -1.28408 -0.166877 0.518797
162
gcm: 0.502632 1.05176 -0.83514
H: -0.215043 0.121665 -0.324402
163
gcm: 0.501895 1.05353 -0.826722
H: 3.53547 0.632096 -1.50508
164
gcm: 0.501242 1.05502 -0.818139
H: -3.62254 -1.17588 0.879268
165
gcm: 0.500506 1.05634 -0.809945
H: -1.9824 -0.728282 0.178528
166
gcm: 0.499744 1.05738 -0.802104
H: -1.00991 -0.530994 0.0803005
167
gcm: 0.498914 1.0583 -0.794229
H: -1.28713 -0.462965 0.715285
168
gcm: 0.498192 1.05894 -0.786336
H: -1.58524 -0.621182 0.482086
169
gcm: 0.497507 1.05919 -0.776703
H: 0.875686 -0.576535 0.160139
170
gcm: 0.496543 1.0595 -0.770324
H: -3.87057 -0.699854 0.247726
171
gcm: 0.495811 1.05987 -0.763573
H: -2.57925 -0.698002 -0.490103
172
gcm: 0.495506 1.05988 -0.756145
H: -1.1991 -0.68058 -0.63017
173
gcm: 0.495024 1.05936 -0.74827
H: -1.16292 -0.664032 0.154627
174
gcm: 0.494435 1.05922 -0.7402
H: -1.38971 -0.681832 -0.113213
175
gcm: 0.494203 1.05918 -0.732113
H: -1.52067 -0.769017 -0.773478
176
gcm: 0.494312 1.05839 -0.723696
H: -1.09738 -0.819115 -0.38762
177
gcm: 0.494375 1.05762 -0.713441
H: 1.44606 -0.633803 0.245483
178
gcm: 0.49419 1.05725 -0.705734
H: -2.09695 -0.820351 0.569068
179
gcm: 0.494722 1.05657 -0.698144
H: -2.12161 -0.937995 -0.180022
180
gcm: 0.493613 1.05619 -0.68976
H: -1.18123 -0.350592 0.180447
181
gcm: 0.492731 1.05616 -0.684691
H: -6.14346 -0.903382 0.373197
182
gcm: 0.492767 1.05524 -0.677323
H: -2.70746 -0.767857 -0.176064
183
gcm: 0.493358 1.05419 -0.668513
H: -0.000268669 -0.640408 -0.85847
184
gcm: 0.493447 1.05377 -0.65997
H: 0.459084 -0.529283 -0.772313
185
gcm: 0.494 1.05388 -0.650603
H: -3.61647 -1.10205 0.961372
186
gcm: 0.493125 1.05428 -0.64476
H: -5.82242 -0.664804 0.102286
187
gcm: 0.493888 1.0546 -0.635171
H: -0.0340363 -0.684127 -0.825781
188
gcm: 0.493899 1.05493 -0.626187
H: -0.916384 -0.681103 -0.408566
189
gcm: 0.494066 1.05515 -0.618145
H: -3.13835 -0.797695 -0.173124
190
gcm: 0.494439 1.05455 -0.61114
H: -5.24104 -0.849298 0.352513
191
gcm: 0.494407 1.05426 -0.604789
H: -5.04887 -0.896577 0.88527
192
gcm: 0.493952 1.05459 -0.598255
H: -4.07141 -0.866928 0.490293
193
gcm: 0.494006 1.05414 -0.590846
H: -3.14455 -0.808998 -0.360407
194
gcm: 0.495061 1.05351 -0.582201
H: -1.82463 -0.975529 -0.571869
195
gcm: 0.495054 1.05353 -0.57461
H: -4.10375 -0.75199 0.44199
196
gcm: 0.495526 1.05309 -0.565845
H: -2.00704 -0.912149 0.305382
197
gcm: 0.495815 1.05287 -0.559137
H: -4.81231 -0.753848 -0.48586
198
gcm: 0.496844 1.05332 -0.550584
H: -2.31245 -0.901271 -0.584038
199
gcm: 0.496574 1.0537 -0.543619
H: -5.08006 -0.586891 0.451411
200
gcm: 0.496986 1.05343 -0.536176
H: -4.3874 -0.679437 -0.169772
201
gcm: 0.497721 1.05298 -0.528534
H: -4.18034 -0.743536 0.0290007
202
gcm: 0.498355 1.05221 -0.520914
H: -4.02805 -0.619369 0.784132
203
gcm: 0.498663 1.05145 -0.513165
H: -3.16605 -0.529134 0.563625
204
gcm: 0.499015 1.05113 -0.505477
H: -2.7659 -0.543732 -0.0664704
205
gcm: 0.499535 1.05153 -0.497931
H: -3.63362 -0.379993 0.323701
206
gcm: 0.500057 1.05132 -0.490185
H: -3.48315 -0.241676 0.875795
207
gcm: 0.500617 1.05106 -0.482478
H: -2.8112 -0.413116 1.14209
208
gcm: 0.501171 1.05079 -0.475056
H: -3.64088 -0.0483049 1.24028
209
gcm: 0.501535 1.05047 -0.468526
H: -6.11986 0.134331 1.53103
210
gcm: 0.502272 1.04963 -0.46019
H: -1.18323 0.0216655 0.930406
211
gcm: 0.503213 1.04871 -0.451771
H: -1.26325 -0.258422 0.626323
212
gcm: 0.504322 1.04787 -0.44312
H: -0.523359 -0.428317 0.267852
213
gcm: 0.505429 1.04716 -0.434693
H: 0.345198 -0.367016 0.0367538
214
gcm: 0.50627 1.04648 -0.426687
H: 0.185644 -0.0301564 0.262208
215
gcm: 0.50749 1.04601 -0.417484
H: 0.293998 0.0421416 0.153295
216
gcm: 0.508756 1.04495 -0.408657
H: 0.64729 -0.128597 0.0419855
217
gcm: 0.510098 1.0436 -0.399894
H: 1.70265 -0.253707 -0.345192
218
gcm: 0.511654 1.04202 -0.39068
H: 2.35358 -0.276474 -0.624497
219
gcm: 0.513138 1.0405 -0.381375
H: 2.15258 -0.185166 -0.647755
220
gcm: 0.514367 1.03839 -0.372472
H: 1.20312 -0.172617 0.384722
221
gcm: 0.515724 1.03724 -0.363554
H: 1.40107 0.0220898 0.348579
222
gcm: 0.517396 1.03584 -0.353719
H: 2.87131 0.085387 -0.0343856
223
gcm: 0.518972 1.03418 -0.343785
H: 3.59694 0.0220882 -0.0965502
224
gcm: 0.520399 1.03355 -0.33423
H: 4.0367 0.0224125 -0.31392
225
gcm: 0.521774 1.03462 -0.324779
H: 4.16046 0.159611 -0.479618
226
gcm: 0.523419 1.03462 -0.314881
H: 4.84049 -0.054259 -1.2917
227
gcm: 0.525399 1.03379 -0.304597
H: 4.616 -0.396329 -1.43983
228
gcm: 0.527575 1.03161 -0.294857
H: 4.22495 -0.37295 -0.716284
229
gcm: 0.529584 1.03111 -0.285076
H: 4.46196 -0.101128 -0.584337
230
gcm: 0.531486 1.03089 -0.274589
H: 4.4158 -0.179246 -0.638281
231
gcm: 0.533712 1.03037 -0.264227
H: 4.61082 -0.315968 -0.940025
232
gcm: 0.535721 1.02992 -0.254522
H: 3.23603 -0.260454 -0.927144
233
gcm: 0.538224 1.02994 -0.242413
H: 3.77204 -0.0297806 -0.988242
234
gcm: 0.539807 1.0304 -0.232988
H: 2.21956 -0.0740603 1.02162
235
gcm: 0.541833 1.03096 -0.222717
H: 3.57161 -0.185569 0.123339
236
gcm: 0.544088 1.03186 -0.212064
H: 4.2644 -0.303065 -0.765709
237
gcm: 0.546092 1.03297 -0.202455
H: 3.45517 -0.221466 -0.0560372
238
gcm: 0.547816 1.03396 -0.193868
H: 2.41355 -0.409009 0.691355
239
gcm: 0.550237 1.03483 -0.184013
H: 3.03028 -0.532757 -0.100788
240
gcm: 0.552482 1.03493 -0.173413
H: 6.778 -0.495061 0.391484
241
gcm: 0.554478 1.03504 -0.162846
H: 6.44458 -0.446248 0.318094
242
gcm: 0.556342 1.03581 -0.152598
H: 6.54623 -0.457609 -0.458128
243
gcm: 0.558271 1.03725 -0.142568
H: 6.29572 -0.468783 -0.871805
244
gcm: 0.560263 1.03887 -0.132731
H: 4.95069 -0.531138 -1.00791
245
gcm: 0.562291 1.04022 -0.12308
H: 4.86536 -0.621123 -0.71171
246
gcm: 0.564254 1.04138 -0.113129
H: 5.34033 -0.458001 -0.0936438
247
gcm: 0.566396 1.043 -0.103187
H: 3.49593 -0.538815 -0.701086
248
gcm: 0.567716 1.04438 -0.0942894
H: 4.94009 -0.359701 0.607067
249
gcm: 0.569232 1.04583 -0.0852288
H: 3.82346 -0.197659 0.130841
250
gcm: 0.570967 1.04758 -0.0756742
H: 3.93926 -0.368181 -0.926729
251
gcm: 0.572664 1.04885 -0.0666949
H: 3.34662 -0.352421 -0.510882
252
gcm: 0.574166 1.05029 -0.0581868
H: 1.66239 -0.19102 0.339824
253
gcm: 0.575383 1.05228 -0.0495976
H: 0.862961 -0.114653 0.474251
254
gcm: 0.576467 1.05414 -0.0407383
H: 1.09611 0.0426235 0.145235
255
gcm: 0.57769 1.05536 -0.0317219
H: 1.37961 0.101468 0.328233
256
gcm: 0.578855 1.05642 -0.0233973
H: 0.825904 0.14277 0.513797
257
gcm: 0.579872 1.05764 -0.0155235
H: 0.0614104 0.188193 0.360424
258
gcm: 0.581069 1.05896 -0.00712844
H: -0.307775 0.448975 -0.20583
259
gcm: 0.582261 1.06036 0.00132022
H: -0.542095 0.515369 -0.469328
260
gcm: 0.583248 1.06191 0.0097625
H: -0.776467 0.594847 -0.281045
261
gcm: 0.583959 1.06418 0.0182855
H: -1.1445 0.779097 0.626331
262
gcm: 0.584578 1.06513 0.0264811
H: -1.1894 0.862484 1.2835
263
gcm: 0.585681 1.06599 0.0347176
H: -1.42732 0.736545 -0.305508
264
gcm: 0.587067 1.06685 0.0427668
H: -1.93754 0.529031 -1.60573
265
gcm: 0.588188 1.06725 0.0507541
H: -2.01021 0.693664 -0.373608
266
gcm: 0.588938 1.06671 0.0588819
H: -1.91357 0.954621 0.512377
267
gcm: 0.59004 1.06756 0.0670655
H: -2.57072 0.760828 -0.872723
268
gcm: 0.591264 1.06921 0.0753164
H: -2.57009 0.845213 -0.461663
269
gcm: 0.592365 1.06968 0.0833644
H: -2.02241 0.777433 -0.737015
270
gcm: 0.59276 1.06989 0.0915032
H: -1.85012 0.864706 0.9794
271
gcm: 0.593234 1.06907 0.0994629
H: -2.44916 0.588482 0.0742038
272
gcm: 0.593926 1.06845 0.107327
H: -2.62841 0.884529 0.653278
273
gcm: 0.594509 1.06818 0.115085
H: -2.08599 0.8688 -0.257728
274
gcm: 0.59532 1.06802 0.123259
H: -2.96031 0.747735 -0.306749
275
gcm: 0.596285 1.06751 0.131534
H: -1.57798 0.646011 -0.311728
276
gcm: 0.597097 1.06695 0.139928
H: -1.67145 0.647574 -0.280543
277
gcm: 0.597515 1.06631 0.147737
H: -3.43067 0.886872 0.365481
278
gcm: 0.598091 1.06613 0.15558
H: -2.91437 0.850986 0.194834
279
gcm: 0.598947 1.06651 0.163848
H: -1.9309 0.754491 -0.149154
280
gcm: 0.599704 1.06689 0.171841
H: -3.13161 0.69623 -0.209669
281
gcm: 0.600316 1.0672 0.179233
H: -4.36405 0.622077 -0.385231
282
gcm: 0.600807 1.06769 0.186857
H: -4.60908 0.806662 0.238711
283
gcm: 0.601273 1.06837 0.195184
H: -3.28457 0.816779 0.331138
284
gcm: 0.601894 1.06891 0.203574
H: -2.30692 0.620293 -0.189416
285
gcm: 0.602397 1.06885 0.211695
H: -4.50469 0.862886 0.0828781
286
gcm: 0.602353 1.06826 0.219119
H: -5.02821 1.08635 1.06459
287
gcm: 0.603428 1.06856 0.227852
H: -2.97787 0.494227 -1.34312
288
gcm: 0.603973 1.06922 0.235738
H: -4.11286 0.843873 0.358674
289
gcm: 0.60437 1.06871 0.243211
H: -4.95841 0.927005 0.354615
290
gcm: 0.604773 1.06843 0.250413
H: -4.79636 0.841383 -0.105865
291
gcm: 0.605032 1.06897 0.258589
H: -3.15046 0.860076 0.503246
292
gcm: 0.605356 1.06984 0.266483
H: -4.48178 0.797437 0.832524
293
gcm: 0.605229 1.07044 0.273721
H: -5.37997 0.840242 0.449716
294
gcm: 0.60541 1.07035 0.281083
H: -4.21214 0.696673 -0.772881
295
gcm: 0.606017 1.07002 0.289142
H: -4.90143 0.718333 -0.540837
296
gcm: 0.606459 1.06971 0.296733
H: -5.30838 0.659995 -0.950349
297
gcm: 0.606695 1.06963 0.303934
H: -6.15216 0.626552 -0.981281
298
gcm: 0.606511 1.07025 0.311403
H: -5.08172 0.578671 0.221288
299
gcm: 0.606404 1.071 0.319501
H: -2.8227 0.429661 0.510163
300
gcm: 0.606543 1.07121 0.327775
H: -2.74777 0.143274 -1.00414
301
gcm: 0.606872 1.07061 0.336475
H: -2.9793 -0.150937 -2.02287
302
gcm: 0.607248 1.06974 0.345367
H: -3.09197 -0.126622 -1.34766
303
gcm: 0.607376 1.06906 0.353914
H: -1.38618 -0.230919 -1.23227
304
gcm: 0.607576 1.06814 0.362514
H: -1.03058 -0.197832 -1.25218
305
gcm: 0.607651 1.06681 0.371287
H: -1.27416 -0.0123498 -0.730047
306
gcm: 0.607235 1.06542 0.37996
H: -1.38357 0.3312 0.0589445
307
gcm: 0.606596 1.06428 0.388429
H: -0.673588 0.366494 0.478588
308
gcm: 0.606256 1.06324 0.397373
H: 0.0181583 0.317865 0.694265
309
gcm: 0.605891 1.06195 0.40672
H: 1.90059 0.591154 0.519762
310
gcm: 0.604804 1.06096 0.415985
H: 2.21206 0.849471 2.22206
311
gcm: 0.603829 1.05969 0.425461
H: 1.98117 0.674091 2.11019
312
gcm: 0.603438 1.05777 0.435266
H: 1.59614 0.569904 1.306
313
gcm: 0.603028 1.0559 0.445155
H: 1.80752 0.531403 1.01328
314
gcm: 0.602349 1.05409 0.455045
H: 3.22588 0.411962 0.631197
315
gcm: 0.601428 1.05282 0.464628
H: 4.22679 0.641138 2.29866
316
gcm: 0.600466 1.05174 0.474292
H: 1.5055 0.35134 1.78158
317
gcm: 0.599565 1.05004 0.484338
H: 3.63679 0.0688589 -0.114347
318
gcm: 0.599109 1.04879 0.494932
H: 5.29177 0.287896 0.225625
319
gcm: 0.598735 1.04819 0.505974
H: 6.13502 0.468363 1.00048
320
gcm: 0.597058 1.04741 0.517022
H: 4.70357 0.546829 2.93763
321
gcm: 0.595878 1.04714 0.527787
H: 4.25507 0.391561 2.01606
322
gcm: 0.59491 1.04684 0.538615
H: 5.26941 0.316357 1.10326
323
gcm: 0.59339 1.04605 0.549317
H: 5.17461 0.317905 1.5396
324
gcm: 0.59185 1.04559 0.560124
H: 4.36026 0.363261 1.34792
325
gcm: 0.590664 1.04554 0.571043
H: 4.37931 0.380817 0.46646
326
gcm: 0.589471 1.04534 0.581528
H: 4.03913 0.299301 0.343282
327
gcm: 0.58828 1.04514 0.591766
H: 3.95607 0.255096 0.640273
328
gcm: 0.586994 1.04513 0.602238
H: 4.44757 0.380502 0.663475
329
gcm: 0.585056 1.04546 0.612898
H: 4.01013 0.48597 1.20311
330
gcm: 0.583238 1.04634 0.623408
H: 3.96293 0.44055 1.40715
331
gcm: 0.583207 1.04643 0.635382
H: 10.3665 0.24355 -0.139915
332
gcm: 0.583158 1.04704 0.646405
H: 8.15058 0.382409 -1.49724
333
gcm: 0.582341 1.04791 0.657031
H: 6.3672 0.37245 -0.507482
334
gcm: 0.581276 1.04905 0.667656
H: 5.49897 0.427605 0.655969
335
gcm: 0.580594 1.05064 0.67811
H: 5.65937 0.241802 0.211203
336
gcm: 0.580079 1.05229 0.688228
H: 5.08091 0.28429 -0.554024
337
gcm: 0.579213 1.05382 0.698232
H: 4.37933 0.605951 -0.225429
338
gcm: 0.578508 1.05519 0.708214
H: 4.59595 0.511889 -0.334035
339
gcm: 0.578225 1.0564 0.717594
H: 3.53443 0.105139 -1.19728
340
gcm: 0.577072 1.05772 0.727154
H: 2.60079 0.42751 1.02079
341
gcm: 0.576634 1.05965 0.736625
H: 2.24367 0.271107 -0.445132
342
gcm: 0.576512 1.06178 0.745882
H: 1.17916 -0.150833 -1.39375
343
gcm: 0.576427 1.06384 0.755005
H: 0.776563 -0.349938 -1.65918
344
gcm: 0.575651 1.06554 0.762875
H: -0.354654 -0.181571 0.421062
345
gcm: 0.574859 1.06669 0.77098
H: -0.314164 -0.136505 1.59476
346
gcm: 0.575703 1.06871 0.781577
H: 1.84548 -0.6189 -2.45177
347
gcm: 0.575002 1.0701 0.790231
H: -0.000901466 -0.248349 0.463943
348
gcm: 0.574304 1.07138 0.798942
H: -0.390917 -0.284747 0.844089
349
gcm: 0.573566 1.07257 0.80755
H: -1.02833 -0.332992 0.887153
350
gcm: 0.573112 1.0736 0.816196
H: -0.705562 -0.494825 -0.194239
351
gcm: 0.573084 1.07451 0.82495
H: -2.93138 -1.09886 0.0447532
352
gcm: 0.573356 1.07618 0.833324
H: 0.189509 -0.520966 -1.53738
353
gcm: 0.573299 1.07772 0.841609
H: -2.01657 -0.881822 -0.625545
354
gcm: 0.572893 1.07882 0.849885
H: -1.84398 -0.780515 0.303496
355
gcm: 0.572557 1.07923 0.85784
H: -1.94088 -0.707724 0.447227
356
gcm: 0.572351 1.07971 0.866146
H: -1.66881 -0.754266 -0.117685
357
gcm: 0.572117 1.08006 0.874561
H: -1.54662 -0.837284 -0.424841
358
gcm: 0.571804 1.0799 0.88245
H: -2.13504 -0.745662 0.307239
359
gcm: 0.571783 1.08012 0.890317
H: -1.89348 -0.80307 -0.131453
360
gcm: 0.572031 1.08058 0.898881
H: -1.32745 -0.996507 -1.33413
361
gcm: 0.572236 1.08021 0.906488
H: -2.96479 -1.11266 -0.875689
362
gcm: 0.572158 1.07974 0.914116
H: -2.72885 -0.885688 -0.0470653
363
gcm: 0.572071 1.0797 0.922176
H: -1.57488 -0.861557 -0.234226
364
gcm: 0.572004 1.07947 0.930581
H: -0.831252 -0.905947 -0.10099
365
gcm: 0.57217 1.07924 0.938665
H: -2.41623 -0.916797 0.387343
366
gcm: 0.57207 1.07894 0.946192
H: -3.68534 -0.615924 0.867356
367
gcm: 0.571889 1.07892 0.953868
H: -3.20468 -0.655865 -0.131179
368
gcm: 0.572238 1.07929 0.961689
H: -1.93259 -0.950222 -1.45873
369
gcm: 0.57246 1.07949 0.969523
H: -2.44827 -0.92835 -0.604744
370
gcm: 0.572438 1.07965 0.977255
H: -2.9578 -0.869955 -0.144759
371
gcm: 0.572494 1.07984 0.984737
H: -2.67167 -0.866533 0.0252104
372
gcm: 0.572484 1.08013 0.992515
H: -2.8264 -0.711758 0.319562
373
gcm: 0.572421 1.08068 1.00032
H: -3.52728 -0.757556 -0.140823
374
gcm: 0.572657 1.08165 1.00777
H: -3.36053 -0.915904 -0.341043
375
gcm: 0.572895 1.08238 1.01517
H: -3.29214 -0.800238 0.59736
376
gcm: 0.57299 1.08301 1.02259
H: -3.83009 -0.823784 0.252186
377
gcm: 0.573221 1.08369 1.03036
H: -3.10781 -0.910203 -0.387571
378
gcm: 0.572754 1.08301 1.03827
H: -3.46909 -0.555022 1.47181
379
gcm: 0.573317 1.08221 1.04488
H: -4.07564 -0.869525 -0.609914
380
gcm: 0.573452 1.08174 1.05213
H: -4.01919 -0.684787 -0.172236
381
gcm: 0.5736 1.08211 1.06
H: -3.84412 -0.692 0.0736502
382
gcm: 0.573873 1.08201 1.06738
H: -3.78392 -0.801848 -0.0340317
383
gcm: 0.574246 1.08181 1.07406
H: -3.7563 -0.872632 -0.185468
384
gcm: 0.574717 1.08218 1.08141
H: -3.03034 -0.799247 -0.188063
385
gcm: 0.575054 1.08277 1.08939
H: -2.88074 -0.670815 0.105722
386
gcm: 0.575137 1.08273 1.09688
H: -3.71851 -0.534042 0.780803
387
gcm: 0.575491 1.08263 1.10451
H: -3.39245 -0.500968 0.191192
388
gcm: 0.57606 1.08275 1.11242
H: -2.81371 -0.604866 -0.529813
389
gcm: 0.576242 1.0824 1.11959
H: -3.65882 -0.477319 0.809801
390
gcm: 0.576372 1.0814 1.12668
H: -4.31162 -0.273122 1.40247
391
gcm: 0.576749 1.08086 1.13428
H: -3.57471 -0.362087 0.584208
392
gcm: 0.577312 1.08119 1.14162
H: -3.06455 -0.404347 0.481264
393
gcm: 0.578348 1.08167 1.14825
H: -3.54005 -0.415585 -0.165023
394
gcm: 0.577979 1.08133 1.15526
H: -3.79806 -0.00678924 2.11876
395
gcm: 0.578348 1.08043 1.16351
H: -0.238044 0.124186 1.13868
396
gcm: 0.5793 1.07927 1.17206
H: 0.127971 0.094535 0.330949
397
gcm: 0.580409 1.07938 1.18018
H: -0.755547 -0.162937 -0.196108
398
gcm: 0.581002 1.07885 1.18816
H: -0.0375732 -0.0206142 0.821267
399
gcm: 0.581342 1.07811 1.19656
H: 0.762248 -0.00523947 0.854898
400
gcm: 0.582561 1.07725 1.2051
H: 1.06265 -0.321617 -0.809484
401
gcm: 0.584072 1.0764 1.21361
H: 0.911518 -0.389118 -0.748059
402
gcm: 0.584774 1.07534 1.22239
H: 1.04265 -0.0576603 0.649883
403
gcm: 0.585457 1.07414 1.23141
H: 2.07256 -0.137286 0.144955
404
gcm: 0.586737 1.07301 1.24046
H: 2.33933 -0.304243 -0.903511
405
gcm: 0.587976 1.07091 1.2495
H: 1.9852 -0.379586 -0.591346
406
gcm: 0.589228 1.0694 1.25879
H: 2.4073 -0.159214 -0.510255
407
gcm: 0.591241 1.06818 1.26805
H: 2.56209 -0.337695 -1.58515
408
gcm: 0.591357 1.06653 1.27771
H: 3.05366 -0.0437364 0.595764
409
gcm: 0.593274 1.06586 1.28629
H: 2.76631 -0.233777 -1.28007
410
gcm: 0.594718 1.06621 1.29553
H: 3.33505 -0.118315 -0.423002
411
gcm: 0.595964 1.06744 1.30435
H: 3.02358 -0.214648 -0.490681
412
gcm: 0.597723 1.06777 1.31401
H: 5.00297 -0.359209 -0.842316
413
gcm: 0.599632 1.06819 1.324
H: 5.35726 -0.332374 -0.815442
414
gcm: 0.601575 1.06821 1.33464
H: 5.4523 -0.151486 -1.08333
415
gcm: 0.603521 1.06817 1.34525
H: 5.45309 -0.266813 -1.21825
416
gcm: 0.605365 1.06749 1.35511
H: 4.359 -0.414933 -1.05307
417
gcm: 0.606774 1.06786 1.36453
H: 2.83073 -0.514173 -0.37363
418
gcm: 0.607913 1.06801 1.37364
H: 2.57787 -0.456691 0.610568
419
gcm: 0.609406 1.06815 1.38399
H: 4.49854 -0.270332 -0.0994877
420
gcm: 0.61118 1.06852 1.3938
H: 3.20497 -0.174379 -0.288126
421
gcm: 0.612733 1.06888 1.40419
H: 8.47358 -0.696749 0.610049
422
gcm: 0.614578 1.07047 1.41523
H: 9.2808 -1.23621 0.252739
423
gcm: 0.616711 1.0715 1.42604
H: 4.61906 -0.254054 -2.04713
424
gcm: 0.61831 1.07249 1.43573
H: 5.01308 -0.222375 -1.12685
425
gcm: 0.620111 1.07347 1.44631
H: 6.66615 -0.565215 -0.690025
426
gcm: 0.621758 1.0748 1.45591
H: 4.90209 -0.501639 -0.499247
427
gcm: 0.622946 1.07613 1.46489
H: 2.47845 -0.0111611 -0.939456
428
gcm: 0.624084 1.07727 1.47358
H: 3.64317 -0.414856 -0.460163
429
gcm: 0.625325 1.07876 1.4822
H: 4.77267 -1.11287 1.10598
430
gcm: 0.626802 1.08038 1.49137
H: 2.99487 -0.746444 0.0353666
431
gcm: 0.628175 1.08186 1.50081
H: 2.7219 -0.199969 -0.42996
432
gcm: 0.628974 1.08323 1.50831
H: 1.55017 -0.133074 1.14064
433
gcm: 0.629914 1.0844 1.51767
H: 3.70068 -0.314855 0.678602
434
gcm: 0.629787 1.0841 1.52399
H: -1.09569 0.153544 1.74713
435
gcm: 0.632813 1.08766 1.53545
H: 3.31296 -0.219497 -4.12851
436
gcm: 0.635138 1.08877 1.54585
H: 3.08751 -0.358304 -3.56324
437
gcm: 0.633944 1.08952 1.55139
H: -2.94772 0.98012 5.19998
438
gcm: 0.633487 1.09014 1.55768
H: -4.03891 0.948342 3.58292
439
gcm: 0.635789 1.09211 1.56717
H: 3.08963 -0.194638 -3.42858
440
gcm: 0.63582 1.09308 1.57364
H: -3.85212 0.513125 1.38734
441
gcm: 0.639664 1.09626 1.58513
H: 1.25813 -0.350751 -6.41378
442
gcm: 0.641545 1.09775 1.59497
H: 0.581415 0.302659 -3.15933
443
gcm: 0.64191 1.09979 1.6043
H: -0.493133 0.946619 0.646403
444
gcm: 0.641665 1.09929 1.61034
H: -4.19179 1.14732 1.96478
445
gcm: 0.642076 1.10151 1.61796
H: -1.5203 0.882638 0.697148
446
gcm: 0.642676 1.10146 1.62487
H: -1.88574 0.919333 0.983761
447
gcm: 0.643831 1.10115 1.63288
H: -0.618735 0.724936 0.00355764
448
gcm: 0.644241 1.10133 1.6403
H: -1.85768 0.844943 0.0222367
449
gcm: 0.644279 1.10159 1.64703
H: -3.36339 1.10777 1.05166
450
gcm: 0.645653 1.1018 1.6556
H: -0.610857 0.669926 -0.993466
451
gcm: 0.647059 1.10199 1.66381
H: -0.641038 0.331352 -1.68289
452
gcm: 0.647582 1.10237 1.67116
H: -1.98222 0.704619 -0.281758
453
gcm: 0.648096 1.1028 1.6791
H: -2.22957 0.892531 0.948447
454
gcm: 0.648534 1.1023 1.68664
H: -2.60848 0.845381 0.2381
455
gcm: 0.649149 1.1011 1.69419
H: -1.50073 0.767658 -0.0482012
456
gcm: 0.64963 1.09973 1.70192
H: -2.71896 0.884345 0.840129
457
gcm: 0.650135 1.09881 1.70936
H: -1.69296 0.584324 -0.735787
458
gcm: 0.651143 1.09813 1.7173
H: -0.739934 0.452051 -0.903783
459
gcm: 0.651556 1.09829 1.72416
H: -0.605114 0.720946 -0.437755
460
gcm: 0.651804 1.09873 1.73203
H: -5.59551 0.781623 0.241431
461
gcm: 0.652657 1.09862 1.74008
H: -3.55271 0.546481 -0.454208
462
gcm: 0.653147 1.09897 1.74777
H: -2.51659 0.839193 0.741503
463
gcm: 0.653188 1.09969 1.75462
H: -2.05956 0.986337 1.51888
464
gcm: 0.653666 1.0993 1.76155
H: -1.71274 0.434288 -0.811857
465
gcm: 0.654241 1.09846 1.7696
H: -4.60953 0.657202 -0.288317
466
gcm: 0.654119 1.0984 1.77648
H: -2.09607 0.859775 1.03984
467
gcm: 0.654483 1.09971 1.78469
H: -4.43529 0.470738 0.633828
468
gcm: 0.655407 1.10013 1.7917
H: -2.26081 0.405565 -1.12718
469
gcm: 0.655722 1.09898 1.79952
H: -4.33775 0.553996 -0.40903
470
gcm: 0.655238 1.09888 1.80643
H: -2.2599 0.922319 0.794094
471
gcm: 0.655495 1.09967 1.8134
H: -2.4652 0.761282 0.263304
472
gcm: 0.656147 1.09963 1.82064
H: -2.66045 0.434242 -0.607963
473
gcm: 0.656263 1.09937 1.82813
H: -4.8539 0.759374 0.0305911
474
gcm: 0.656256 1.09998 1.83628
H: -5.09025 0.733122 0.517824
475
gcm: 0.656656 1.10041 1.8447
H: -4.39767 0.619922 -0.0647974
476
gcm: 0.656783 1.09957 1.8517
H: -3.20441 0.671612 -0.0267603
477
gcm: 0.656471 1.09826 1.85742
H: -0.256606 0.684077 -0.0105055
478
gcm: 0.656274 1.09835 1.86535
H: -4.91601 0.63013 0.355675
479
gcm: 0.656074 1.09864 1.87314
H: -4.50903 0.598113 0.723678
480
gcm: 0.656046 1.09858 1.88111
H: -4.26071 0.591538 0.355337
481
gcm: 0.656409 1.09837 1.88833
H: -6.5085 0.483191 -1.24785
482
gcm: 0.656624 1.09801 1.89514
H: -4.87429 0.488035 -0.600245
483
gcm: 0.65679 1.09745 1.90301
H: -0.730185 0.249301 -0.147281
484
gcm: 0.656325 1.0969 1.91072
H: -0.558953 0.346949 0.0818713
485
gcm: 0.655871 1.09648 1.91913
H: -1.90891 0.331409 0.146503
486
gcm: 0.6558 1.09605 1.92865
H: -4.22323 0.177549 -0.662649
487
gcm: 0.65559 1.09509 1.93735
H: -3.55332 0.213289 -0.612193
488
gcm: 0.654746 1.094 1.94572
H: -2.59751 0.249737 0.04658
489
gcm: 0.65363 1.093 1.95425
H: -1.68457 0.401376 1.23697
490
gcm: 0.653259 1.09192 1.96275
H: 0.150958 0.625682 0.449785
491
gcm: 0.653151 1.09087 1.97163
H: 0.114856 -0.335253 -1.06604
492
gcm: 0.652864 1.08933 1.98024
H: 1.84427 -0.0825408 -0.423085
493
gcm: 0.652054 1.08778 1.98876
H: 1.04307 0.162817 -0.0657269
494
gcm: 0.650996 1.08611 1.99718
H: 1.42492 -0.367984 -0.459375
495
gcm: 0.650004 1.08501 2.00567
H: 0.567217 0.431572 0.338069
496
gcm: 0.64926 1.08447 2.01444
H: 0.570246 0.11241 0.337658
497
gcm: 0.648415 1.08224 2.0237
H: 0.709966 0.191277 0.0824469
498
gcm: 0.64705 1.07897 2.03276
H: -0.146829 0.21637 1.15745
499
gcm: 0.64551 1.07742 2.04184
H: 0.776942 0.297876 1.02685
500
gcm: 0.643981 1.07622 2.05096
H: 2.24926 0.208549 0.376821
501
gcm: 0.643314 1.07377 2.06114
H: 2.00392 0.0526076 -0.862709
502
gcm: 0.642503 1.07202 2.07115
H: 1.80848 -0.0185489 -0.697768
503
gcm: 0.640963 1.07176 2.08119
H: 2.16283 0.191001 0.442537
504
gcm: 0.638571 1.07225 2.09138
H: 1.6312 0.439718 1.94041
505
gcm: 0.637447 1.07199 2.10156
H: 2.24551 0.0414268 -0.895114
506
gcm: 0.635581 1.07177 2.11228
H: 2.52824 0.198832 -0.153246
507
gcm: 0.634177 1.07104 2.12265
H: 2.42986 0.215848 0.453022
508
gcm: 0.633104 1.07075 2.13222
H: 1.82525 0.101439 -0.420077
509
gcm: 0.630815 1.07143 2.14317
H: 3.63759 0.427743 0.80465
510
gcm: 0.628733 1.07204 2.15322
H: 2.96828 0.333616 1.31993
511
gcm: 0.626739 1.07223 2.16331
H: 3.27932 0.638014 0.268527
512
gcm: 0.624656 1.07261 2.17245
H: 2.87194 0.442094 -0.0378734
513
gcm: 0.622937 1.07332 2.18053
H: 1.79478 -0.0720686 0.00440649
514
gcm: 0.621584 1.07423 2.19072
H: 4.20514 0.395617 -1.1371
515
gcm: 0.619977 1.07478 2.20029
H: 3.36827 0.51305 0.165635
516
gcm: 0.618469 1.07446 2.21298
H: 12.4393 0.940731 0.194577
516
gcm: 0.618469 1.07446 2.21298
H: 0 0 0
