:metadata
 
Skeleton: /Network/Servers/duerer/Volumes/duerer/laturnus/workspace/new_acm/asf/07-walk.asf
Motion: /Network/Servers/duerer/Volumes/duerer/laturnus/workspace/new_acm/amc/07_05-walk.amc
Mass Distribution: /Network/Servers/duerer/Volumes/duerer/laturnus/workspace/new_acm/amd/NHR03-06_point.amd
 
Inital skeleton translation: 0 0 0
Initial skeleton rotation: 0 0 0
 
:data
1
gcm: 0.46183 0.983035 -2.17099
H: -4.51219 -1.25312 -1.11805
2
gcm: 0.461942 0.982535 -2.16414
H: -3.88168 -1.03784 -0.397416
3
gcm: 0.461698 0.982292 -2.15719
H: -4.33564 -0.539523 0.415971
4
gcm: 0.462115 0.982301 -2.14961
H: -3.66742 -0.74593 0.364001
5
gcm: 0.462842 0.982466 -2.14196
H: -4.57931 -1.03625 -0.332132
6
gcm: 0.46353 0.983171 -2.13449
H: -5.00934 -1.03528 -0.456961
7
gcm: 0.463867 0.983354 -2.12706
H: -27.7615 0.94826 -8.27391
8
gcm: 0.464289 0.982345 -2.11983
H: -3.08592 -0.602726 -0.446309
9
gcm: 0.46458 0.982324 -2.1125
H: -3.80458 -0.604188 0.00307228
10
gcm: 0.464953 0.982669 -2.10514
H: -4.5807 -0.471336 0.178575
11
gcm: 0.465622 0.982399 -2.0977
H: -4.47436 -0.394507 -0.114811
12
gcm: 0.466237 0.982466 -2.09018
H: -2.2905 -0.190586 1.55908
13
gcm: 0.466674 0.982175 -2.08278
H: -3.47726 -0.0829742 0.823924
14
gcm: 0.466962 0.981063 -2.07535
H: -3.3602 0.0174306 1.37751
15
gcm: 0.467592 0.980181 -2.06764
H: -1.70221 -0.265063 1.2641
16
gcm: 0.468326 0.979516 -2.06007
H: -2.43106 -0.305941 0.761908
17
gcm: 0.468956 0.979383 -2.05255
H: -2.35352 0.208601 1.24776
18
gcm: 0.469047 0.97981 -2.04473
H: -0.977578 0.470031 1.1458
19
gcm: 0.467711 0.979967 -2.03888
H: -3.36562 0.696614 1.86414
20
gcm: 0.468706 0.97952 -2.03124
H: -1.58496 -0.264462 0.259879
21
gcm: 0.471734 0.978555 -2.02196
H: 0.115252 -1.03065 -1.88902
22
gcm: 0.470526 0.978176 -2.01667
H: -4.36853 1.12216 3.10141
23
gcm: 0.474354 0.976062 -2.00623
H: 0.0123394 -1.62024 -3.93093
24
gcm: 0.474502 0.976335 -1.99794
H: 2.27515 0.700778 1.70692
25
gcm: 0.476808 0.976037 -1.99005
H: 0.26072 -1.16019 -2.14193
26
gcm: 0.477455 0.975279 -1.9821
H: 1.11445 -0.0768376 0.514038
27
gcm: 0.478417 0.973631 -1.97404
H: 1.92864 -0.101777 -0.470269
28
gcm: 0.480124 0.973423 -1.96499
H: -3.21791 0.462065 -3.55507
29
gcm: 0.481995 0.973139 -1.95605
H: 3.07494 0.037924 -0.228972
30
gcm: 0.483564 0.972736 -1.94747
H: 4.29748 -0.147401 0.00569276
31
gcm: 0.485003 0.972145 -1.93868
H: 6.95056 -0.505177 0.403151
32
gcm: 0.486589 0.971478 -1.92943
H: 6.46937 -0.105763 -0.369661
33
gcm: 0.488222 0.972242 -1.91999
H: 6.13384 0.162582 -0.563898
34
gcm: 0.490142 0.972505 -1.91093
H: 6.51976 -0.0372121 -1.38589
35
gcm: 0.492256 0.971131 -1.90214
H: 8.38047 -0.597629 -1.22459
36
gcm: 0.494154 0.970365 -1.89311
H: 11.5892 -0.769163 1.58423
37
gcm: 0.496443 0.970606 -1.8835
H: 0.243681 1.03799 -2.4829
38
gcm: 0.499386 0.970795 -1.87332
H: 11.9677 -1.34738 1.51678
39
gcm: 0.500271 0.971327 -1.86468
H: -0.62858 1.56583 -1.91634
40
gcm: 0.501472 0.97135 -1.85573
H: 3.06856 0.606839 -0.161452
41
gcm: 0.50405 0.97084 -1.84644
H: 2.98567 -0.240372 -0.213955
42
gcm: 0.506311 0.970067 -1.83737
H: 2.55962 -0.0639615 -0.400259
43
gcm: 0.508038 0.973738 -1.82734
H: 6.72117 -0.806505 0.161767
44
gcm: 0.510116 0.974751 -1.81671
H: 12.1165 -1.38551 0.678573
45
gcm: 0.512166 0.975267 -1.80671
H: 7.49516 -0.982606 1.18351
46
gcm: 0.51438 0.976502 -1.79668
H: 5.81978 -0.823521 0.390909
47
gcm: 0.51678 0.978323 -1.78671
H: 6.17157 -0.942716 -0.384891
48
gcm: 0.519132 0.979857 -1.77692
H: 6.50929 -0.78901 -1.13117
49
gcm: 0.521198 0.980757 -1.76754
H: 5.75145 -0.595407 -0.335432
50
gcm: 0.523021 0.981539 -1.75858
H: 5.72857 -0.763127 0.583757
51
gcm: 0.524768 0.982917 -1.74969
H: 6.17811 -0.997692 -0.167674
52
gcm: 0.526478 0.984731 -1.74085
H: 5.36041 -0.89094 0.0130637
53
gcm: 0.528163 0.986371 -1.73219
H: 4.23811 -0.724985 1.1403
54
gcm: 0.529949 0.98784 -1.72356
H: 4.41486 -0.86346 0.820557
55
gcm: 0.531671 0.989261 -1.7149
H: 4.90443 -0.898514 -0.0358448
56
gcm: 0.533379 0.990906 -1.70616
H: 5.10489 -0.713456 -0.298174
57
gcm: 0.535067 0.992637 -1.69729
H: 5.02825 -0.749805 0.29137
58
gcm: 0.536306 0.994169 -1.68898
H: 3.16932 -0.525235 1.10416
59
gcm: 0.537687 0.995689 -1.68139
H: 1.28134 -0.198729 0.432175
60
gcm: 0.539561 0.99703 -1.67352
H: 1.17032 -0.293031 -0.385515
61
gcm: 0.541117 0.998311 -1.66532
H: 0.853712 -0.0869148 -0.30819
62
gcm: 0.542347 0.999666 -1.65748
H: -0.0248001 0.392438 -0.460872
63
gcm: 0.543556 1.00138 -1.6497
H: -0.57488 0.402121 -0.549396
64
gcm: 0.544557 1.00284 -1.64186
H: -0.337736 0.179216 0.0340317
65
gcm: 0.545311 1.00432 -1.63434
H: -0.387242 0.312195 0.220213
66
gcm: 0.54622 1.00531 -1.62727
H: -0.778887 0.594175 -0.281972
67
gcm: 0.547456 1.00618 -1.61997
H: -1.55351 0.642197 -0.603559
68
gcm: 0.548612 1.00729 -1.61245
H: -2.01548 0.587346 -0.597556
69
gcm: 0.549498 1.00799 -1.60498
H: -1.76053 0.765006 -0.00468844
70
gcm: 0.550225 1.00851 -1.59741
H: -2.23158 0.910353 0.240433
71
gcm: 0.551106 1.00886 -1.59048
H: -2.57012 0.666841 -0.447872
72
gcm: 0.551985 1.00876 -1.58375
H: -2.66697 0.628876 -0.705349
73
gcm: 0.552795 1.00902 -1.57614
H: -2.62839 0.618993 -0.683683
74
gcm: 0.553594 1.00936 -1.56849
H: -2.29382 0.526536 -0.550869
75
gcm: 0.554261 1.00928 -1.56124
H: -2.00407 0.971022 1.0192
76
gcm: 0.554909 1.00836 -1.55396
H: -2.21801 0.820815 -0.594865
77
gcm: 0.55585 1.0079 -1.54651
H: -1.95874 0.506329 -1.47943
78
gcm: 0.556725 1.00739 -1.53913
H: -1.86553 0.643903 -0.41202
79
gcm: 0.557418 1.00704 -1.53186
H: -2.46301 0.610776 0.613223
80
gcm: 0.557992 1.00666 -1.5246
H: -3.38636 0.200153 0.701138
81
gcm: 0.558455 1.00645 -1.51722
H: -2.66117 0.91252 -0.0205419
82
gcm: 0.55897 1.006 -1.50977
H: -1.27378 0.795141 -0.346716
83
gcm: 0.559555 1.00507 -1.50231
H: -1.5476 0.675482 -0.219656
84
gcm: 0.560003 1.00432 -1.49475
H: -3.22964 0.76226 -0.427652
85
gcm: 0.560449 1.00354 -1.48721
H: -1.90166 0.624673 0.261589
86
gcm: 0.560896 1.00293 -1.4797
H: -2.84481 0.746362 -0.134048
87
gcm: 0.56121 1.0028 -1.4721
H: -3.87239 0.896642 -0.662834
88
gcm: 0.561497 1.00269 -1.46481
H: -4.34713 0.925497 -0.108093
89
gcm: 0.561841 1.0024 -1.45766
H: -4.4355 0.814571 0.476989
90
gcm: 0.562296 1.00201 -1.45023
H: -3.92766 0.692095 -0.0362697
91
gcm: 0.562737 1.00154 -1.44289
H: -3.08643 0.73516 -0.448109
92
gcm: 0.563028 1.00103 -1.43589
H: -2.77984 0.713901 0.151016
93
gcm: 0.56336 1.001 -1.42874
H: -3.27401 0.67281 -0.30704
94
gcm: 0.563875 1.00128 -1.42127
H: -4.13562 0.627075 -0.845087
95
gcm: 0.564331 1.0012 -1.41403
H: -4.2508 0.549513 -0.429221
96
gcm: 0.564455 1.00083 -1.40685
H: -3.8092 0.638785 0.0128401
97
gcm: 0.56428 1.00049 -1.39959
H: -3.9988 0.803128 0.518018
98
gcm: 0.564243 1.00034 -1.3923
H: -3.62555 0.769994 0.40392
99
gcm: 0.564531 1.00023 -1.38488
H: -3.4985 0.663345 0.132988
100
gcm: 0.564943 1.00007 -1.37742
H: -4.58572 0.591646 -0.398657
101
gcm: 0.564998 1.00064 -1.37021
H: -4.78849 0.625262 -0.374306
102
gcm: 0.564824 1.00157 -1.36308
H: -4.2949 0.728692 0.286507
103
gcm: 0.564994 1.00144 -1.35568
H: -4.73477 0.674909 0.0742291
104
gcm: 0.56518 1.00143 -1.34817
H: -4.93348 0.648592 0.0253412
105
gcm: 0.565094 1.00204 -1.34084
H: -5.19055 0.683429 0.220666
106
gcm: 0.564934 1.00139 -1.33364
H: -5.47591 0.597998 -0.0372244
107
gcm: 0.564947 1.00026 -1.32645
H: -5.3813 0.439679 -0.128723
108
gcm: 0.565175 1.00019 -1.31965
H: -8.87523 0.366479 0.339734
109
gcm: 0.564506 1.00029 -1.31237
H: -2.06944 0.279456 -1.00945
110
gcm: 0.564003 1.0001 -1.30444
H: -2.51024 0.419076 -0.256096
111
gcm: 0.563908 0.999587 -1.29635
H: -1.92513 0.400739 0.023903
112
gcm: 0.56394 0.999095 -1.28854
H: -1.02382 0.258703 -0.173719
113
gcm: 0.563702 0.998541 -1.28077
H: -1.80254 0.152743 -0.44401
114
gcm: 0.563393 0.997466 -1.27276
H: -2.18336 0.0248925 -0.688798
115
gcm: 0.563041 0.996167 -1.26474
H: -1.48874 0.0718925 -0.26578
116
gcm: 0.562475 0.995059 -1.25692
H: -1.50609 0.149954 -0.202944
117
gcm: 0.562004 0.994303 -1.24881
H: -0.708808 0.037845 -0.556705
118
gcm: 0.561639 0.994022 -1.24065
H: -0.0966663 -0.0553429 -0.307035
119
gcm: 0.560841 0.993615 -1.23274
H: -0.7491 -0.0881326 -0.162422
120
gcm: 0.559939 0.992789 -1.22456
H: -1.69081 -0.252166 -0.857268
121
gcm: 0.559258 0.991421 -1.21624
H: 0.0391659 -0.0335898 -0.516428
122
gcm: 0.558409 0.99018 -1.20795
H: -0.0854712 0.137505 -0.0422471
123
gcm: 0.557316 0.989741 -1.19945
H: 0.594937 0.122673 0.441937
124
gcm: 0.556279 0.989379 -1.19082
H: 1.44083 0.0495054 -0.0830061
125
gcm: 0.555617 0.988734 -1.18209
H: 1.14255 -0.120156 -0.506047
126
gcm: 0.554807 0.987714 -1.17319
H: 1.17854 0.0512932 0.418772
127
gcm: 0.553409 0.986748 -1.16397
H: 0.850263 0.264822 0.907653
128
gcm: 0.551986 0.986328 -1.15474
H: 1.00507 -0.115117 0.417465
129
gcm: 0.550892 0.985752 -1.14558
H: 2.85323 -0.00105536 -0.0137455
130
gcm: 0.549762 0.98447 -1.13636
H: 3.70816 0.187274 0.358616
131
gcm: 0.548215 0.983234 -1.12707
H: 4.23022 -0.0327572 1.03409
132
gcm: 0.546721 0.983101 -1.11745
H: 5.72007 -0.222344 0.758782
133
gcm: 0.545392 0.98376 -1.10732
H: 6.29432 0.119232 0.884634
134
gcm: 0.543508 0.984385 -1.0973
H: 4.95031 0.384837 1.78953
135
gcm: 0.541482 0.984607 -1.08751
H: 4.64154 0.103709 1.18067
136
gcm: 0.539769 0.984418 -1.07756
H: 4.97126 -0.0572434 0.674043
137
gcm: 0.538044 0.983917 -1.06766
H: 4.99332 0.176217 1.11911
138
gcm: 0.536594 0.98337 -1.05785
H: 5.66751 0.385696 0.390731
139
gcm: 0.535176 0.983366 -1.04797
H: 5.6963 0.264087 -0.112309
140
gcm: 0.533338 0.983811 -1.03806
H: 5.1255 0.458385 0.387703
141
gcm: 0.531506 0.984414 -1.02821
H: 3.45677 0.040401 0.615184
142
gcm: 0.529794 0.985508 -1.01854
H: 2.95304 -0.373347 0.0621291
143
gcm: 0.527694 0.986513 -1.00904
H: 3.95053 1.02411 0.20519
144
gcm: 0.525601 0.987159 -0.999398
H: 4.18688 0.102797 0.676533
145
gcm: 0.52414 0.988556 -0.989921
H: 3.52278 0.208471 -0.311711
146
gcm: 0.522674 0.99055 -0.980809
H: 2.79618 0.214205 -0.679865
147
gcm: 0.520955 0.991991 -0.971079
H: 8.02862 1.0015 0.106395
148
gcm: 0.519433 0.993361 -0.960822
H: 12.3188 1.39897 0.294915
149
gcm: 0.517977 0.995459 -0.951308
H: 7.72627 1.11577 0.0780731
150
gcm: 0.516547 0.997488 -0.941836
H: 6.48946 0.958965 -0.132323
151
gcm: 0.515028 0.999107 -0.932604
H: 5.56257 1.24934 -0.0725349
152
gcm: 0.51344 1.00088 -0.923748
H: 5.76202 1.24227 -0.0333134
153
gcm: 0.512198 1.00311 -0.914883
H: 5.42947 1.0822 -0.418473
154
gcm: 0.51102 1.00542 -0.906198
H: 2.66343 0.682613 -0.0665738
155
gcm: 0.509602 1.00782 -0.897734
H: -0.577071 0.356593 0.481662
156
gcm: 0.508417 1.0103 -0.88891
H: -0.138901 0.627346 -0.369205
157
gcm: 0.507493 1.01247 -0.880141
H: 0.865239 0.690749 -1.04304
158
gcm: 0.506694 1.0145 -0.871773
H: 0.69363 0.15691 -1.64648
159
gcm: 0.505808 1.01617 -0.863593
H: 0.288506 0.165957 -0.708421
160
gcm: 0.504691 1.01761 -0.855452
H: -0.125621 0.175904 0.727295
161
gcm: 0.50359 1.01947 -0.847507
H: -1.38059 0.0038939 0.601548
162
gcm: 0.502577 1.02142 -0.839555
H: 0.276708 0.489701 -0.620543
163
gcm: 0.501838 1.02318 -0.831181
H: 5.55239 1.29535 -2.36656
164
gcm: 0.501209 1.02467 -0.822543
H: -6.15271 -1.67275 1.48863
165
gcm: 0.500485 1.02596 -0.814336
H: -2.69413 -0.788122 0.436184
166
gcm: 0.499726 1.02696 -0.806494
H: -0.752695 -0.421569 0.0988222
167
gcm: 0.498874 1.02783 -0.798619
H: -1.19585 -0.394568 0.69637
168
gcm: 0.498134 1.02841 -0.790713
H: -1.85859 -0.685187 0.652767
169
gcm: 0.497479 1.02858 -0.781172
H: 1.4014 -0.652653 0.365671
170
gcm: 0.496558 1.02885 -0.77464
H: -4.70473 -0.707414 0.29561
171
gcm: 0.495865 1.02915 -0.767772
H: -2.87279 -0.684566 -0.527343
172
gcm: 0.495564 1.02908 -0.760287
H: -0.979292 -0.631378 -0.605436
173
gcm: 0.495071 1.02848 -0.752356
H: -0.826895 -0.634965 -9.45226e-05
174
gcm: 0.494508 1.02826 -0.74421
H: -1.26303 -0.665577 -0.315252
175
gcm: 0.494295 1.02814 -0.736068
H: -1.78295 -0.821537 -0.762314
176
gcm: 0.494398 1.02727 -0.727617
H: -1.30268 -0.953213 -0.337767
177
gcm: 0.494472 1.0264 -0.717439
H: 2.12013 -0.713284 0.343584
178
gcm: 0.494283 1.02595 -0.7096
H: -2.23126 -0.925342 0.633487
179
gcm: 0.494754 1.02519 -0.701836
H: -2.06634 -1.04956 -0.443581
180
gcm: 0.493808 1.02473 -0.693334
H: -1.23582 -0.204493 0.456389
181
gcm: 0.493019 1.02462 -0.687936
H: -8.02572 -1.05695 0.735105
182
gcm: 0.493087 1.02362 -0.680398
H: -3.25409 -0.814568 -0.171352
183
gcm: 0.493678 1.02248 -0.671479
H: 0.516408 -0.582067 -1.07448
184
gcm: 0.493752 1.02197 -0.66283
H: 1.5205 -0.457103 -1.24473
185
gcm: 0.494271 1.02202 -0.653356
H: -5.14094 -1.39204 1.55454
186
gcm: 0.493583 1.02236 -0.647145
H: -7.41355 -0.61527 0.293317
187
gcm: 0.49433 1.02258 -0.637478
H: 0.282959 -0.731101 -1.2185
188
gcm: 0.494359 1.02282 -0.628321
H: -0.637398 -0.736406 -0.736697
189
gcm: 0.494553 1.02298 -0.620044
H: -4.14202 -0.904443 -0.206488
190
gcm: 0.49494 1.02233 -0.612764
H: -6.99624 -0.967018 0.486069
191
gcm: 0.494942 1.02199 -0.606069
H: -6.32579 -1.03744 1.3567
192
gcm: 0.494561 1.02229 -0.599185
H: -5.16993 -0.998634 0.827157
193
gcm: 0.494656 1.02181 -0.591498
H: -3.96166 -0.865022 -0.602155
194
gcm: 0.495671 1.02114 -0.582669
H: -1.99569 -1.20376 -0.79259
195
gcm: 0.495691 1.02115 -0.574815
H: -5.16022 -0.923452 0.30222
196
gcm: 0.496138 1.0207 -0.565882
H: -2.34346 -1.08676 0.0681757
197
gcm: 0.496496 1.02049 -0.558826
H: -6.1358 -0.896523 -0.481927
198
gcm: 0.497494 1.02096 -0.550072
H: -2.85695 -1.08488 -0.608315
199
gcm: 0.497318 1.02137 -0.542771
H: -6.59691 -0.646853 0.462153
200
gcm: 0.49779 1.02112 -0.53502
H: -5.82596 -0.796219 -0.363071
201
gcm: 0.498551 1.02072 -0.527137
H: -5.44561 -0.898847 -0.0534964
202
gcm: 0.499185 1.01999 -0.519304
H: -5.3112 -0.739519 0.80725
203
gcm: 0.49949 1.01928 -0.511329
H: -4.13062 -0.622833 0.482165
204
gcm: 0.499876 1.019 -0.503417
H: -3.39224 -0.613064 -0.127696
205
gcm: 0.500442 1.01944 -0.49566
H: -4.90993 -0.372774 0.308444
206
gcm: 0.50098 1.01927 -0.487706
H: -4.7598 -0.243772 0.919507
207
gcm: 0.501529 1.01906 -0.479803
H: -3.5504 -0.522254 1.2092
208
gcm: 0.502079 1.01881 -0.472196
H: -4.80293 0.0190291 1.01768
209
gcm: 0.502457 1.01845 -0.465336
H: -8.12683 0.354983 1.476
210
gcm: 0.503181 1.01767 -0.456968
H: -1.40531 -0.0135911 1.04605
211
gcm: 0.504097 1.0168 -0.448522
H: -1.57749 -0.36224 0.621266
212
gcm: 0.505155 1.01601 -0.439884
H: -0.592888 -0.618523 0.0790352
213
gcm: 0.506226 1.01532 -0.431501
H: 0.544857 -0.582585 -0.16114
214
gcm: 0.507034 1.01466 -0.423554
H: 0.170162 -0.00604343 0.207258
215
gcm: 0.508218 1.01421 -0.414374
H: -0.546419 0.187124 0.398148
216
gcm: 0.509441 1.01316 -0.405577
H: 0.0868948 0.00254023 0.292503
217
gcm: 0.510725 1.01181 -0.396894
H: 2.46078 -0.235272 -0.447323
218
gcm: 0.512201 1.01023 -0.387782
H: 3.62395 -0.306086 -0.971526
219
gcm: 0.513612 1.00872 -0.378588
H: 2.8592 -0.167696 -0.973165
220
gcm: 0.514779 1.00661 -0.369844
H: 1.6398 -0.162113 0.401932
221
gcm: 0.516076 1.00545 -0.361093
H: 1.64645 0.0893826 0.444553
222
gcm: 0.517673 1.00402 -0.351433
H: 3.01481 0.185692 0.0629621
223
gcm: 0.519187 1.00233 -0.341673
H: 4.09255 0.0929035 -0.00308596
224
gcm: 0.520571 1.00165 -0.332286
H: 4.9287 0.124363 -0.262186
225
gcm: 0.52191 1.00267 -0.323024
H: 5.31151 0.328724 -0.577913
226
gcm: 0.523506 1.00262 -0.313327
H: 6.6234 0.0671822 -1.6555
227
gcm: 0.525405 1.00175 -0.30327
H: 5.95014 -0.364258 -1.62325
228
gcm: 0.527505 0.99953 -0.293804
H: 5.29515 -0.350615 -0.561443
229
gcm: 0.529463 0.998995 -0.284294
H: 5.90337 -0.0493727 -0.426005
230
gcm: 0.531297 0.998754 -0.274033
H: 5.47641 -0.203969 -0.654614
231
gcm: 0.533453 0.998217 -0.263889
H: 5.92552 -0.261436 -0.893627
232
gcm: 0.535427 0.99776 -0.254431
H: 4.11445 -0.177906 -0.970298
233
gcm: 0.537898 0.997799 -0.24248
H: 4.13872 0.0707543 -0.866356
234
gcm: 0.53938 0.99827 -0.233345
H: 2.69773 -0.010904 1.24994
235
gcm: 0.541334 0.998833 -0.223337
H: 4.43737 -0.115434 0.44431
236
gcm: 0.543549 0.999735 -0.212899
H: 5.28556 -0.320497 -0.489609
237
gcm: 0.545507 1.00086 -0.203529
H: 4.28386 -0.282999 0.114366
238
gcm: 0.547162 1.00183 -0.19523
H: 2.97357 -0.526668 0.825261
239
gcm: 0.549539 1.00271 -0.185583
H: 3.23294 -0.648752 0.316391
240
gcm: 0.551787 1.00299 -0.175412
H: 8.54119 -0.851472 0.899522
241
gcm: 0.553792 1.00329 -0.165234
H: 8.44402 -0.860718 0.823919
242
gcm: 0.555695 1.00422 -0.155294
H: 8.90874 -0.88452 -0.237833
243
gcm: 0.557667 1.0058 -0.14556
H: 8.30301 -0.82636 -0.671117
244
gcm: 0.559677 1.00758 -0.136038
H: 6.0902 -0.834985 -0.694625
245
gcm: 0.561723 1.00909 -0.126677
H: 5.96441 -0.984874 -0.322774
246
gcm: 0.563723 1.01041 -0.117003
H: 6.85478 -0.812705 0.2625
247
gcm: 0.565906 1.01217 -0.107366
H: 4.66785 -0.957572 -0.524243
248
gcm: 0.567306 1.01365 -0.0985829
H: 6.5213 -0.757205 0.616925
249
gcm: 0.568884 1.01522 -0.0896432
H: 4.58546 -0.400169 0.369646
250
gcm: 0.570675 1.0171 -0.0802337
H: 4.73246 -0.653605 -0.529728
251
gcm: 0.572405 1.01848 -0.0714127
H: 4.13344 -0.591948 -0.119177
252
gcm: 0.573919 1.02002 -0.0630234
H: 2.03022 -0.406121 0.629565
253
gcm: 0.575165 1.0221 -0.0545116
H: 1.23804 -0.389617 0.623067
254
gcm: 0.576292 1.02402 -0.0457109
H: 1.44454 -0.173875 0.134284
255
gcm: 0.57753 1.02532 -0.0367445
H: 1.63426 -0.0476396 0.533284
256
gcm: 0.578692 1.02644 -0.0284581
H: 1.17123 0.00715021 0.868934
257
gcm: 0.579714 1.02768 -0.0205991
H: 0.42731 0.01299 0.507343
258
gcm: 0.580923 1.02904 -0.0122005
H: -0.40564 0.428194 -0.0728347
259
gcm: 0.582116 1.03045 -0.00373034
H: -0.81756 0.527879 -0.276163
260
gcm: 0.583102 1.03199 0.00475332
H: -0.957679 0.56437 -0.294707
261
gcm: 0.583806 1.03421 0.0133192
H: -1.56094 0.821592 0.322219
262
gcm: 0.584392 1.03511 0.0215516
H: -1.45302 0.918473 1.0101
263
gcm: 0.585471 1.03591 0.0298569
H: -1.58219 0.770146 -0.325133
264
gcm: 0.586855 1.03671 0.038001
H: -2.22677 0.549928 -1.6055
265
gcm: 0.587954 1.03705 0.0461002
H: -2.34942 0.721674 -0.369144
266
gcm: 0.588693 1.03642 0.0543599
H: -2.47522 1.04427 0.523816
267
gcm: 0.5898 1.03719 0.0626592
H: -3.66329 0.867684 -0.942694
268
gcm: 0.591007 1.03875 0.0710123
H: -3.43008 0.965249 -0.495257
269
gcm: 0.592081 1.03913 0.0792041
H: -2.1841 0.847091 -0.576615
270
gcm: 0.592438 1.03922 0.0874935
H: -1.8031 0.835348 0.740124
271
gcm: 0.592835 1.0383 0.0955641
H: -2.90134 0.563106 0.00375482
272
gcm: 0.593495 1.03757 0.103541
H: -3.46008 0.994573 0.626086
273
gcm: 0.594077 1.03721 0.111467
H: -2.68036 1.00675 -0.352947
274
gcm: 0.594849 1.03693 0.119753
H: -3.53374 0.786043 -0.438099
275
gcm: 0.595789 1.03633 0.128223
H: -1.56262 0.680296 -0.316601
276
gcm: 0.596581 1.03567 0.136819
H: -1.81855 0.700779 -0.381425
277
gcm: 0.596957 1.03493 0.144803
H: -4.07158 0.944928 0.273271
278
gcm: 0.597503 1.03465 0.152836
H: -3.32519 0.912778 0.272863
279
gcm: 0.598337 1.03494 0.161327
H: -2.27823 0.884363 0.0218012
280
gcm: 0.599054 1.03521 0.169534
H: -3.86334 0.790875 0.0443219
281
gcm: 0.599622 1.03543 0.17713
H: -5.19793 0.606251 -0.281845
282
gcm: 0.600058 1.03583 0.184967
H: -5.66055 0.845112 0.15481
283
gcm: 0.600474 1.03645 0.193542
H: -4.50077 0.929018 0.222366
284
gcm: 0.60108 1.03691 0.202225
H: -3.40237 0.730123 -0.0966539
285
gcm: 0.601574 1.03679 0.210631
H: -5.80098 0.997524 0.358202
286
gcm: 0.601498 1.03613 0.218283
H: -6.20522 1.22313 1.05575
287
gcm: 0.602588 1.03641 0.227323
H: -4.15117 0.603667 -1.2719
288
gcm: 0.603105 1.03703 0.235494
H: -5.25761 0.997162 0.447371
289
gcm: 0.60349 1.03649 0.243259
H: -6.11993 1.10626 0.633407
290
gcm: 0.603903 1.03617 0.250718
H: -5.4796 1.03115 0.203647
291
gcm: 0.604157 1.03671 0.259164
H: -3.83419 1.04484 0.658639
292
gcm: 0.604481 1.03757 0.267303
H: -6.12759 0.980716 1.2977
293
gcm: 0.604348 1.03817 0.274813
H: -6.84613 0.954647 0.423229
294
gcm: 0.604524 1.03809 0.282474
H: -5.05655 0.814126 -0.965108
295
gcm: 0.605155 1.03776 0.290857
H: -6.19253 0.925974 -0.26981
296
gcm: 0.605625 1.03747 0.298747
H: -7.0499 0.794147 -0.794309
297
gcm: 0.605878 1.0374 0.306296
H: -8.52378 0.679326 -0.740639
298
gcm: 0.605687 1.03804 0.31404
H: -6.69399 0.673721 0.514241
299
gcm: 0.60557 1.03884 0.322234
H: -3.40682 0.584688 0.65024
300
gcm: 0.605705 1.03912 0.3306
H: -3.53723 0.224442 -1.29207
301
gcm: 0.606028 1.03861 0.339383
H: -3.97454 -0.116284 -2.38461
302
gcm: 0.606404 1.03782 0.348339
H: -4.10554 -0.0562582 -1.28548
303
gcm: 0.606526 1.03721 0.356909
H: -1.83837 -0.235144 -1.34185
304
gcm: 0.60673 1.03636 0.365521
H: -1.52006 -0.193086 -1.28388
305
gcm: 0.606819 1.0351 0.374312
H: -1.63565 0.0148343 -0.735568
306
gcm: 0.606424 1.03376 0.382963
H: -1.6755 0.381761 -0.0431676
307
gcm: 0.605808 1.03263 0.39136
H: -0.991112 0.4057 0.381393
308
gcm: 0.605511 1.03161 0.400249
H: -0.354535 0.386981 0.933955
309
gcm: 0.605223 1.03032 0.40952
H: 2.42524 0.710676 0.470546
310
gcm: 0.604205 1.0293 0.418679
H: 2.62283 0.946144 2.20294
311
gcm: 0.603275 1.02801 0.42807
H: 2.10278 0.734549 2.26617
312
gcm: 0.602931 1.02609 0.437799
H: 1.63571 0.674881 1.7041
313
gcm: 0.602604 1.02421 0.44758
H: 1.64791 0.567715 1.27364
314
gcm: 0.602001 1.02238 0.457313
H: 4.015 0.424775 0.449231
315
gcm: 0.601121 1.02106 0.466687
H: 5.77957 0.845976 2.75812
316
gcm: 0.600207 1.01997 0.476149
H: 0.989316 0.390118 2.11461
317
gcm: 0.599368 1.01826 0.486
H: 4.02986 -0.0469114 -0.692825
318
gcm: 0.599002 1.01697 0.496411
H: 6.32109 0.244011 0.0710623
319
gcm: 0.598726 1.01633 0.507309
H: 7.47403 0.534642 1.36058
320
gcm: 0.597051 1.01552 0.518231
H: 5.49644 0.592174 3.37546
321
gcm: 0.595911 1.01521 0.528829
H: 4.8489 0.423219 2.32743
322
gcm: 0.594985 1.0149 0.539449
H: 6.33704 0.310091 0.993149
323
gcm: 0.593472 1.01408 0.54988
H: 6.13437 0.271445 1.47159
324
gcm: 0.591949 1.01361 0.560426
H: 5.06223 0.35728 1.33783
325
gcm: 0.590783 1.01355 0.571134
H: 5.42889 0.401068 0.15282
326
gcm: 0.589604 1.01336 0.581397
H: 5.17305 0.287416 -0.0283146
327
gcm: 0.588435 1.01317 0.5914
H: 4.87273 0.237701 0.399623
328
gcm: 0.587179 1.01317 0.60165
H: 5.49986 0.388377 0.383939
329
gcm: 0.585235 1.0135 0.61211
H: 4.91365 0.427849 0.689787
330
gcm: 0.583415 1.01441 0.622446
H: 4.54432 0.410004 0.811772
331
gcm: 0.583323 1.01476 0.633948
H: 13.4657 0.623689 -0.595555
332
gcm: 0.583229 1.01555 0.64458
H: 10.9888 0.857627 -2.00319
333
gcm: 0.582325 1.01658 0.654837
H: 8.47442 0.63992 -1.06444
334
gcm: 0.581159 1.01789 0.665131
H: 6.98704 0.663006 0.306485
335
gcm: 0.580384 1.01963 0.675308
H: 7.54609 0.530138 -0.158875
336
gcm: 0.579794 1.02142 0.685177
H: 6.85894 0.604885 -1.12059
337
gcm: 0.578887 1.02308 0.694925
H: 5.67109 0.908925 -0.742111
338
gcm: 0.578171 1.0246 0.70468
H: 5.81287 0.744744 -0.62187
339
gcm: 0.57785 1.02593 0.713859
H: 4.47884 0.281264 -1.26289
340
gcm: 0.576582 1.02736 0.723242
H: 3.50367 0.725923 0.766722
341
gcm: 0.576104 1.02938 0.732562
H: 3.25273 0.604289 -0.618261
342
gcm: 0.576 1.0316 0.741713
H: 1.70467 0.032561 -1.5117
343
gcm: 0.575952 1.03376 0.750753
H: 1.17978 -0.275545 -1.99589
344
gcm: 0.575151 1.03548 0.758506
H: 0.533931 -0.0906793 0.0314134
345
gcm: 0.5743 1.03664 0.766522
H: 0.435799 0.017303 1.58284
346
gcm: 0.575187 1.03874 0.777137
H: 1.94014 -0.503655 -2.16819
347
gcm: 0.574476 1.04011 0.785738
H: 0.485974 -0.0943351 0.486164
348
gcm: 0.573771 1.04137 0.794454
H: -0.132847 -0.183087 0.914796
349
gcm: 0.573018 1.04257 0.803093
H: -1.29466 -0.297935 0.681041
350
gcm: 0.572589 1.04357 0.811733
H: -0.774445 -0.471537 -0.426438
351
gcm: 0.572624 1.04445 0.820509
H: -4.44577 -1.42847 0.475703
352
gcm: 0.572923 1.04606 0.828917
H: 1.24835 -0.262337 -1.92589
353
gcm: 0.572884 1.04754 0.837252
H: -2.2161 -0.919177 -0.629854
354
gcm: 0.572481 1.04856 0.845581
H: -2.11854 -0.847496 0.423815
355
gcm: 0.572151 1.04888 0.853602
H: -2.3542 -0.753777 0.427213
356
gcm: 0.571978 1.04928 0.861965
H: -1.99963 -0.792109 -0.16577
357
gcm: 0.571794 1.04954 0.870456
H: -1.8656 -0.951387 -0.378958
358
gcm: 0.5715 1.04929 0.878425
H: -2.42107 -0.842828 0.345861
359
gcm: 0.571508 1.04939 0.886362
H: -1.95822 -0.841748 -0.175145
360
gcm: 0.571826 1.04975 0.895016
H: -1.39792 -1.07927 -1.48027
361
gcm: 0.572057 1.0493 0.90276
H: -3.5611 -1.29349 -0.955105
362
gcm: 0.571995 1.04873 0.91046
H: -3.22781 -0.99289 -0.11271
363
gcm: 0.571928 1.04859 0.918651
H: -1.76171 -0.987708 -0.483343
364
gcm: 0.57191 1.04827 0.927233
H: -0.603099 -1.04418 -0.0796707
365
gcm: 0.572129 1.04794 0.935478
H: -2.62816 -0.983496 0.918139
366
gcm: 0.572051 1.04753 0.943152
H: -4.78423 -0.658589 1.01757
367
gcm: 0.571905 1.04742 0.950997
H: -4.11243 -0.728277 -0.699074
368
gcm: 0.572299 1.0477 0.959003
H: -1.9743 -1.02707 -1.95207
369
gcm: 0.572572 1.04781 0.967016
H: -2.67086 -1.03287 -0.680225
370
gcm: 0.572599 1.04788 0.974963
H: -3.65315 -1.00091 -0.0693336
371
gcm: 0.572684 1.04797 0.982697
H: -3.09315 -0.988853 0.0806727
372
gcm: 0.572697 1.04818 0.99071
H: -3.24974 -0.807462 0.275265
373
gcm: 0.572662 1.04865 0.998752
H: -4.62356 -0.856097 -0.208585
374
gcm: 0.57293 1.04956 1.0065
H: -4.34092 -1.04222 -0.279003
375
gcm: 0.573199 1.05024 1.0142
H: -3.69483 -0.935006 0.742721
376
gcm: 0.573337 1.0508 1.02186
H: -4.94261 -0.952442 0.246163
377
gcm: 0.573592 1.05144 1.02988
H: -4.29699 -1.05958 -0.393242
378
gcm: 0.573101 1.05075 1.03807
H: -4.88398 -0.721637 1.18552
379
gcm: 0.573716 1.04991 1.04493
H: -4.66463 -0.992844 -0.38799
380
gcm: 0.573875 1.04942 1.05246
H: -5.12202 -0.725197 -0.236155
381
gcm: 0.57403 1.04979 1.06059
H: -4.8961 -0.800547 -0.0497215
382
gcm: 0.574285 1.04971 1.06823
H: -4.92164 -1.01078 -0.335291
383
gcm: 0.574664 1.04952 1.07519
H: -4.73387 -1.04363 -0.262268
384
gcm: 0.575183 1.04991 1.08283
H: -3.69819 -0.898779 0.165109
385
gcm: 0.575542 1.05053 1.09106
H: -3.65471 -0.786866 0.271359
386
gcm: 0.575616 1.05053 1.0988
H: -4.69604 -0.673078 0.554897
387
gcm: 0.575973 1.05046 1.10666
H: -4.26591 -0.554198 0.0634109
388
gcm: 0.576528 1.05062 1.11477
H: -3.49376 -0.6171 -0.485942
389
gcm: 0.576685 1.05033 1.12214
H: -4.81568 -0.535824 0.795337
390
gcm: 0.576807 1.04938 1.12946
H: -6.02709 -0.314574 1.39692
391
gcm: 0.577171 1.0489 1.13724
H: -4.86546 -0.419447 0.454247
392
gcm: 0.577736 1.04926 1.14476
H: -3.75355 -0.469988 0.455516
393
gcm: 0.578778 1.04974 1.1516
H: -3.99014 -0.349091 0.199511
394
gcm: 0.578392 1.04939 1.15888
H: -5.03887 0.0370407 2.03261
395
gcm: 0.578778 1.04855 1.16718
H: -0.864983 0.100314 1.19678
396
gcm: 0.579749 1.04743 1.17572
H: -0.332149 0.160308 0.437201
397
gcm: 0.580855 1.04758 1.18382
H: -0.723609 -0.203388 -0.404166
398
gcm: 0.581419 1.04709 1.19176
H: 0.383697 -0.0444154 0.78381
399
gcm: 0.581701 1.04638 1.20013
H: 0.471293 -0.0220839 0.798446
400
gcm: 0.582876 1.04553 1.20861
H: 0.951611 -0.318693 -1.11251
401
gcm: 0.584354 1.04469 1.21707
H: 1.10771 -0.482485 -0.81926
402
gcm: 0.584999 1.04364 1.22575
H: 1.11773 -0.0442975 0.789372
403
gcm: 0.585612 1.04243 1.23463
H: 2.60347 -0.0872737 0.205404
404
gcm: 0.586831 1.04129 1.24355
H: 2.88983 -0.208688 -0.82094
405
gcm: 0.588019 1.03917 1.25243
H: 1.94643 -0.406608 -0.77553
406
gcm: 0.589244 1.03763 1.2615
H: 2.64536 -0.067388 -0.77939
407
gcm: 0.591245 1.03638 1.27054
H: 3.01171 -0.346783 -1.65758
408
gcm: 0.591238 1.03471 1.28009
H: 3.59427 -0.124256 0.446906
409
gcm: 0.593158 1.03399 1.28847
H: 3.7967 -0.150455 -1.35969
410
gcm: 0.594603 1.0343 1.29758
H: 4.14094 -0.0832384 -0.322996
411
gcm: 0.595827 1.03551 1.30628
H: 3.77619 -0.19731 -0.295001
412
gcm: 0.597537 1.03578 1.31572
H: 6.5694 -0.347654 -0.614602
413
gcm: 0.599407 1.03614 1.32551
H: 6.64827 -0.334979 -0.618941
414
gcm: 0.601328 1.03613 1.33595
H: 6.59499 -0.0600909 -0.944629
415
gcm: 0.603266 1.03606 1.34638
H: 7.18981 -0.257039 -1.06988
416
gcm: 0.605079 1.03536 1.35601
H: 5.96835 -0.37229 -0.938538
417
gcm: 0.606417 1.03573 1.36519
H: 3.48583 -0.603905 -0.385687
418
gcm: 0.607486 1.03587 1.37412
H: 3.32543 -0.598861 0.708118
419
gcm: 0.608982 1.036 1.3842
H: 5.71029 -0.23175 0.0616076
420
gcm: 0.610781 1.03637 1.39376
H: 3.47507 -0.0760989 -0.156782
421
gcm: 0.612284 1.03689 1.40374
H: 11.3677 -1.22845 0.995726
422
gcm: 0.614041 1.03865 1.41438
H: 13.3068 -2.11978 1.27858
423
gcm: 0.616244 1.03982 1.42479
H: 5.37943 -0.365836 -1.86487
424
gcm: 0.617885 1.04097 1.43424
H: 5.94735 -0.376021 -0.887726
425
gcm: 0.619687 1.04208 1.44454
H: 8.7273 -0.916992 -0.346998
426
gcm: 0.621326 1.04355 1.45386
H: 6.48353 -0.867837 -0.266471
427
gcm: 0.622516 1.04502 1.4626
H: 2.96011 -0.151008 -1.15874
428
gcm: 0.623666 1.04631 1.47112
H: 4.73466 -0.713341 -0.281914
429
gcm: 0.624903 1.04792 1.47953
H: 6.79062 -1.75123 2.08025
430
gcm: 0.6264 1.04966 1.48848
H: 3.983 -1.15258 0.800113
431
gcm: 0.627822 1.05124 1.49777
H: 3.04581 -0.352866 -0.237888
432
gcm: 0.628658 1.05274 1.50526
H: 1.88565 -0.375654 1.47265
433
gcm: 0.629546 1.05396 1.51434
H: 5.27708 -0.631188 0.716183
434
gcm: 0.629388 1.05366 1.52046
H: -1.03145 0.05079 1.65951
435
gcm: 0.632471 1.0574 1.53196
H: 3.45765 -0.338626 -3.91437
436
gcm: 0.634846 1.05871 1.54234
H: 3.33119 -0.508882 -2.94955
437
gcm: 0.633593 1.05937 1.54776
H: -2.66674 0.933469 5.06657
438
gcm: 0.633043 1.05997 1.55388
H: -4.43902 0.995065 3.44591
439
gcm: 0.635373 1.06198 1.56345
H: 3.3296 -0.33198 -3.18255
440
gcm: 0.635375 1.06288 1.56988
H: -4.11771 0.324442 1.05726
441
gcm: 0.639312 1.0662 1.58166
H: -0.129413 -0.308203 -5.64785
442
gcm: 0.641236 1.06768 1.59159
H: 0.199082 0.3992 -3.21022
443
gcm: 0.641606 1.06964 1.601
H: -0.648306 1.09885 0.385071
444
gcm: 0.641302 1.0691 1.60719
H: -5.46519 1.2271 1.71462
445
gcm: 0.641677 1.07125 1.61482
H: -1.22818 0.938511 0.00940369
446
gcm: 0.642256 1.07111 1.62169
H: -2.25808 1.05495 1.16586
447
gcm: 0.643369 1.07069 1.62962
H: -0.725701 0.83418 0.0651406
448
gcm: 0.643788 1.07079 1.6371
H: -2.29275 0.977445 -0.112547
449
gcm: 0.6438 1.07097 1.64394
H: -4.23247 1.23824 0.709791
450
gcm: 0.645122 1.07112 1.65253
H: -0.921247 0.831043 -1.06742
451
gcm: 0.646515 1.07125 1.66086
H: -0.844948 0.300431 -1.40857
452
gcm: 0.647018 1.07153 1.66835
H: -2.08309 0.750777 -0.301253
453
gcm: 0.647478 1.07185 1.67638
H: -2.57746 0.995631 0.952633
454
gcm: 0.647874 1.07124 1.68399
H: -3.05719 0.950756 0.101061
455
gcm: 0.648446 1.06995 1.69161
H: -1.72728 0.863622 -0.146241
456
gcm: 0.648891 1.06851 1.69945
H: -3.52386 0.9938 1.11346
457
gcm: 0.64939 1.06749 1.70702
H: -1.65263 0.607875 -0.869443
458
gcm: 0.650416 1.06674 1.71515
H: -0.859007 0.583262 -0.495627
459
gcm: 0.650827 1.06682 1.72236
H: -0.9656 0.87367 -0.557059
460
gcm: 0.651042 1.06715 1.73024
H: -6.65877 0.87911 0.00788611
461
gcm: 0.651904 1.06695 1.73838
H: -4.17691 0.698903 -0.11806
462
gcm: 0.652375 1.06722 1.74624
H: -3.0082 0.973702 0.828214
463
gcm: 0.652389 1.06784 1.75331
H: -2.24825 1.06459 1.49233
464
gcm: 0.652852 1.06738 1.76051
H: -1.99642 0.386805 -0.83445
465
gcm: 0.65338 1.06647 1.76864
H: -5.83006 0.822953 -0.241379
466
gcm: 0.653251 1.06633 1.77582
H: -2.85602 0.871718 0.9528
467
gcm: 0.653594 1.06759 1.78413
H: -5.57538 0.140795 0.590754
468
gcm: 0.654541 1.06797 1.79147
H: -2.69136 0.514982 -0.715499
469
gcm: 0.654915 1.06678 1.79941
H: -5.38146 0.655921 -0.3118
470
gcm: 0.654494 1.06663 1.80664
H: -3.14318 1.07174 0.635112
471
gcm: 0.654763 1.06739 1.81391
H: -3.1197 0.960107 0.468978
472
gcm: 0.655434 1.06734 1.82145
H: -3.37642 0.465994 -0.352562
473
gcm: 0.655583 1.06706 1.82911
H: -6.18221 0.928284 0.0554293
474
gcm: 0.6556 1.06765 1.83735
H: -6.1738 0.77251 0.375921
475
gcm: 0.656027 1.06808 1.84588
H: -5.43487 0.712207 -0.0994011
476
gcm: 0.6562 1.06725 1.85317
H: -4.01367 0.837177 0.184526
477
gcm: 0.655961 1.06598 1.8594
H: -0.528498 0.843003 0.338703
478
gcm: 0.655787 1.06607 1.86743
H: -6.17421 0.704507 0.561147
479
gcm: 0.655594 1.06636 1.87538
H: -5.3877 0.572236 0.697895
480
gcm: 0.655605 1.06631 1.88356
H: -5.576 0.575702 0.561016
481
gcm: 0.656003 1.06609 1.8911
H: -9.06236 0.402614 -1.47762
482
gcm: 0.656271 1.06574 1.89819
H: -6.40851 0.547979 -0.169422
483
gcm: 0.656453 1.06525 1.90622
H: -0.969923 0.297671 0.287359
484
gcm: 0.656016 1.06477 1.9141
H: -1.06633 0.339056 -0.15331
485
gcm: 0.655595 1.06441 1.92255
H: -2.35655 0.335632 0.0483866
486
gcm: 0.655587 1.06403 1.93191
H: -5.4043 0.215338 -0.612403
487
gcm: 0.655416 1.06312 1.94051
H: -4.47078 0.346741 -0.432397
488
gcm: 0.654581 1.06207 1.9488
H: -3.10223 0.255633 -0.157867
489
gcm: 0.653488 1.06113 1.9573
H: -1.85838 0.39755 1.16609
490
gcm: 0.653193 1.06011 1.96575
H: 1.64384 0.987611 0.866149
491
gcm: 0.653086 1.05912 1.97464
H: -0.0695665 -0.362386 -0.79535
492
gcm: 0.652794 1.05762 1.98325
H: 1.83 -0.0883818 -0.258044
493
gcm: 0.652005 1.05609 1.99173
H: 0.728278 0.0294611 -0.238712
494
gcm: 0.650912 1.05439 2.00016
H: -1.20364 -0.883393 -1.24564
495
gcm: 0.649956 1.05329 2.0086
H: 0.661674 0.655796 0.410925
496
gcm: 0.649238 1.05278 2.0173
H: 0.762155 0.0597584 0.0947563
497
gcm: 0.648397 1.05056 2.02644
H: 0.898229 0.182878 -0.145532
498
gcm: 0.647039 1.04731 2.03535
H: -0.474996 0.0359684 1.33877
499
gcm: 0.645513 1.04575 2.04417
H: 0.825363 0.331327 0.8478
500
gcm: 0.644065 1.04454 2.05311
H: 2.65682 0.268835 0.170709
501
gcm: 0.643452 1.04211 2.06314
H: 2.36088 0.07339 -0.984571
502
gcm: 0.642656 1.04038 2.07298
H: 1.97411 -0.137658 -0.838057
503
gcm: 0.641147 1.04011 2.08282
H: 2.22202 0.021356 0.396326
504
gcm: 0.638783 1.04059 2.09281
H: 1.68237 0.357197 1.77967
505
gcm: 0.637704 1.04036 2.10282
H: 2.49362 0.0212796 -0.872797
506
gcm: 0.635899 1.04015 2.11335
H: 2.73616 0.148411 -0.706155
507
gcm: 0.634541 1.03942 2.1235
H: 2.88444 0.124848 0.341377
508
gcm: 0.633488 1.03914 2.1328
H: 2.18281 0.0105068 -0.378313
509
gcm: 0.631219 1.03982 2.14355
H: 4.05706 0.383698 0.0933817
510
gcm: 0.629089 1.04043 2.15333
H: 3.65622 0.272193 0.918881
511
gcm: 0.627208 1.04062 2.16321
H: 3.8891 0.838616 0.380598
512
gcm: 0.625186 1.04098 2.17211
H: 3.69092 0.508207 -0.501666
513
gcm: 0.623404 1.04168 2.18001
H: 2.19809 -0.318895 -0.344897
514
gcm: 0.622086 1.04258 2.18998
H: 5.36152 0.50857 -1.33711
515
gcm: 0.620473 1.04313 2.19933
H: 4.22701 0.691801 -0.196489
516
gcm: 0.619076 1.04301 2.21138
H: 16.546 1.64133 -0.577563
516
gcm: 0.619076 1.04301 2.21138
H: 0 0 0
