:metadata
 
Skeleton: /Network/Servers/duerer/Volumes/duerer/laturnus/workspace/new_acm/asf/07-walk.asf
Motion: /Network/Servers/duerer/Volumes/duerer/laturnus/workspace/new_acm/amc/07_05-walk.amc
Mass Distribution: /Network/Servers/duerer/Volumes/duerer/laturnus/workspace/new_acm/amd/NHR03-06.amd
 
Inital skeleton translation: 0 0 0
Initial skeleton rotation: 0 0 0
 
:data
1
gcm: 0.46183 0.983035 -2.17099
H: -4.71972 -1.46479 -1.20238
2
gcm: 0.461942 0.982535 -2.16414
H: -4.18044 -1.24054 -0.330582
3
gcm: 0.461698 0.982292 -2.15719
H: -4.60613 -0.732023 0.578767
4
gcm: 0.462115 0.982301 -2.14961
H: -3.76816 -0.944646 0.435091
5
gcm: 0.462842 0.982466 -2.14196
H: -4.65122 -1.22211 -0.323592
6
gcm: 0.46353 0.983171 -2.13449
H: -5.15456 -1.21524 -0.342538
7
gcm: 0.463867 0.983354 -2.12706
H: -28.0529 0.7523 -8.12286
8
gcm: 0.464289 0.982345 -2.11983
H: -3.22554 -0.770159 -0.258613
9
gcm: 0.46458 0.982324 -2.1125
H: -3.9063 -0.747999 0.352822
10
gcm: 0.464953 0.982669 -2.10514
H: -4.71458 -0.612091 0.420129
11
gcm: 0.465622 0.982399 -2.0977
H: -4.5256 -0.543958 -0.0187156
12
gcm: 0.466237 0.982466 -2.09018
H: -2.21482 -0.325628 1.77293
13
gcm: 0.466674 0.982175 -2.08278
H: -3.51244 -0.191926 1.14759
14
gcm: 0.466962 0.981063 -2.07535
H: -3.469 -0.0887685 1.81664
15
gcm: 0.467592 0.980181 -2.06764
H: -1.64711 -0.370709 1.56439
16
gcm: 0.468326 0.979516 -2.06007
H: -2.44345 -0.396086 1.01097
17
gcm: 0.468956 0.979383 -2.05255
H: -2.37434 0.125309 1.69042
18
gcm: 0.469047 0.97981 -2.04473
H: -0.749527 0.39208 1.6187
19
gcm: 0.467711 0.979967 -2.03888
H: -4.01064 0.686566 2.43738
20
gcm: 0.468706 0.97952 -2.03124
H: -1.53512 -0.342475 0.258247
21
gcm: 0.471734 0.978555 -2.02196
H: 0.807738 -1.1872 -2.25259
22
gcm: 0.470526 0.978176 -2.01667
H: -4.99911 1.17102 3.81831
23
gcm: 0.474354 0.976062 -2.00623
H: 1.02287 -1.78754 -4.69149
24
gcm: 0.474502 0.976335 -1.99794
H: 2.9918 0.754452 1.80108
25
gcm: 0.476808 0.976037 -1.99005
H: -0.0889931 -1.27031 -2.53472
26
gcm: 0.477455 0.975279 -1.9821
H: 1.41169 -0.112203 0.507962
27
gcm: 0.478417 0.973631 -1.97404
H: 2.15407 -0.154135 -0.545808
28
gcm: 0.480124 0.973423 -1.96499
H: -3.06383 0.483833 -3.71432
29
gcm: 0.481995 0.973139 -1.95605
H: 3.42086 0.0373948 -0.557121
30
gcm: 0.483564 0.972736 -1.94747
H: 4.62167 -0.159299 -0.199915
31
gcm: 0.485003 0.972145 -1.93868
H: 7.25143 -0.520199 0.382846
32
gcm: 0.486589 0.971478 -1.92943
H: 6.79224 -0.117835 -0.480246
33
gcm: 0.488222 0.972242 -1.91999
H: 6.44032 0.151032 -0.832359
34
gcm: 0.490142 0.972505 -1.91093
H: 6.81536 -0.0703918 -1.70563
35
gcm: 0.492256 0.971131 -1.90214
H: 8.65687 -0.643891 -1.48455
36
gcm: 0.494154 0.970365 -1.89311
H: 11.86 -0.799712 1.38614
37
gcm: 0.496443 0.970606 -1.8835
H: 0.691439 1.03713 -2.87255
38
gcm: 0.499386 0.970795 -1.87332
H: 12.712 -1.36291 1.01731
39
gcm: 0.500271 0.971327 -1.86468
H: -0.734068 1.63191 -1.95792
40
gcm: 0.501472 0.97135 -1.85573
H: 3.20171 0.651264 -0.283672
41
gcm: 0.50405 0.97084 -1.84644
H: 3.26807 -0.232377 -0.331921
42
gcm: 0.506311 0.970067 -1.83737
H: 2.99257 -0.0891366 -0.530384
43
gcm: 0.508038 0.973738 -1.82734
H: 7.09879 -0.717652 -0.390324
44
gcm: 0.510116 0.974751 -1.81671
H: 12.4758 -1.32682 0.133304
45
gcm: 0.512166 0.975267 -1.80671
H: 7.75697 -0.935561 0.847156
46
gcm: 0.51438 0.976502 -1.79668
H: 6.10632 -0.765439 -0.0742588
47
gcm: 0.51678 0.978323 -1.78671
H: 6.50847 -0.877094 -1.09133
48
gcm: 0.519132 0.979857 -1.77692
H: 6.94264 -0.736647 -1.75753
49
gcm: 0.521198 0.980757 -1.76754
H: 6.16161 -0.558718 -0.76883
50
gcm: 0.523021 0.981539 -1.75858
H: 5.98291 -0.71844 0.233606
51
gcm: 0.524768 0.982917 -1.74969
H: 6.34319 -0.936889 -0.59244
52
gcm: 0.526478 0.984731 -1.74085
H: 5.46161 -0.847262 -0.336195
53
gcm: 0.528163 0.986371 -1.73219
H: 4.32296 -0.696011 1.02027
54
gcm: 0.529949 0.98784 -1.72356
H: 4.62081 -0.815399 0.604713
55
gcm: 0.531671 0.989261 -1.7149
H: 5.15182 -0.831305 -0.35252
56
gcm: 0.533379 0.990906 -1.70616
H: 5.32082 -0.620789 -0.689816
57
gcm: 0.535067 0.992637 -1.69729
H: 5.29857 -0.647855 -0.132361
58
gcm: 0.536306 0.994169 -1.68898
H: 3.36963 -0.443936 0.938241
59
gcm: 0.537687 0.995689 -1.68139
H: 1.32193 -0.118559 0.303575
60
gcm: 0.539561 0.99703 -1.67352
H: 1.1932 -0.199954 -0.607738
61
gcm: 0.541117 0.998311 -1.66532
H: 0.96597 0.0110932 -0.418496
62
gcm: 0.542347 0.999666 -1.65748
H: 0.0813927 0.50611 -0.59743
63
gcm: 0.543556 1.00138 -1.6497
H: -0.592348 0.528804 -0.755961
64
gcm: 0.544557 1.00284 -1.64186
H: -0.371364 0.305138 0.0289312
65
gcm: 0.545311 1.00432 -1.63434
H: -0.422233 0.448101 0.447453
66
gcm: 0.54622 1.00531 -1.62727
H: -0.906437 0.73885 -0.201857
67
gcm: 0.547456 1.00618 -1.61997
H: -1.73204 0.791938 -0.770675
68
gcm: 0.548612 1.00729 -1.61245
H: -2.18781 0.743553 -0.673122
69
gcm: 0.549498 1.00799 -1.60498
H: -1.81454 0.928956 0.148602
70
gcm: 0.550225 1.00851 -1.59741
H: -2.24958 1.08503 0.373632
71
gcm: 0.551106 1.00886 -1.59048
H: -2.86682 0.856506 -0.545855
72
gcm: 0.551985 1.00876 -1.58375
H: -3.00192 0.82725 -0.794247
73
gcm: 0.552795 1.00902 -1.57614
H: -2.6817 0.818306 -0.748876
74
gcm: 0.553594 1.00936 -1.56849
H: -2.35399 0.731807 -0.599088
75
gcm: 0.554261 1.00928 -1.56124
H: -2.14865 1.1792 1.17999
76
gcm: 0.554909 1.00836 -1.55396
H: -2.35959 1.03252 -0.571708
77
gcm: 0.55585 1.0079 -1.54651
H: -2.01785 0.722402 -1.6855
78
gcm: 0.556725 1.00739 -1.53913
H: -1.94562 0.862939 -0.498984
79
gcm: 0.557418 1.00704 -1.53186
H: -2.76821 0.836476 0.639537
80
gcm: 0.557992 1.00666 -1.5246
H: -3.6977 0.427782 0.706924
81
gcm: 0.558455 1.00645 -1.51722
H: -2.90022 1.14079 -0.0115941
82
gcm: 0.55897 1.006 -1.50977
H: -1.44692 1.0205 -0.408841
83
gcm: 0.559555 1.00507 -1.50231
H: -1.61164 0.901392 -0.371813
84
gcm: 0.560003 1.00432 -1.49475
H: -3.44272 0.988866 -0.565666
85
gcm: 0.560449 1.00354 -1.48721
H: -2.21576 0.846732 0.218091
86
gcm: 0.560896 1.00293 -1.4797
H: -3.01196 0.97443 -0.208608
87
gcm: 0.56121 1.0028 -1.4721
H: -4.06142 1.13169 -0.801964
88
gcm: 0.561497 1.00269 -1.46481
H: -4.72518 1.15035 -0.0582087
89
gcm: 0.561841 1.0024 -1.45766
H: -4.77985 1.03474 0.554261
90
gcm: 0.562296 1.00201 -1.45023
H: -4.11141 0.908617 -0.105462
91
gcm: 0.562737 1.00154 -1.44289
H: -3.20059 0.945264 -0.509167
92
gcm: 0.563028 1.00103 -1.43589
H: -2.90367 0.920895 0.0310279
93
gcm: 0.56336 1.001 -1.42874
H: -3.48398 0.880011 -0.600627
94
gcm: 0.563875 1.00128 -1.42127
H: -4.46686 0.836121 -1.14523
95
gcm: 0.564331 1.0012 -1.41403
H: -4.53418 0.743524 -0.596995
96
gcm: 0.564455 1.00083 -1.40685
H: -3.98709 0.826654 -0.0224469
97
gcm: 0.56428 1.00049 -1.39959
H: -4.20506 1.00373 0.558636
98
gcm: 0.564243 1.00034 -1.3923
H: -3.86016 0.954612 0.288669
99
gcm: 0.564531 1.00023 -1.38488
H: -3.79682 0.828267 -0.110543
100
gcm: 0.564943 1.00007 -1.37742
H: -4.84392 0.763553 -0.651709
101
gcm: 0.564998 1.00064 -1.37021
H: -4.90604 0.788153 -0.465008
102
gcm: 0.564824 1.00157 -1.36308
H: -4.39719 0.886219 0.259853
103
gcm: 0.564994 1.00144 -1.35568
H: -4.93721 0.848516 -0.203905
104
gcm: 0.56518 1.00143 -1.34817
H: -5.20075 0.809431 -0.182321
105
gcm: 0.565094 1.00204 -1.34084
H: -5.53611 0.813153 0.244086
106
gcm: 0.564934 1.00139 -1.33364
H: -5.86234 0.726362 -0.101766
107
gcm: 0.564947 1.00026 -1.32645
H: -5.60421 0.578695 -0.399021
108
gcm: 0.565175 1.00019 -1.31965
H: -9.13931 0.484116 0.0512965
109
gcm: 0.564506 1.00029 -1.31237
H: -2.12831 0.399271 -1.17205
110
gcm: 0.564003 1.0001 -1.30444
H: -2.61254 0.530065 -0.371654
111
gcm: 0.563908 0.999587 -1.29635
H: -2.09179 0.518448 -0.253649
112
gcm: 0.56394 0.999095 -1.28854
H: -1.23052 0.37989 -0.595093
113
gcm: 0.563702 0.998541 -1.28077
H: -1.92193 0.258107 -0.753893
114
gcm: 0.563393 0.997466 -1.27276
H: -2.21397 0.109425 -0.808735
115
gcm: 0.563041 0.996167 -1.26474
H: -1.57896 0.16231 -0.386416
116
gcm: 0.562475 0.995059 -1.25692
H: -1.5867 0.248253 -0.428265
117
gcm: 0.562004 0.994303 -1.24881
H: -0.588602 0.0993261 -0.816548
118
gcm: 0.561639 0.994022 -1.24065
H: -0.022616 -0.0141028 -0.493225
119
gcm: 0.560841 0.993615 -1.23274
H: -0.838467 -0.0266162 -0.167006
120
gcm: 0.559939 0.992789 -1.22456
H: -1.69225 -0.202973 -0.752973
121
gcm: 0.559258 0.991421 -1.21624
H: 0.107725 -0.00229472 -0.506441
122
gcm: 0.558409 0.99018 -1.20795
H: -0.0894174 0.174968 -0.0679002
123
gcm: 0.557316 0.989741 -1.19945
H: 0.662601 0.157184 0.623961
124
gcm: 0.556279 0.989379 -1.19082
H: 1.6147 0.0638182 0.0239432
125
gcm: 0.555617 0.988734 -1.18209
H: 1.29859 -0.116883 -0.670626
126
gcm: 0.554807 0.987714 -1.17319
H: 1.21071 0.0753769 0.422845
127
gcm: 0.553409 0.986748 -1.16397
H: 0.810969 0.297744 1.1321
128
gcm: 0.551986 0.986328 -1.15474
H: 1.20027 -0.147254 0.563948
129
gcm: 0.550892 0.985752 -1.14558
H: 3.29052 -0.0312601 0.0173786
130
gcm: 0.549762 0.98447 -1.13636
H: 4.05353 0.181493 0.414692
131
gcm: 0.548215 0.983234 -1.12707
H: 4.45368 -0.0334117 1.35121
132
gcm: 0.546721 0.983101 -1.11745
H: 5.98925 -0.226759 1.25237
133
gcm: 0.545392 0.98376 -1.10732
H: 6.64326 0.125688 1.33602
134
gcm: 0.543508 0.984385 -1.0973
H: 5.2203 0.387508 2.25053
135
gcm: 0.541482 0.984607 -1.08751
H: 4.84994 0.0907484 1.64891
136
gcm: 0.539769 0.984418 -1.07756
H: 5.22397 -0.0632634 1.101
137
gcm: 0.538044 0.983917 -1.06766
H: 5.21955 0.170748 1.54552
138
gcm: 0.536594 0.98337 -1.05785
H: 5.94595 0.378242 0.666782
139
gcm: 0.535176 0.983366 -1.04797
H: 6.02164 0.261618 0.0522379
140
gcm: 0.533338 0.983811 -1.03806
H: 5.4239 0.453338 0.712287
141
gcm: 0.531506 0.984414 -1.02821
H: 3.7398 -0.00368043 1.01836
142
gcm: 0.529794 0.985508 -1.01854
H: 3.1787 -0.437197 0.414091
143
gcm: 0.527694 0.986513 -1.00904
H: 4.22543 0.963852 0.712943
144
gcm: 0.525601 0.987159 -0.999398
H: 4.65718 0.0588658 1.25103
145
gcm: 0.52414 0.988556 -0.989921
H: 3.92946 0.128176 -0.0355526
146
gcm: 0.522674 0.99055 -0.980809
H: 3.02699 0.123297 -0.309822
147
gcm: 0.520955 0.991991 -0.971079
H: 8.35961 0.963396 0.736429
148
gcm: 0.519433 0.993361 -0.960822
H: 12.7325 1.3837 0.831924
149
gcm: 0.517977 0.995459 -0.951308
H: 7.95 1.06838 0.525964
150
gcm: 0.516547 0.997488 -0.941836
H: 6.70464 0.912493 0.346564
151
gcm: 0.515028 0.999107 -0.932604
H: 5.71264 1.21866 0.345203
152
gcm: 0.51344 1.00088 -0.923748
H: 5.9137 1.17647 0.201842
153
gcm: 0.512198 1.00311 -0.914883
H: 5.65002 1.0117 -0.199924
154
gcm: 0.51102 1.00542 -0.906198
H: 2.72949 0.610509 0.146415
155
gcm: 0.509602 1.00782 -0.897734
H: -0.639817 0.269445 0.652142
156
gcm: 0.508417 1.0103 -0.88891
H: -0.101985 0.527967 -0.283426
157
gcm: 0.507493 1.01247 -0.880141
H: 0.929417 0.596798 -1.12963
158
gcm: 0.506694 1.0145 -0.871773
H: 0.756117 0.0480747 -1.90021
159
gcm: 0.505808 1.01617 -0.863593
H: 0.255672 0.0480593 -0.710786
160
gcm: 0.504691 1.01761 -0.855452
H: -0.205797 0.0278684 0.889195
161
gcm: 0.50359 1.01947 -0.847507
H: -1.5515 -0.127988 0.693928
162
gcm: 0.502577 1.02142 -0.839555
H: 0.128205 0.356827 -0.551197
163
gcm: 0.501838 1.02318 -0.831181
H: 5.6988 1.14711 -2.29433
164
gcm: 0.501209 1.02467 -0.822543
H: -6.00705 -1.82602 1.49148
165
gcm: 0.500485 1.02596 -0.814336
H: -2.78981 -0.944304 0.292126
166
gcm: 0.499726 1.02696 -0.806494
H: -0.927614 -0.591321 0.0581
167
gcm: 0.498874 1.02783 -0.798619
H: -1.40815 -0.584548 0.885508
168
gcm: 0.498134 1.02841 -0.790713
H: -2.06408 -0.881874 0.717021
169
gcm: 0.497479 1.02858 -0.781172
H: 1.44304 -0.848728 0.275124
170
gcm: 0.496558 1.02885 -0.77464
H: -5.06886 -0.873851 0.252554
171
gcm: 0.495865 1.02915 -0.767772
H: -3.19899 -0.871962 -0.719844
172
gcm: 0.495564 1.02908 -0.760287
H: -1.18408 -0.825054 -0.791276
173
gcm: 0.495071 1.02848 -0.752356
H: -1.04844 -0.839734 0.124905
174
gcm: 0.494508 1.02826 -0.74421
H: -1.45695 -0.889229 -0.277864
175
gcm: 0.494295 1.02814 -0.736068
H: -1.97517 -1.02589 -0.972152
176
gcm: 0.494398 1.02727 -0.727617
H: -1.47387 -1.14681 -0.416727
177
gcm: 0.494472 1.0264 -0.717439
H: 2.15585 -0.955985 0.406475
178
gcm: 0.494283 1.02595 -0.7096
H: -2.49868 -1.16881 0.781452
179
gcm: 0.494754 1.02519 -0.701836
H: -2.32811 -1.29459 -0.323477
180
gcm: 0.493808 1.02473 -0.693334
H: -1.3672 -0.411746 0.272103
181
gcm: 0.493019 1.02462 -0.687936
H: -8.62023 -1.24832 0.700104
182
gcm: 0.493087 1.02362 -0.680398
H: -3.5939 -1.0236 -0.230099
183
gcm: 0.493678 1.02248 -0.671479
H: 0.504746 -0.827347 -1.23342
184
gcm: 0.493752 1.02197 -0.66283
H: 1.35332 -0.721618 -1.20665
185
gcm: 0.494271 1.02202 -0.653356
H: -5.29839 -1.66642 1.63355
186
gcm: 0.493583 1.02236 -0.647145
H: -7.81971 -0.823039 0.167726
187
gcm: 0.49433 1.02258 -0.637478
H: 0.191933 -1.00129 -1.10946
188
gcm: 0.494359 1.02282 -0.628321
H: -0.784041 -0.990658 -0.634845
189
gcm: 0.494553 1.02298 -0.620044
H: -4.31181 -1.1471 -0.23667
190
gcm: 0.49494 1.02233 -0.612764
H: -7.36034 -1.21169 0.510859
191
gcm: 0.494942 1.02199 -0.606069
H: -6.784 -1.27485 1.41203
192
gcm: 0.494561 1.02229 -0.599185
H: -5.53279 -1.22294 0.9192
193
gcm: 0.494656 1.02181 -0.591498
H: -4.26246 -1.08936 -0.496051
194
gcm: 0.495671 1.02114 -0.582669
H: -2.17788 -1.46344 -0.746756
195
gcm: 0.495691 1.02115 -0.574815
H: -5.47584 -1.1605 0.56555
196
gcm: 0.496138 1.0207 -0.565882
H: -2.55072 -1.32094 0.441628
197
gcm: 0.496496 1.02049 -0.558826
H: -6.36442 -1.09179 -0.580138
198
gcm: 0.497494 1.02096 -0.550072
H: -2.94987 -1.32258 -0.601527
199
gcm: 0.497318 1.02137 -0.542771
H: -6.96334 -0.82984 0.622491
200
gcm: 0.49779 1.02112 -0.53502
H: -6.07052 -0.979464 -0.259617
201
gcm: 0.498551 1.02072 -0.527137
H: -5.66775 -1.09187 0.103018
202
gcm: 0.499185 1.01999 -0.519304
H: -5.55842 -0.93153 1.15362
203
gcm: 0.49949 1.01928 -0.511329
H: -4.29138 -0.804329 0.787452
204
gcm: 0.499876 1.019 -0.503417
H: -3.55426 -0.772475 -0.0565689
205
gcm: 0.500442 1.01944 -0.49566
H: -5.14458 -0.5283 0.447178
206
gcm: 0.50098 1.01927 -0.487706
H: -4.92572 -0.394098 1.25689
207
gcm: 0.501529 1.01906 -0.479803
H: -3.59453 -0.647524 1.62292
208
gcm: 0.502079 1.01881 -0.472196
H: -4.90969 -0.10367 1.44124
209
gcm: 0.502457 1.01845 -0.465336
H: -8.31374 0.263988 1.92904
210
gcm: 0.503181 1.01767 -0.456968
H: -1.54775 -0.114455 1.35963
211
gcm: 0.504097 1.0168 -0.448522
H: -1.64575 -0.462325 0.911127
212
gcm: 0.505155 1.01601 -0.439884
H: -0.624017 -0.716704 0.280522
213
gcm: 0.506226 1.01532 -0.431501
H: 0.531975 -0.665347 -0.108976
214
gcm: 0.507034 1.01466 -0.423554
H: 0.181824 -0.0590509 0.283066
215
gcm: 0.508218 1.01421 -0.414374
H: -0.299423 0.143857 0.340066
216
gcm: 0.509441 1.01316 -0.405577
H: 0.299595 -0.0459465 0.214643
217
gcm: 0.510725 1.01181 -0.396894
H: 2.61582 -0.280533 -0.512964
218
gcm: 0.512201 1.01023 -0.387782
H: 3.81656 -0.355552 -1.02395
219
gcm: 0.513612 1.00872 -0.378588
H: 3.12127 -0.201371 -1.02539
220
gcm: 0.514779 1.00661 -0.369844
H: 1.81654 -0.158815 0.491182
221
gcm: 0.516076 1.00545 -0.361093
H: 1.82171 0.0826125 0.390807
222
gcm: 0.517673 1.00402 -0.351433
H: 3.3838 0.175899 -0.0500682
223
gcm: 0.519187 1.00233 -0.341673
H: 4.422 0.0827717 -0.0251373
224
gcm: 0.520571 1.00165 -0.332286
H: 5.13514 0.127766 -0.33261
225
gcm: 0.52191 1.00267 -0.323024
H: 5.37384 0.335276 -0.699368
226
gcm: 0.523506 1.00262 -0.313327
H: 6.68238 0.0548443 -1.89755
227
gcm: 0.525405 1.00175 -0.30327
H: 6.16159 -0.391439 -1.96173
228
gcm: 0.527505 0.99953 -0.293804
H: 5.51111 -0.377446 -0.876252
229
gcm: 0.529463 0.998995 -0.284294
H: 6.13309 -0.025638 -0.715214
230
gcm: 0.531297 0.998754 -0.274033
H: 5.84934 -0.180504 -0.855378
231
gcm: 0.533453 0.998217 -0.263889
H: 6.272 -0.245149 -1.25619
232
gcm: 0.535427 0.99776 -0.254431
H: 4.29119 -0.14255 -1.32162
233
gcm: 0.537898 0.997799 -0.24248
H: 4.77699 0.116581 -1.34834
234
gcm: 0.53938 0.99827 -0.233345
H: 2.91956 0.0344873 1.26018
235
gcm: 0.541334 0.998833 -0.223337
H: 4.79219 -0.0513443 0.118624
236
gcm: 0.543549 0.999735 -0.212899
H: 5.7967 -0.258225 -1.04134
237
gcm: 0.545507 1.00086 -0.203529
H: 4.70171 -0.215739 -0.159561
238
gcm: 0.547162 1.00183 -0.19523
H: 3.1397 -0.463061 0.809105
239
gcm: 0.549539 1.00271 -0.185583
H: 3.62787 -0.582124 -0.102918
240
gcm: 0.551787 1.00299 -0.175412
H: 8.90259 -0.78074 0.577059
241
gcm: 0.553792 1.00329 -0.165234
H: 8.76887 -0.787365 0.493603
242
gcm: 0.555695 1.00422 -0.155294
H: 9.19005 -0.805174 -0.613616
243
gcm: 0.557667 1.0058 -0.14556
H: 8.60521 -0.718265 -1.18126
244
gcm: 0.559677 1.00758 -0.136038
H: 6.34387 -0.723367 -1.3003
245
gcm: 0.561723 1.00909 -0.126677
H: 6.24812 -0.905368 -0.877658
246
gcm: 0.563723 1.01041 -0.117003
H: 7.21158 -0.724229 -0.20311
247
gcm: 0.565906 1.01217 -0.107366
H: 4.78193 -0.827531 -1.04714
248
gcm: 0.567306 1.01365 -0.0985829
H: 6.80667 -0.639415 0.692766
249
gcm: 0.568884 1.01522 -0.0896432
H: 4.80715 -0.288175 0.199968
250
gcm: 0.570675 1.0171 -0.0802337
H: 5.0965 -0.560082 -1.1614
251
gcm: 0.572405 1.01848 -0.0714127
H: 4.38611 -0.48887 -0.621619
252
gcm: 0.573919 1.02002 -0.0630234
H: 2.07276 -0.305501 0.43601
253
gcm: 0.575165 1.0221 -0.0545116
H: 1.25164 -0.267477 0.571063
254
gcm: 0.576292 1.02402 -0.0457109
H: 1.60969 -0.0377303 0.101084
255
gcm: 0.57753 1.02532 -0.0367445
H: 1.87113 0.0812209 0.4158
256
gcm: 0.578692 1.02644 -0.0284581
H: 1.18149 0.148271 0.75619
257
gcm: 0.579714 1.02768 -0.0205991
H: 0.359394 0.165254 0.534313
258
gcm: 0.580923 1.02904 -0.0122005
H: -0.369574 0.567408 -0.236286
259
gcm: 0.582116 1.03045 -0.00373034
H: -0.788176 0.670853 -0.528134
260
gcm: 0.583102 1.03199 0.00475332
H: -0.905426 0.741933 -0.302251
261
gcm: 0.583806 1.03421 0.0133192
H: -1.57043 1.02655 0.701185
262
gcm: 0.584392 1.03511 0.0215516
H: -1.55743 1.10383 1.48442
263
gcm: 0.585471 1.03591 0.0298569
H: -1.65037 0.959689 -0.437987
264
gcm: 0.586855 1.03671 0.038001
H: -2.33347 0.768068 -2.06965
265
gcm: 0.587954 1.03705 0.0461002
H: -2.46005 0.944759 -0.456015
266
gcm: 0.588693 1.03642 0.0543599
H: -2.54111 1.26877 0.710202
267
gcm: 0.5898 1.03719 0.0626592
H: -3.75532 1.09169 -1.09969
268
gcm: 0.591007 1.03875 0.0710123
H: -3.50703 1.19982 -0.579083
269
gcm: 0.592081 1.03913 0.0792041
H: -2.26703 1.09818 -0.829083
270
gcm: 0.592438 1.03922 0.0874935
H: -1.98999 1.10247 1.13816
271
gcm: 0.592835 1.0383 0.0955641
H: -3.21523 0.825045 0.0283796
272
gcm: 0.593495 1.03757 0.103541
H: -3.70082 1.2584 0.869629
273
gcm: 0.594077 1.03721 0.111467
H: -2.84797 1.27946 -0.279521
274
gcm: 0.594849 1.03693 0.119753
H: -3.8335 1.04658 -0.454083
275
gcm: 0.595789 1.03633 0.128223
H: -1.76609 0.923277 -0.420272
276
gcm: 0.596581 1.03567 0.136819
H: -1.99335 0.960572 -0.423128
277
gcm: 0.596957 1.03493 0.144803
H: -4.4271 1.22023 0.435458
278
gcm: 0.597503 1.03465 0.152836
H: -3.59957 1.1787 0.314665
279
gcm: 0.598337 1.03494 0.161327
H: -2.45139 1.13405 -0.131789
280
gcm: 0.599054 1.03521 0.169534
H: -4.20987 1.05799 -0.178957
281
gcm: 0.599622 1.03543 0.17713
H: -5.71607 0.88384 -0.396383
282
gcm: 0.600058 1.03583 0.184967
H: -6.09092 1.099 0.262918
283
gcm: 0.600474 1.03645 0.193542
H: -4.65006 1.17062 0.27295
284
gcm: 0.60108 1.03691 0.202225
H: -3.49768 0.97733 -0.284789
285
gcm: 0.601574 1.03679 0.210631
H: -6.10881 1.24303 0.192653
286
gcm: 0.601498 1.03613 0.218283
H: -6.7766 1.46964 1.23456
287
gcm: 0.602588 1.03641 0.227323
H: -4.1585 0.855723 -1.73736
288
gcm: 0.603105 1.03703 0.235494
H: -5.53827 1.24708 0.417569
289
gcm: 0.60349 1.03649 0.243259
H: -6.5329 1.33522 0.518387
290
gcm: 0.603903 1.03617 0.250718
H: -6.04026 1.24119 -0.00917872
291
gcm: 0.604157 1.03671 0.259164
H: -3.98907 1.25845 0.61493
292
gcm: 0.604481 1.03757 0.267303
H: -6.32957 1.19214 1.19821
293
gcm: 0.604348 1.03817 0.274813
H: -7.33909 1.16106 0.42126
294
gcm: 0.604524 1.03809 0.282474
H: -5.43571 1.01137 -1.23468
295
gcm: 0.605155 1.03776 0.290857
H: -6.49153 1.11486 -0.713789
296
gcm: 0.605625 1.03747 0.298747
H: -7.30188 0.967691 -1.3101
297
gcm: 0.605878 1.0374 0.306296
H: -8.67694 0.823125 -1.31454
298
gcm: 0.605687 1.03804 0.31404
H: -6.90636 0.800333 0.305318
299
gcm: 0.60557 1.03884 0.322234
H: -3.6568 0.736422 0.5907
300
gcm: 0.605705 1.03912 0.3306
H: -3.72966 0.389847 -1.65249
301
gcm: 0.606028 1.03861 0.339383
H: -4.17613 0.0622011 -3.01556
302
gcm: 0.606404 1.03782 0.348339
H: -4.3285 0.0998122 -1.88517
303
gcm: 0.606526 1.03721 0.356909
H: -1.88871 -0.118207 -1.82807
304
gcm: 0.60673 1.03636 0.365521
H: -1.50064 -0.0740362 -1.79639
305
gcm: 0.606819 1.0351 0.374312
H: -1.6884 0.142595 -1.07067
306
gcm: 0.606424 1.03376 0.382963
H: -1.70855 0.474294 0.001037
307
gcm: 0.605808 1.03263 0.39136
H: -0.954702 0.458367 0.620727
308
gcm: 0.605511 1.03161 0.400249
H: -0.192217 0.425819 1.07411
309
gcm: 0.605223 1.03032 0.40952
H: 2.6528 0.735842 0.740325
310
gcm: 0.604205 1.0293 0.418679
H: 2.83019 0.970281 3.02381
311
gcm: 0.603275 1.02801 0.42807
H: 2.36524 0.760045 3.00124
312
gcm: 0.602931 1.02609 0.437799
H: 1.91588 0.689572 2.04309
313
gcm: 0.602604 1.02421 0.44758
H: 1.95239 0.567564 1.5349
314
gcm: 0.602001 1.02238 0.457313
H: 4.27321 0.423383 0.705473
315
gcm: 0.601121 1.02106 0.466687
H: 5.98964 0.850061 3.1532
316
gcm: 0.600207 1.01997 0.476149
H: 1.31017 0.381826 2.48056
317
gcm: 0.599368 1.01826 0.486
H: 4.36002 -0.0600246 -0.428526
318
gcm: 0.599002 1.01697 0.496411
H: 6.71034 0.22721 0.167097
319
gcm: 0.598726 1.01633 0.507309
H: 7.94859 0.529238 1.40335
320
gcm: 0.597051 1.01552 0.518231
H: 5.72654 0.616961 3.86779
321
gcm: 0.595911 1.01521 0.528829
H: 5.13215 0.425815 2.72719
322
gcm: 0.594985 1.0149 0.539449
H: 6.76914 0.280836 1.38529
323
gcm: 0.593472 1.01408 0.54988
H: 6.56588 0.231456 1.99964
324
gcm: 0.591949 1.01361 0.560426
H: 5.43349 0.321321 1.81943
325
gcm: 0.590783 1.01355 0.571134
H: 5.74681 0.355422 0.544154
326
gcm: 0.589604 1.01336 0.581397
H: 5.39754 0.22418 0.370178
327
gcm: 0.588435 1.01317 0.5914
H: 5.19234 0.156174 0.842052
328
gcm: 0.587179 1.01317 0.60165
H: 5.91636 0.300208 0.882275
329
gcm: 0.585235 1.0135 0.61211
H: 5.24086 0.33557 1.43682
330
gcm: 0.583415 1.01441 0.622446
H: 5.026 0.307296 1.67961
331
gcm: 0.583323 1.01476 0.633948
H: 14.2565 0.573405 -0.196299
332
gcm: 0.583229 1.01555 0.64458
H: 11.5043 0.783629 -2.01576
333
gcm: 0.582325 1.01658 0.654837
H: 8.81942 0.574691 -0.764927
334
gcm: 0.581159 1.01789 0.665131
H: 7.34035 0.614275 0.839711
335
gcm: 0.580384 1.01963 0.675308
H: 7.81718 0.461869 0.268767
336
gcm: 0.579794 1.02142 0.685177
H: 7.07018 0.530119 -0.763957
337
gcm: 0.578887 1.02308 0.694925
H: 5.93062 0.840614 -0.284263
338
gcm: 0.578171 1.0246 0.70468
H: 6.19257 0.656805 -0.350104
339
gcm: 0.57785 1.02593 0.713859
H: 4.77211 0.172531 -1.42617
340
gcm: 0.576582 1.02736 0.723242
H: 3.61554 0.627065 1.18224
341
gcm: 0.576104 1.02938 0.732562
H: 3.31132 0.516919 -0.58605
342
gcm: 0.576 1.0316 0.741713
H: 1.78836 -0.074959 -1.6818
343
gcm: 0.575952 1.03376 0.750753
H: 1.33579 -0.395147 -2.11111
344
gcm: 0.575151 1.03548 0.758506
H: 0.213299 -0.219094 0.404438
345
gcm: 0.5743 1.03664 0.766522
H: 0.123254 -0.107298 2.00152
346
gcm: 0.575187 1.03874 0.777137
H: 2.51024 -0.646929 -2.90565
347
gcm: 0.574476 1.04011 0.785738
H: 0.355847 -0.267125 0.655445
348
gcm: 0.573771 1.04137 0.794454
H: -0.243199 -0.375411 1.16543
349
gcm: 0.573018 1.04257 0.803093
H: -1.39936 -0.494863 1.04216
350
gcm: 0.572589 1.04357 0.811733
H: -0.850632 -0.669318 -0.342274
351
gcm: 0.572624 1.04445 0.820509
H: -4.48869 -1.63822 0.357143
352
gcm: 0.572923 1.04606 0.828917
H: 1.10723 -0.485041 -2.18449
353
gcm: 0.572884 1.04754 0.837252
H: -2.43571 -1.13048 -0.809381
354
gcm: 0.572481 1.04856 0.845581
H: -2.33211 -1.07482 0.407375
355
gcm: 0.572151 1.04888 0.853602
H: -2.60419 -1.00953 0.511164
356
gcm: 0.571978 1.04928 0.861965
H: -2.18183 -1.05293 -0.224091
357
gcm: 0.571794 1.04954 0.870456
H: -2.00737 -1.19118 -0.503991
358
gcm: 0.5715 1.04929 0.878425
H: -2.70875 -1.0813 0.428692
359
gcm: 0.571508 1.04939 0.886362
H: -2.24298 -1.11509 -0.182059
360
gcm: 0.571826 1.04975 0.895016
H: -1.57928 -1.36333 -1.74292
361
gcm: 0.572057 1.0493 0.90276
H: -3.93287 -1.55258 -1.11028
362
gcm: 0.571995 1.04873 0.91046
H: -3.566 -1.2552 -0.046337
363
gcm: 0.571928 1.04859 0.918651
H: -1.93516 -1.24953 -0.40056
364
gcm: 0.57191 1.04827 0.927233
H: -0.715344 -1.31084 -0.137093
365
gcm: 0.572129 1.04794 0.935478
H: -2.85234 -1.26021 0.715082
366
gcm: 0.572051 1.04753 0.943152
H: -5.20281 -0.925091 1.19453
367
gcm: 0.571905 1.04742 0.950997
H: -4.47071 -0.998538 -0.437399
368
gcm: 0.572299 1.0477 0.959003
H: -2.16347 -1.30351 -2.10134
369
gcm: 0.572572 1.04781 0.967016
H: -2.8954 -1.29818 -0.781379
370
gcm: 0.572599 1.04788 0.974963
H: -3.95485 -1.26137 -0.119573
371
gcm: 0.572684 1.04797 0.982697
H: -3.4038 -1.25427 0.080853
372
gcm: 0.572697 1.04818 0.99071
H: -3.55779 -1.06598 0.460046
373
gcm: 0.572662 1.04865 0.998752
H: -4.91133 -1.10188 -0.170756
374
gcm: 0.57293 1.04956 1.0065
H: -4.54009 -1.28882 -0.372874
375
gcm: 0.573199 1.05024 1.0142
H: -3.94559 -1.19305 0.94311
376
gcm: 0.573337 1.0508 1.02186
H: -5.26419 -1.21394 0.375515
377
gcm: 0.573592 1.05144 1.02988
H: -4.43129 -1.30794 -0.411631
378
gcm: 0.573101 1.05075 1.03807
H: -4.97908 -0.961837 1.82585
379
gcm: 0.573716 1.04991 1.04493
H: -5.17361 -1.21463 -0.506649
380
gcm: 0.573875 1.04942 1.05246
H: -5.52873 -0.95884 -0.288878
381
gcm: 0.57403 1.04979 1.06059
H: -5.15726 -1.04248 0.0559751
382
gcm: 0.574285 1.04971 1.06823
H: -5.14266 -1.25647 -0.0956596
383
gcm: 0.574664 1.04952 1.07519
H: -4.99573 -1.27421 -0.218077
384
gcm: 0.575183 1.04991 1.08283
H: -3.83562 -1.09627 -0.0240632
385
gcm: 0.575542 1.05053 1.09106
H: -3.69455 -0.97298 0.306733
386
gcm: 0.575616 1.05053 1.0988
H: -4.88978 -0.876931 1.01531
387
gcm: 0.575973 1.05046 1.10666
H: -4.40663 -0.759174 0.226846
388
gcm: 0.576528 1.05062 1.11477
H: -3.54986 -0.809271 -0.679162
389
gcm: 0.576685 1.05033 1.12214
H: -5.01074 -0.72758 1.11794
390
gcm: 0.576807 1.04938 1.12946
H: -6.22399 -0.486316 1.93456
391
gcm: 0.577171 1.0489 1.13724
H: -4.94046 -0.573554 0.782561
392
gcm: 0.577736 1.04926 1.14476
H: -3.87829 -0.604528 0.645404
393
gcm: 0.578778 1.04974 1.1516
H: -4.27714 -0.465866 0.00837031
394
gcm: 0.578392 1.04939 1.15888
H: -5.05921 -0.0875012 2.79873
395
gcm: 0.578778 1.04855 1.16718
H: -0.764266 -0.0219753 1.64167
396
gcm: 0.579749 1.04743 1.17572
H: -0.210499 0.0545018 0.551358
397
gcm: 0.580855 1.04758 1.18382
H: -0.819221 -0.294478 -0.307758
398
gcm: 0.581419 1.04709 1.19176
H: 0.378661 -0.124239 1.10536
399
gcm: 0.581701 1.04638 1.20013
H: 0.708285 -0.0954151 1.12429
400
gcm: 0.582876 1.04553 1.20861
H: 1.10709 -0.384935 -1.16113
401
gcm: 0.584354 1.04469 1.21707
H: 1.23779 -0.525135 -1.01409
402
gcm: 0.584999 1.04364 1.22575
H: 1.35158 -0.0642408 0.828521
403
gcm: 0.585612 1.04243 1.23463
H: 2.86343 -0.0916284 0.110881
404
gcm: 0.586831 1.04129 1.24355
H: 3.17216 -0.208708 -1.18151
405
gcm: 0.588019 1.03917 1.25243
H: 2.25226 -0.418724 -0.912539
406
gcm: 0.589244 1.03763 1.2615
H: 2.92697 -0.0663622 -0.80489
407
gcm: 0.591245 1.03638 1.27054
H: 3.27905 -0.324486 -2.08675
408
gcm: 0.591238 1.03471 1.28009
H: 3.95501 -0.0911146 0.564937
409
gcm: 0.593158 1.03399 1.28847
H: 3.73252 -0.143154 -1.61937
410
gcm: 0.594603 1.0343 1.29758
H: 4.16727 -0.0904499 -0.445086
411
gcm: 0.595827 1.03551 1.30628
H: 3.8296 -0.193787 -0.548281
412
gcm: 0.597537 1.03578 1.31572
H: 6.72832 -0.338378 -1.04808
413
gcm: 0.599407 1.03614 1.32551
H: 6.94902 -0.28697 -1.00212
414
gcm: 0.601328 1.03613 1.33595
H: 7.11554 0.00606132 -1.40441
415
gcm: 0.603266 1.03606 1.34638
H: 7.59752 -0.193412 -1.66204
416
gcm: 0.605079 1.03536 1.35601
H: 6.17489 -0.327594 -1.43053
417
gcm: 0.606417 1.03573 1.36519
H: 3.68011 -0.558909 -0.532415
418
gcm: 0.607486 1.03587 1.37412
H: 3.44983 -0.525433 0.794856
419
gcm: 0.608982 1.036 1.3842
H: 6.04402 -0.142454 -0.177209
420
gcm: 0.610781 1.03637 1.39376
H: 3.85443 0.0194301 -0.43925
421
gcm: 0.612284 1.03689 1.40374
H: 11.6861 -1.13284 0.918209
422
gcm: 0.614041 1.03865 1.41438
H: 13.6533 -2.00799 0.763431
423
gcm: 0.616244 1.03982 1.42479
H: 5.62582 -0.219347 -2.73004
424
gcm: 0.617885 1.04097 1.43424
H: 6.25696 -0.25279 -1.44664
425
gcm: 0.619687 1.04208 1.44454
H: 9.10004 -0.815584 -0.879156
426
gcm: 0.621326 1.04355 1.45386
H: 6.72026 -0.75394 -0.67731
427
gcm: 0.622516 1.04502 1.4626
H: 3.06247 -0.0339187 -1.35425
428
gcm: 0.623666 1.04631 1.47112
H: 4.91351 -0.607081 -0.59026
429
gcm: 0.624903 1.04792 1.47953
H: 6.92301 -1.63613 1.69218
430
gcm: 0.6264 1.04966 1.48848
H: 4.06735 -1.00839 0.253827
431
gcm: 0.627822 1.05124 1.49777
H: 3.19917 -0.211321 -0.557586
432
gcm: 0.628658 1.05274 1.50526
H: 1.91576 -0.239125 1.5182
433
gcm: 0.629546 1.05396 1.51434
H: 5.30595 -0.523678 0.748684
434
gcm: 0.629388 1.05366 1.52046
H: -1.46981 0.175246 2.00585
435
gcm: 0.632471 1.0574 1.53196
H: 4.35155 -0.20684 -5.20818
436
gcm: 0.634846 1.05871 1.54234
H: 4.23123 -0.422349 -4.27854
437
gcm: 0.633593 1.05937 1.54776
H: -3.59174 1.08393 6.5787
438
gcm: 0.633043 1.05997 1.55388
H: -5.23353 1.1881 4.53644
439
gcm: 0.635373 1.06198 1.56345
H: 3.91854 -0.17982 -4.24237
440
gcm: 0.635375 1.06288 1.56988
H: -4.80847 0.508225 1.70143
441
gcm: 0.639312 1.0662 1.58166
H: 1.15628 -0.158034 -7.75885
442
gcm: 0.641236 1.06768 1.59159
H: 0.699889 0.570032 -4.13923
443
gcm: 0.641606 1.06964 1.601
H: -0.595017 1.28213 0.63262
444
gcm: 0.641302 1.0691 1.60719
H: -5.73759 1.45087 2.42926
445
gcm: 0.641677 1.07125 1.61482
H: -1.49238 1.11557 0.594292
446
gcm: 0.642256 1.07111 1.62169
H: -2.58647 1.28299 1.34324
447
gcm: 0.643369 1.07069 1.62962
H: -0.941372 1.08267 0.032147
448
gcm: 0.643788 1.07079 1.6371
H: -2.44553 1.21479 -0.0690654
449
gcm: 0.6438 1.07097 1.64394
H: -4.48666 1.45441 1.16662
450
gcm: 0.645122 1.07112 1.65253
H: -0.796747 1.04498 -1.33511
451
gcm: 0.646515 1.07125 1.66086
H: -0.703598 0.522869 -2.03062
452
gcm: 0.647018 1.07153 1.66835
H: -2.33012 0.956737 -0.29911
453
gcm: 0.647478 1.07185 1.67638
H: -2.80114 1.23069 1.19903
454
gcm: 0.647874 1.07124 1.68399
H: -3.38416 1.22158 0.2257
455
gcm: 0.648446 1.06995 1.69161
H: -1.86394 1.1194 -0.120207
456
gcm: 0.648891 1.06851 1.69945
H: -3.59415 1.22846 1.19102
457
gcm: 0.64939 1.06749 1.70702
H: -1.86302 0.846025 -1.0082
458
gcm: 0.650416 1.06674 1.71515
H: -0.823713 0.82633 -0.969197
459
gcm: 0.650827 1.06682 1.72236
H: -0.952688 1.10723 -0.572785
460
gcm: 0.651042 1.06715 1.73024
H: -7.36545 1.13394 0.120687
461
gcm: 0.651904 1.06695 1.73838
H: -4.54699 0.957406 -0.471514
462
gcm: 0.652375 1.06722 1.74624
H: -3.1756 1.22776 0.978724
463
gcm: 0.652389 1.06784 1.75331
H: -2.50113 1.29786 1.96807
464
gcm: 0.652852 1.06738 1.76051
H: -2.18088 0.623638 -1.00341
465
gcm: 0.65338 1.06647 1.76864
H: -6.24455 1.06517 -0.394199
466
gcm: 0.653251 1.06633 1.77582
H: -2.92489 1.0756 1.31667
467
gcm: 0.653594 1.06759 1.78413
H: -5.82393 0.383584 0.649275
468
gcm: 0.654541 1.06797 1.79147
H: -2.80863 0.757392 -1.30256
469
gcm: 0.654915 1.06678 1.79941
H: -5.70256 0.878355 -0.515409
470
gcm: 0.654494 1.06663 1.80664
H: -3.26703 1.27873 0.94196
471
gcm: 0.654763 1.06739 1.81391
H: -3.30789 1.18479 0.357517
472
gcm: 0.655434 1.06734 1.82145
H: -3.44224 0.68956 -0.720295
473
gcm: 0.655583 1.06706 1.82911
H: -6.51526 1.15361 -0.0260323
474
gcm: 0.6556 1.06765 1.83735
H: -6.64289 0.990479 0.476743
475
gcm: 0.656027 1.06808 1.84588
H: -5.76523 0.924615 -0.212049
476
gcm: 0.6562 1.06725 1.85317
H: -4.20271 1.03952 -0.0373674
477
gcm: 0.655961 1.06598 1.8594
H: -0.349099 1.02302 0.133739
478
gcm: 0.655787 1.06607 1.86743
H: -6.52491 0.888586 0.427443
479
gcm: 0.655594 1.06636 1.87538
H: -5.82925 0.739456 0.806909
480
gcm: 0.655605 1.06631 1.88356
H: -5.85085 0.732986 0.455495
481
gcm: 0.656003 1.06609 1.8911
H: -9.26641 0.537088 -1.83205
482
gcm: 0.656271 1.06574 1.89819
H: -6.62787 0.688973 -0.691846
483
gcm: 0.656453 1.06525 1.90622
H: -0.951728 0.446875 -0.104965
484
gcm: 0.656016 1.06477 1.9141
H: -1.00863 0.471345 -0.0999325
485
gcm: 0.655595 1.06441 1.92255
H: -2.52378 0.47209 0.00845383
486
gcm: 0.655587 1.06403 1.93191
H: -5.72553 0.359251 -1.03529
487
gcm: 0.655416 1.06312 1.94051
H: -4.78978 0.504228 -0.882291
488
gcm: 0.654581 1.06207 1.9488
H: -3.44863 0.392207 -0.0931437
489
gcm: 0.653488 1.06113 1.9573
H: -1.95798 0.488358 1.58852
490
gcm: 0.653193 1.06011 1.96575
H: 1.73756 1.08399 0.822774
491
gcm: 0.653086 1.05912 1.97464
H: 0.208707 -0.309581 -1.34541
492
gcm: 0.652794 1.05762 1.98325
H: 2.15822 -0.052001 -0.535709
493
gcm: 0.652005 1.05609 1.99173
H: 1.02115 0.0829667 -0.114173
494
gcm: 0.650912 1.05439 2.00016
H: -1.08023 -0.889729 -1.03487
495
gcm: 0.649956 1.05329 2.0086
H: 0.754836 0.698407 0.581087
496
gcm: 0.649238 1.05278 2.0173
H: 0.959935 0.0436309 0.296102
497
gcm: 0.648397 1.05056 2.02644
H: 1.08953 0.224205 0.0397615
498
gcm: 0.647039 1.04731 2.03535
H: -0.429988 0.0354632 1.59924
499
gcm: 0.645513 1.04575 2.04417
H: 0.93877 0.341824 1.23975
500
gcm: 0.644065 1.04454 2.05311
H: 3.00977 0.240381 0.492288
501
gcm: 0.643452 1.04211 2.06314
H: 2.73423 0.0462892 -1.07903
502
gcm: 0.642656 1.04038 2.07298
H: 2.26261 -0.18338 -0.928106
503
gcm: 0.641147 1.04011 2.08282
H: 2.46757 0.0276332 0.708118
504
gcm: 0.638783 1.04059 2.09281
H: 1.78938 0.361416 2.59599
505
gcm: 0.637704 1.04036 2.10282
H: 2.82727 0.00591322 -1.143
506
gcm: 0.635899 1.04015 2.11335
H: 3.1294 0.142475 -0.278148
507
gcm: 0.634541 1.03942 2.1235
H: 3.05267 0.0937378 0.698665
508
gcm: 0.633488 1.03914 2.1328
H: 2.27609 -0.008664 -0.452906
509
gcm: 0.631219 1.03982 2.14355
H: 4.54992 0.317678 0.946289
510
gcm: 0.629089 1.04043 2.15333
H: 3.94223 0.2219 1.65136
511
gcm: 0.627208 1.04062 2.16321
H: 4.25468 0.763177 0.433311
512
gcm: 0.625186 1.04098 2.17211
H: 3.78626 0.428208 -0.17446
513
gcm: 0.623404 1.04168 2.18001
H: 2.1326 -0.416563 -0.125605
514
gcm: 0.622086 1.04258 2.18998
H: 5.64127 0.395771 -1.46379
515
gcm: 0.620473 1.04313 2.19933
H: 4.55562 0.618397 0.0761253
516
gcm: 0.619076 1.04301 2.21138
H: 17.2078 1.6127 0.144043
516
gcm: 0.619076 1.04301 2.21138
H: 0 0 0
