:metadata
 
Skeleton: /home/SMBAD/laturnus/home/BA/mocapPlayer/mocapPlayer/mocapPlayer/07-walk.asf
Motion: /home/SMBAD/laturnus/home/BA/mocapPlayer/mocapPlayer/mocapPlayer/07_05-walk.amc
Mass Distribution: /home/SMBAD/laturnus/home/BA/mocapPlayer/amd/NHR03-06.amd
 
Inital skeleton translation: 0 0 0
Initial skeleton rotation: 0 0 0
 
:data
1
gcm: 0.46183 0.983035 -2.17099
H: -0.0526034 -0.51937 -0.981722
L: 0.0436104 -0.0106006 0.517458
left
2
gcm: 0.461942 0.982535 -2.16414
H: -0.117512 -0.360805 -0.122607
L: 0.00799299 -0.0354685 0.486134
left
3
gcm: 0.461698 0.982292 -2.15719
H: -0.254885 0.164371 0.797403
L: -0.0173309 -0.0173021 0.49366
left
4
gcm: 0.462115 0.982301 -2.14961
H: 0.506545 -0.0382382 0.621841
L: 0.0295837 0.000674889 0.537762
left
5
gcm: 0.462842 0.982466 -2.14196
H: -1.55973 0.0169781 -0.104726
L: 0.0516753 0.0117354 0.543187
left
6
gcm: 0.46353 0.983171 -2.13449
H: -0.38765 -0.291988 -0.248458
L: 0.0488209 0.0500426 0.530744
left
7
gcm: 0.463867 0.983354 -2.12706
H: 0.154467 0.0270676 0.259288
L: 0.0238998 0.0129898 0.527686
left
8
gcm: 0.464289 0.982345 -2.11983
H: 0.585578 0.0346008 -0.0505419
L: 0.0299809 -0.0716521 0.512792
left
9
gcm: 0.46458 0.982324 -2.1125
H: -0.326725 -0.0147145 0.581784
L: 0.0206329 -0.00146828 0.520278
left
10
gcm: 0.464953 0.982669 -2.10514
H: -0.312202 0.165947 0.711296
L: 0.0265296 0.0244545 0.522981
left
11
gcm: 0.465622 0.982399 -2.0977
H: -0.469372 0.212259 0.247286
L: 0.0474632 -0.0191833 0.52798
left
12
gcm: 0.466237 0.982466 -2.09018
H: -0.909804 0.715306 1.68097
L: 0.0436894 0.00477926 0.533811
left
13
gcm: 0.466674 0.982175 -2.08278
H: -0.743647 0.16287 0.775356
L: 0.0310275 -0.0206885 0.525779
left
14
gcm: 0.466962 0.981063 -2.07535
H: -0.829605 -0.122931 0.200524
L: 0.0204102 -0.0789523 0.527248
left
15
gcm: 0.467592 0.980181 -2.06764
H: 0.818134 0.205848 1.66905
L: 0.0447384 -0.0625745 0.547358
left
16
gcm: 0.468326 0.979516 -2.06007
H: -0.609038 -0.635119 1.29063
L: 0.0521186 -0.0472406 0.537745
left
17
gcm: 0.468956 0.979383 -2.05255
H: 0.658948 -0.808518 -0.0498454
L: 0.0447296 -0.00945065 0.533552
left
18
gcm: 0.469047 0.97981 -2.04473
H: 0.0818021 -0.10137 -0.0600282
L: 0.0064519 0.0303348 0.555459
left
19
gcm: 0.467711 0.979967 -2.03888
H: -2.05201 -0.144582 0.356341
L: -0.0948143 0.0111829 0.4152
left
20
gcm: 0.468706 0.97952 -2.03124
H: 0.243557 -0.253735 0.299247
L: 0.0706376 -0.0317921 0.54276
left
21
gcm: 0.471734 0.978555 -2.02196
H: 1.43488 -0.526888 -1.84892
L: 0.214993 -0.0684788 0.658724
left
22
gcm: 0.470526 0.978176 -2.01667
H: 1.0672 -0.424366 1.68908
L: -0.0858027 -0.0269395 0.375482
left
23
gcm: 0.474354 0.976062 -2.00623
H: 2.16859 0.309115 -1.07942
L: 0.271843 -0.150078 0.741762
left
24
gcm: 0.474502 0.976335 -1.99794
H: 0.317569 0.413081 1.58639
L: 0.0104738 0.0194053 0.588502
left
25
gcm: 0.476808 0.976037 -1.99005
H: 0.714629 0.0221904 -0.261419
L: 0.16375 -0.0211863 0.560005
left
26
gcm: 0.477455 0.975279 -1.9821
H: 1.89923 -0.338923 0.168772
L: 0.0459245 -0.0537868 0.564325
left
27
gcm: 0.478417 0.973631 -1.97404
H: 1.51059 -0.0842143 -0.769058
L: 0.0683098 -0.117043 0.572028
left
28
gcm: 0.480124 0.973423 -1.96499
H: 1.24947 -0.0393327 -1.37519
L: 0.121208 -0.0147811 0.642937
left
29
gcm: 0.481995 0.973139 -1.95605
H: 4.73261 -0.212914 -0.173243
L: 0.132819 -0.0201515 0.634621
left
30
gcm: 0.483564 0.972736 -1.94747
H: 4.2066 -0.114372 -0.203762
L: 0.111413 -0.0285817 0.609063
none 
31
gcm: 0.485003 0.972145 -1.93868
H: 0.360352 -0.479906 -0.170634
L: 0.102129 -0.0419771 0.624253
left
32
gcm: 0.486589 0.971478 -1.92943
H: 0.313388 -0.309631 -0.438685
L: 0.11266 -0.0473712 0.65677
left
33
gcm: 0.488222 0.972242 -1.91999
H: 1.26063 -0.438256 -0.159948
L: 0.115903 0.0542327 0.669934
left
34
gcm: 0.490142 0.972505 -1.91093
H: 0.369019 -0.536222 -0.761187
L: 0.136326 0.0186818 0.64378
left
35
gcm: 0.492256 0.971131 -1.90214
H: 0.542291 -0.75131 -1.01857
L: 0.150067 -0.0975382 0.623982
left
36
gcm: 0.494154 0.970365 -1.89311
H: 0.702624 -0.726333 -0.725137
L: 0.134798 -0.0543647 0.641312
none 
37
gcm: 0.496443 0.970606 -1.8835
H: 1.28455 -0.590625 -1.51099
L: 0.162533 0.0171017 0.682195
none 
38
gcm: 0.499386 0.970795 -1.87332
H: 0.449727 -0.0619438 -2.64103
L: 0.208953 0.0133836 0.722911
right
39
gcm: 0.500271 0.971327 -1.86468
H: -0.0521677 -0.0668357 -0.452919
L: 0.0628054 0.037772 0.613339
none 
40
gcm: 0.501472 0.97135 -1.85573
H: -0.213981 0.173002 -0.26217
L: 0.0852764 0.00163081 0.634929
none 
41
gcm: 0.50405 0.97084 -1.84644
H: 0.301515 -0.679813 -0.605381
L: 0.183026 -0.0362193 0.659988
none 
42
gcm: 0.506311 0.970067 -1.83737
H: 1.40295 -0.770041 -0.197816
L: 0.160513 -0.0548753 0.64397
right
43
gcm: 0.508038 0.973738 -1.82734
H: 2.03304 0.00850818 -0.572876
L: 0.122624 0.260638 0.712145
right
44
gcm: 0.510116 0.974751 -1.81671
H: 0.470261 0.0906882 -0.0987725
L: 0.147586 0.0719293 0.754451
right
45
gcm: 0.512166 0.975267 -1.80671
H: 0.117544 0.228277 0.318157
L: 0.145534 0.0366249 0.709935
right
46
gcm: 0.51438 0.976502 -1.79668
H: 0.747593 0.199284 -0.953362
L: 0.157213 0.0876874 0.712307
right
47
gcm: 0.51678 0.978323 -1.78671
H: -0.375275 0.228151 -0.267945
L: 0.170393 0.129303 0.708082
right
48
gcm: 0.519132 0.979857 -1.77692
H: 0.602117 0.21621 -0.910328
L: 0.166945 0.108917 0.695153
right
49
gcm: 0.521198 0.980757 -1.76754
H: 0.0215787 0.469024 -1.18606
L: 0.146728 0.0638835 0.665865
right
50
gcm: 0.523021 0.981539 -1.75858
H: 0.130264 0.0735543 -0.488453
L: 0.129429 0.0555593 0.63593
right
51
gcm: 0.524768 0.982917 -1.74969
H: -0.12761 0.0280839 -1.37595
L: 0.124004 0.0978551 0.63148
right
52
gcm: 0.526478 0.984731 -1.74085
H: 1.17662 -0.396838 -0.740033
L: 0.121431 0.128765 0.627323
right
53
gcm: 0.528163 0.986371 -1.73219
H: 0.589785 -0.359971 0.518258
L: 0.11965 0.116415 0.615242
right
54
gcm: 0.529949 0.98784 -1.72356
H: -0.817795 -0.113105 -0.0910731
L: 0.1268 0.104302 0.612837
right
55
gcm: 0.531671 0.989261 -1.7149
H: 0.682256 -0.213642 -0.808467
L: 0.122256 0.100921 0.61457
right
56
gcm: 0.533379 0.990906 -1.70616
H: 1.53389 -0.180975 -1.05516
L: 0.121273 0.116783 0.62059
right
57
gcm: 0.535067 0.992637 -1.69729
H: -0.00253182 -0.291194 -1.09747
L: 0.119818 0.122934 0.629344
right
58
gcm: 0.536306 0.994169 -1.68898
H: -1.5986 0.0242388 -0.23103
L: 0.0879651 0.108741 0.590175
right
59
gcm: 0.537687 0.995689 -1.68139
H: -1.5534 0.362224 -0.412
L: 0.0980544 0.10791 0.538954
right
60
gcm: 0.539561 0.99703 -1.67352
H: -1.71039 0.084942 -0.927746
L: 0.133052 0.0951977 0.55894
right
61
gcm: 0.541117 0.998311 -1.66532
H: -0.466059 -0.00132661 -0.356998
L: 0.110485 0.0910084 0.582362
right
62
gcm: 0.542347 0.999666 -1.65748
H: -0.031268 0.210108 -0.233858
L: 0.0873295 0.0961856 0.55644
right
63
gcm: 0.543556 1.00138 -1.6497
H: -0.362336 0.0660083 -0.626036
L: 0.0858542 0.121704 0.552372
right
64
gcm: 0.544557 1.00284 -1.64186
H: -0.949889 0.147156 0.083217
L: 0.0711036 0.103475 0.556327
right
65
gcm: 0.545311 1.00432 -1.63434
H: -0.472527 0.18525 0.573437
L: 0.0534832 0.105214 0.533924
right
66
gcm: 0.54622 1.00531 -1.62727
H: -0.189257 0.195408 -0.150939
L: 0.0645222 0.0701102 0.502537
right
67
gcm: 0.547456 1.00618 -1.61997
H: 1.48528 -0.213964 -0.563898
L: 0.0877642 0.0622367 0.517716
right
68
gcm: 0.548612 1.00729 -1.61245
H: 1.08696 -0.133557 -0.138294
L: 0.0820782 0.078405 0.534404
right
69
gcm: 0.549498 1.00799 -1.60498
H: 1.47853 0.064499 0.764116
L: 0.0629098 0.0500841 0.530475
right
70
gcm: 0.550225 1.00851 -1.59741
H: -0.149197 0.649458 1.02304
L: 0.0516375 0.0368533 0.537155
right
71
gcm: 0.551106 1.00886 -1.59048
H: 0.167254 0.0254241 -0.124113
L: 0.0625258 0.0248976 0.492304
right
72
gcm: 0.551985 1.00876 -1.58375
H: -0.144294 0.0346075 -0.427359
L: 0.0624185 -0.00711126 0.477597
right
73
gcm: 0.552795 1.00902 -1.57614
H: -1.25124 0.55681 -0.287307
L: 0.0574969 0.0182518 0.540561
right
74
gcm: 0.553594 1.00936 -1.56849
H: -1.26723 0.447969 0.12114
L: 0.0567751 0.0239875 0.542879
right
75
gcm: 0.554261 1.00928 -1.56124
H: 1.05917 0.482934 1.49548
L: 0.0473556 -0.00584806 0.514489
right
76
gcm: 0.554909 1.00836 -1.55396
H: -0.118979 0.315358 0.081764
L: 0.0459666 -0.0653059 0.517237
right
77
gcm: 0.55585 1.0079 -1.54651
H: -1.40141 0.69941 -1.89671
L: 0.0668024 -0.0326225 0.528977
right
78
gcm: 0.556725 1.00739 -1.53913
H: -1.64919 0.827043 -0.58376
L: 0.0621886 -0.0362255 0.523535
right
79
gcm: 0.557418 1.00704 -1.53186
H: -1.03975 0.513277 0.955466
L: 0.0491635 -0.0244047 0.516173
right
80
gcm: 0.557992 1.00666 -1.5246
H: -1.9939 0.604455 0.597535
L: 0.0407947 -0.0268743 0.516057
right
81
gcm: 0.558455 1.00645 -1.51722
H: -1.46744 0.621693 0.0572828
L: 0.0328399 -0.0153916 0.523729
right
82
gcm: 0.55897 1.006 -1.50977
H: -1.46192 0.968823 -0.417822
L: 0.0365592 -0.0319374 0.529024
right
83
gcm: 0.559555 1.00507 -1.50231
H: -1.6526 0.944946 -0.601482
L: 0.041514 -0.0656734 0.52927
right
84
gcm: 0.560003 1.00432 -1.49475
H: -2.69687 0.936196 -0.481481
L: 0.0318337 -0.0531731 0.536957
right
85
gcm: 0.560449 1.00354 -1.48721
H: -3.36063 0.939387 -0.024884
L: 0.0316639 -0.0553235 0.535566
right
86
gcm: 0.560896 1.00293 -1.4797
H: -3.53012 0.96591 -0.0188992
L: 0.0317153 -0.0437377 0.533183
right
87
gcm: 0.56121 1.0028 -1.4721
H: -3.2324 0.931632 -0.747893
L: 0.0222915 -0.00919165 0.539585
right
88
gcm: 0.561497 1.00269 -1.46481
H: -1.86928 0.799241 -0.0855657
L: 0.0204032 -0.00762382 0.517723
right
89
gcm: 0.561841 1.0024 -1.45766
H: -2.12969 0.657798 0.617429
L: 0.0244494 -0.0206689 0.507731
right
90
gcm: 0.562296 1.00201 -1.45023
H: -1.1614 0.461075 0.00211638
L: 0.0322641 -0.0275024 0.527435
right
91
gcm: 0.562737 1.00154 -1.44289
H: -0.0545554 0.481718 -0.371539
L: 0.0313083 -0.0332803 0.520845
right
92
gcm: 0.563028 1.00103 -1.43589
H: -1.26441 0.185276 0.0298641
L: 0.0206646 -0.0362209 0.496932
right
93
gcm: 0.56336 1.001 -1.42874
H: -1.31627 0.515528 -0.806485
L: 0.0235715 -0.00273875 0.507896
right
94
gcm: 0.563875 1.00128 -1.42127
H: -1.65573 0.255183 -1.48968
L: 0.0365851 0.0203669 0.530453
right
95
gcm: 0.564331 1.0012 -1.41403
H: -1.78466 0.336898 -0.724406
L: 0.032341 -0.00613045 0.514158
right
96
gcm: 0.564455 1.00083 -1.40685
H: -1.01999 0.357277 -0.167114
L: 0.00883847 -0.0261531 0.509502
right
97
gcm: 0.56428 1.00049 -1.39959
H: -1.24945 0.534205 0.406478
L: -0.0124456 -0.0240779 0.515484
right
98
gcm: 0.564243 1.00034 -1.3923
H: -1.35586 0.514982 0.044146
L: -0.00260353 -0.0101953 0.517201
right
99
gcm: 0.564531 1.00023 -1.38488
H: 0.534605 0.629093 -0.325464
L: 0.0204404 -0.00831819 0.527476
right
100
gcm: 0.564943 1.00007 -1.37742
H: -0.227966 0.268918 -0.778829
L: 0.0292358 -0.0110871 0.529111
right
101
gcm: 0.564998 1.00064 -1.37021
H: -0.0281039 0.22502 -0.832252
L: 0.00393208 0.0404735 0.512271
right
102
gcm: 0.564824 1.00157 -1.36308
H: 0.295638 0.269147 -0.0107139
L: -0.0123923 0.0660992 0.506219
right
103
gcm: 0.564994 1.00144 -1.35568
H: 0.29273 0.277431 -0.376143
L: 0.0120696 -0.00909756 0.525462
right
104
gcm: 0.56518 1.00143 -1.34817
H: 0.0479679 0.29339 -0.578786
L: 0.0132581 -0.000892684 0.533032
right
105
gcm: 0.565094 1.00204 -1.34084
H: -0.42326 0.365723 -0.0639115
L: -0.00610235 0.0429431 0.520446
right
106
gcm: 0.564934 1.00139 -1.33364
H: -0.0510698 0.372931 -0.314041
L: -0.0113729 -0.0460968 0.511041
right
107
gcm: 0.564947 1.00026 -1.32645
H: 0.667838 0.194806 -0.711075
L: 0.00091931 -0.0800501 0.510588
right
108
gcm: 0.565175 1.00019 -1.31965
H: -3.14769 0.0269252 -0.727646
L: 0.0162148 -0.00468625 0.482558
right
109
gcm: 0.564506 1.00029 -1.31237
H: -1.88012 0.473756 0.231332
L: -0.0475514 0.00681444 0.517077
right
110
gcm: 0.564003 1.0001 -1.30444
H: -2.61254 0.530065 -0.371654
L: -0.0356696 -0.0132667 0.563303
right
111
gcm: 0.563908 0.999587 -1.29635
H: -2.65541 0.364649 0.467802
L: -0.00677437 -0.0365981 0.574155
right
112
gcm: 0.56394 0.999095 -1.28854
H: -1.63876 0.70863 0.481043
L: 0.00229017 -0.0349659 0.554655
right
113
gcm: 0.563702 0.998541 -1.28077
H: -1.92193 0.258107 -0.753893
L: -0.0169019 -0.0393022 0.551893
right
114
gcm: 0.563393 0.997466 -1.27276
H: -2.21397 0.109425 -0.808735
L: -0.0219369 -0.0763822 0.568683
right
115
gcm: 0.563041 0.996167 -1.26474
H: -1.57896 0.16231 -0.386416
L: -0.0249772 -0.0922208 0.569077
right
116
gcm: 0.562475 0.995059 -1.25692
H: -1.5867 0.248253 -0.428265
L: -0.0401863 -0.0786215 0.554964
right
117
gcm: 0.562004 0.994303 -1.24881
H: -0.588602 0.0993261 -0.816548
L: -0.0334611 -0.0537221 0.576241
right
118
gcm: 0.561639 0.994022 -1.24065
H: -0.022616 -0.0141028 -0.493225
L: -0.0258988 -0.0199069 0.579489
right
119
gcm: 0.560841 0.993615 -1.23274
H: -0.515903 0.0054559 -0.0703844
L: -0.0566608 -0.0288903 0.561406
right
120
gcm: 0.559939 0.992789 -1.22456
H: -1.38338 0.151579 -0.0359393
L: -0.0640373 -0.0586719 0.580966
right
121
gcm: 0.559258 0.991421 -1.21624
H: 0.107725 -0.00229472 -0.506441
L: -0.048385 -0.0971276 0.590507
right
122
gcm: 0.558409 0.99018 -1.20795
H: 0.116507 0.199104 -0.139744
L: -0.0602949 -0.0881496 0.588794
right
123
gcm: 0.557316 0.989741 -1.19945
H: 0.662601 0.157184 0.623961
L: -0.0775503 -0.0311156 0.603106
right
124
gcm: 0.556279 0.989379 -1.19082
H: 1.6147 0.0638182 0.0239432
L: -0.0736844 -0.0257254 0.612718
right
125
gcm: 0.555617 0.988734 -1.18209
H: 1.08169 -0.177361 -0.750568
L: -0.0469562 -0.0458244 0.619843
right
126
gcm: 0.554807 0.987714 -1.17319
H: 1.21071 0.0753769 0.422845
L: -0.0575062 -0.0723752 0.631773
right
127
gcm: 0.553409 0.986748 -1.16397
H: 0.810969 0.297744 1.1321
L: -0.0992615 -0.0685842 0.654847
right
128
gcm: 0.551986 0.986328 -1.15474
H: 1.50123 0.170894 0.658912
L: -0.101047 -0.0298053 0.655473
right
129
gcm: 0.550892 0.985752 -1.14558
H: 3.53586 0.00606512 -0.0588004
L: -0.0777099 -0.0409414 0.649936
right
130
gcm: 0.549762 0.98447 -1.13636
H: 3.83754 -0.0940541 -0.161113
L: -0.0802149 -0.0910059 0.655253
right
131
gcm: 0.548215 0.983234 -1.12707
H: 2.26095 0.141103 0.742916
L: -0.109815 -0.0877515 0.65938
right
132
gcm: 0.546721 0.983101 -1.11745
H: 2.80553 -0.190152 0.581743
L: -0.106111 -0.00946656 0.682679
right
133
gcm: 0.545392 0.98376 -1.10732
H: 2.97166 -0.0290205 0.493857
L: -0.0943307 0.046797 0.719706
right
134
gcm: 0.543508 0.984385 -1.0973
H: 2.70038 0.236636 1.06537
L: -0.133787 0.0444034 0.71092
right
135
gcm: 0.541482 0.984607 -1.08751
H: 3.21941 0.125964 0.762705
L: -0.143816 0.0157434 0.695099
none 
136
gcm: 0.539769 0.984418 -1.07756
H: 1.45016 0.493207 0.922711
L: -0.121605 -0.013417 0.70668
none 
137
gcm: 0.538044 0.983917 -1.06766
H: -0.0983182 0.512223 1.91695
L: -0.122506 -0.0355618 0.702646
none 
138
gcm: 0.536594 0.98337 -1.05785
H: 1.08324 0.213219 1.23994
L: -0.102972 -0.0388513 0.696945
none 
139
gcm: 0.535176 0.983366 -1.04797
H: 1.02048 0.269095 0.148482
L: -0.10064 -0.000309452 0.70143
none 
140
gcm: 0.533338 0.983811 -1.03806
H: 3.14932 0.231054 1.2993
L: -0.130506 0.0316131 0.703843
none 
141
gcm: 0.531506 0.984414 -1.02821
H: 2.16057 0.133623 1.64459
L: -0.130088 0.0427961 0.698852
none 
142
gcm: 0.529794 0.985508 -1.01854
H: 1.2787 -0.0442505 1.13601
L: -0.121567 0.077709 0.686451
none 
143
gcm: 0.527694 0.986513 -1.00904
H: 1.23549 0.13093 1.35303
L: -0.149065 0.0713193 0.675007
none 
144
gcm: 0.525601 0.987159 -0.999398
H: 1.52693 0.225607 1.77807
L: -0.148594 0.045909 0.6844
none 
145
gcm: 0.52414 0.988556 -0.989921
H: 1.25623 -0.0468649 0.452725
L: -0.103712 0.0991791 0.672856
left
146
gcm: 0.522674 0.99055 -0.980809
H: 0.663057 -0.164962 0.454354
L: -0.104089 0.14155 0.646931
left
147
gcm: 0.520955 0.991991 -0.971079
H: 0.95869 0.0907269 0.474601
L: -0.122073 0.102345 0.690856
left
148
gcm: 0.519433 0.993361 -0.960822
H: 0.658308 -0.166103 1.67862
L: -0.108073 0.0972702 0.728206
left
149
gcm: 0.517977 0.995459 -0.951308
H: -0.727163 -0.155288 1.56111
L: -0.103346 0.148978 0.675528
left
150
gcm: 0.516547 0.997488 -0.941836
H: -0.798751 -0.0529491 1.20436
L: -0.101535 0.144024 0.672527
left
151
gcm: 0.515028 0.999107 -0.932604
H: 0.0940309 0.470528 0.789079
L: -0.107838 0.11492 0.655444
left
152
gcm: 0.51344 1.00088 -0.923748
H: -0.879163 0.311825 1.06691
L: -0.112813 0.125729 0.628747
left
153
gcm: 0.512198 1.00311 -0.914883
H: -0.0197955 0.107905 0.875638
L: -0.0881497 0.158628 0.629483
left
154
gcm: 0.51102 1.00542 -0.906198
H: -1.1553 -0.149705 0.879093
L: -0.0836169 0.164079 0.616606
left
155
gcm: 0.509602 1.00782 -0.897734
H: -0.951044 -0.0381208 0.881814
L: -0.100729 0.170307 0.600944
left
156
gcm: 0.508417 1.0103 -0.88891
H: -0.932059 -0.093576 0.182261
L: -0.0841342 0.176342 0.626496
left
157
gcm: 0.507493 1.01247 -0.880141
H: -2.03266 -0.489742 -0.365196
L: -0.0655772 0.15355 0.622598
left
158
gcm: 0.506694 1.0145 -0.871773
H: -1.44238 -0.306342 -1.21397
L: -0.0567351 0.144633 0.594132
left
159
gcm: 0.505808 1.01617 -0.863593
H: -0.697006 -0.238375 -0.198668
L: -0.0628991 0.118127 0.580776
left
160
gcm: 0.504691 1.01761 -0.855452
H: -0.952381 0.0181723 0.9667
L: -0.079277 0.102073 0.577985
left
161
gcm: 0.50359 1.01947 -0.847507
H: -2.53216 -0.0124936 0.674407
L: -0.0782184 0.132046 0.564097
left
162
gcm: 0.502577 1.02142 -0.839555
H: -1.94768 0.220899 0.0294281
L: -0.0718797 0.13904 0.564588
left
163
gcm: 0.501838 1.02318 -0.831181
H: -1.94294 0.157747 -0.785315
L: -0.0524999 0.124681 0.594558
left
164
gcm: 0.501209 1.02467 -0.822543
H: -2.03814 0.164526 -0.269536
L: -0.0446181 0.105994 0.613302
left
165
gcm: 0.500485 1.02596 -0.814336
H: -1.06526 -0.308968 -0.233699
L: -0.0514285 0.0915541 0.582708
left
166
gcm: 0.499726 1.02696 -0.806494
H: 1.13451 0.116244 -0.00817596
L: -0.0539033 0.0709743 0.556792
left
167
gcm: 0.498874 1.02783 -0.798619
H: 0.213881 0.0543447 0.963308
L: -0.0604523 0.0613143 0.559114
left
168
gcm: 0.498134 1.02841 -0.790713
H: 0.269787 -0.0127761 0.573446
L: -0.0525959 0.0414567 0.561317
left
169
gcm: 0.497479 1.02858 -0.781172
H: 2.96136 0.341059 -0.160921
L: -0.0465126 0.0121064 0.677405
left
170
gcm: 0.496558 1.02885 -0.77464
H: -1.3705 -0.107179 0.334386
L: -0.0653317 0.0190668 0.463785
left
171
gcm: 0.495865 1.02915 -0.767772
H: -1.46877 -0.271661 -0.439721
L: -0.0492515 0.0214549 0.487613
left
172
gcm: 0.495564 1.02908 -0.760287
H: -0.121225 -0.334442 -0.6118
L: -0.0213386 -0.0048675 0.531435
left
173
gcm: 0.495071 1.02848 -0.752356
H: 0.0417349 -0.363444 0.349346
L: -0.0349883 -0.0426312 0.563112
left
174
gcm: 0.494508 1.02826 -0.74421
H: -0.432054 -0.429896 -0.0528428
L: -0.0399789 -0.0157563 0.578378
left
175
gcm: 0.494295 1.02814 -0.736068
H: -0.221682 -0.424769 -1.08342
L: -0.0151258 -0.00866424 0.578085
left
176
gcm: 0.494398 1.02727 -0.727617
H: 0.772452 -0.4778 -0.686647
L: 0.00726603 -0.0619145 0.600059
left
177
gcm: 0.494472 1.0264 -0.717439
H: 1.12965 -0.0798877 -0.351404
L: 0.00525249 -0.0614798 0.722602
left
178
gcm: 0.494283 1.02595 -0.7096
H: -0.308515 -0.317164 0.592855
L: -0.013377 -0.0321023 0.556567
left
179
gcm: 0.494754 1.02519 -0.701836
H: -1.9195 -0.701259 -0.0731034
L: 0.0334476 -0.053661 0.551214
left
180
gcm: 0.493808 1.02473 -0.693334
H: -1.57106 -0.884376 0.540233
L: -0.0671741 -0.0329 0.603682
left
181
gcm: 0.493019 1.02462 -0.687936
H: -0.966448 -0.394664 0.835033
L: -0.0560449 -0.00758492 0.383276
left
182
gcm: 0.493087 1.02362 -0.680398
H: -2.58064 -0.452019 -0.232537
L: 0.00486722 -0.0714281 0.535176
left
183
gcm: 0.493678 1.02248 -0.671479
H: 0.0257639 -0.852102 -0.953566
L: 0.0419194 -0.0808325 0.633251
left
184
gcm: 0.493752 1.02197 -0.66283
H: 0.480812 -0.554221 -0.705628
L: 0.00523845 -0.0363025 0.614101
left
185
gcm: 0.494271 1.02202 -0.653356
H: 1.13031 -0.557109 -0.810356
L: 0.0368654 0.00417198 0.672621
left
186
gcm: 0.493583 1.02236 -0.647145
H: -1.03688 -0.380402 1.30592
L: -0.0488566 0.0239351 0.441016
left
187
gcm: 0.49433 1.02258 -0.637478
H: 2.06248 -0.375385 -1.40325
L: 0.0530387 0.0152375 0.686337
left
188
gcm: 0.494359 1.02282 -0.628321
H: 2.74077 -0.37728 -0.538159
L: 0.00206605 0.0170485 0.650134
left
189
gcm: 0.494553 1.02298 -0.620044
H: -0.677999 -0.551771 0.0355143
L: 0.0137864 0.0113489 0.587666
left
190
gcm: 0.49494 1.02233 -0.612764
H: -3.53603 -0.631637 0.724877
L: 0.0274895 -0.0456648 0.516919
left
191
gcm: 0.494942 1.02199 -0.606069
H: -4.46263 -0.595375 1.16885
L: 0.000159625 -0.0241455 0.475326
left
192
gcm: 0.494561 1.02229 -0.599185
H: -2.62725 -0.53952 0.618362
L: -0.0271117 0.0210279 0.488784
left
193
gcm: 0.494656 1.02181 -0.591498
H: -0.0983381 -0.523293 -0.23501
L: 0.00675602 -0.0343864 0.545711
left
194
gcm: 0.495671 1.02114 -0.582669
H: 2.53929 -0.47016 -0.729905
L: 0.0721091 -0.0473478 0.626896
left
195
gcm: 0.495691 1.02115 -0.574815
H: -1.36026 -0.395704 0.756465
L: 0.00140848 0.000680844 0.557639
left
196
gcm: 0.496138 1.0207 -0.565882
H: 2.60943 -0.161106 0.237351
L: 0.0316999 -0.0321588 0.634221
left
197
gcm: 0.496496 1.02049 -0.558826
H: -4.16548 0.181945 -0.175997
L: 0.0254468 -0.0142311 0.500997
left
198
gcm: 0.497494 1.02096 -0.550072
H: 0.737817 -0.0139402 -0.802578
L: 0.0708376 0.0333333 0.621546
left
199
gcm: 0.497318 1.02137 -0.542771
H: -0.823328 -0.426022 0.923459
L: -0.0124818 0.0285318 0.518363
left
200
gcm: 0.49779 1.02112 -0.53502
H: -0.409511 -0.0983494 0.167415
L: 0.0335172 -0.0171888 0.550275
left
201
gcm: 0.498551 1.02072 -0.527137
H: -0.525718 -0.279302 0.412627
L: 0.0540425 -0.0289164 0.55974
left
202
gcm: 0.499185 1.01999 -0.519304
H: -0.227917 -0.167278 1.28634
L: 0.0449784 -0.0517959 0.556129
left
203
gcm: 0.49949 1.01928 -0.511329
H: 0.441222 -0.00775019 1.10205
L: 0.0216978 -0.0503598 0.566237
left
204
gcm: 0.499876 1.019 -0.503417
H: 1.2054 -0.0472307 0.263453
L: 0.027404 -0.0194737 0.56177
left
205
gcm: 0.500442 1.01944 -0.49566
H: 0.581602 0.0757417 0.804746
L: 0.0401393 0.0310297 0.550697
left
206
gcm: 0.50098 1.01927 -0.487706
H: 0.171024 -0.0526321 1.00991
L: 0.0382198 -0.0117532 0.564788
left
207
gcm: 0.501529 1.01906 -0.479803
H: -1.55686 -0.387161 1.81702
L: 0.0389811 -0.0155899 0.561094
left
208
gcm: 0.502079 1.01881 -0.472196
H: -2.39646 -0.495763 0.621949
L: 0.0390499 -0.0177478 0.540063
left
209
gcm: 0.502457 1.01845 -0.465336
H: -2.39422 -0.397555 0.0673802
L: 0.0268691 -0.0248804 0.487087
left
210
gcm: 0.503181 1.01767 -0.456968
H: -1.707 -0.553057 -0.00645082
L: 0.0513918 -0.0557979 0.594109
left
211
gcm: 0.504097 1.0168 -0.448522
H: -1.83656 -0.290383 1.04963
L: 0.0650326 -0.0614629 0.599693
left
212
gcm: 0.505155 1.01601 -0.439884
H: -0.478575 -0.554137 0.33046
L: 0.0751161 -0.0566111 0.613272
left
213
gcm: 0.506226 1.01532 -0.431501
H: 0.332061 -0.253314 0.212453
L: 0.0760339 -0.0490091 0.595227
left
214
gcm: 0.507034 1.01466 -0.423554
H: 0.215596 -0.0292894 0.304922
L: 0.0573364 -0.0467038 0.564248
left
215
gcm: 0.508218 1.01421 -0.414374
H: 0.819705 0.0425736 -0.0779879
L: 0.0840648 -0.0319027 0.651773
left
216
gcm: 0.509441 1.01316 -0.405577
H: 1.38791 -0.293916 -0.0311473
L: 0.0868745 -0.0742222 0.624565
left
217
gcm: 0.510725 1.01181 -0.396894
H: 1.80877 -0.443344 -0.365368
L: 0.0911413 -0.0960387 0.616483
left
218
gcm: 0.512201 1.01023 -0.387782
H: 2.01846 -0.395942 -0.80915
L: 0.104831 -0.112028 0.646961
left
219
gcm: 0.513612 1.00872 -0.378588
H: 2.37268 -0.223105 -0.853274
L: 0.100148 -0.107295 0.652737
left
220
gcm: 0.514779 1.00661 -0.369844
H: 1.16433 0.0710223 0.283576
L: 0.0828913 -0.149962 0.620822
left
221
gcm: 0.516076 1.00545 -0.361093
H: 2.04059 0.0619091 0.466696
L: 0.0920779 -0.0823712 0.621387
left
222
gcm: 0.517673 1.00402 -0.351433
H: 4.03759 0.141126 -0.264944
L: 0.113407 -0.10121 0.685862
left
223
gcm: 0.519187 1.00233 -0.341673
H: 1.49699 -0.34361 -0.215735
L: 0.10749 -0.120363 0.692954
left
224
gcm: 0.520571 1.00165 -0.332286
H: 0.729334 -0.380643 -0.193414
L: 0.0982019 -0.0479821 0.66643
left
225
gcm: 0.52191 1.00267 -0.323024
H: -0.0590258 -0.123511 0.125295
L: 0.0951104 0.0720168 0.657652
left
226
gcm: 0.523506 1.00262 -0.313327
H: -0.261715 -0.351212 -0.502673
L: 0.113332 -0.00365045 0.688444
left
227
gcm: 0.525405 1.00175 -0.30327
H: 0.34751 -1.00009 -1.4066
L: 0.134785 -0.0616431 0.71405
left
228
gcm: 0.527505 0.99953 -0.293804
H: 0.0299436 -0.866751 -0.438852
L: 0.149105 -0.157436 0.672069
left
229
gcm: 0.529463 0.998995 -0.284294
H: 0.95201 -0.514342 -0.629844
L: 0.139012 -0.0380066 0.675214
none 
230
gcm: 0.531297 0.998754 -0.274033
H: 2.88677 -0.620929 -1.10064
L: 0.130206 -0.0170768 0.728572
none 
231
gcm: 0.533453 0.998217 -0.263889
H: 2.6422 -0.679774 -0.894798
L: 0.153072 -0.0381514 0.720174
none 
232
gcm: 0.535427 0.99776 -0.254431
H: 0.0369684 -0.560853 -1.5354
L: 0.140192 -0.0324226 0.671522
none 
233
gcm: 0.537898 0.997799 -0.24248
H: 1.82312 -0.505206 -1.37008
L: 0.175405 0.00276873 0.848579
right
234
gcm: 0.53938 0.99827 -0.233345
H: -0.730315 -0.335534 0.822259
L: 0.105266 0.0334596 0.648557
none 
235
gcm: 0.541334 0.998833 -0.223337
H: 0.156663 -0.338656 -0.378747
L: 0.138744 0.0399433 0.710572
none 
236
gcm: 0.543549 0.999735 -0.212899
H: 3.34912 0.127904 -1.43536
L: 0.157261 0.0640054 0.741067
none 
237
gcm: 0.545507 1.00086 -0.203529
H: 2.07885 0.260432 -0.579909
L: 0.138986 0.0795934 0.665266
none 
238
gcm: 0.547162 1.00183 -0.19523
H: 0.727821 0.0102388 0.142711
L: 0.117514 0.0690202 0.589263
none 
239
gcm: 0.549539 1.00271 -0.185583
H: 1.74586 -0.174529 -0.821877
L: 0.168743 0.0627977 0.684945
none 
240
gcm: 0.551787 1.00299 -0.175412
H: -1.08344 0.761474 -0.38398
L: 0.159638 0.0196179 0.722097
right
241
gcm: 0.553792 1.00329 -0.165234
H: -1.06696 0.464838 -0.453428
L: 0.142339 0.0213008 0.72266
right
242
gcm: 0.555695 1.00422 -0.155294
H: 0.802988 0.319446 -1.36302
L: 0.135148 0.0660364 0.705755
right
243
gcm: 0.557667 1.0058 -0.14556
H: 1.4461 0.147883 -0.71878
L: 0.139987 0.112614 0.691098
right
244
gcm: 0.559677 1.00758 -0.136038
H: 0.44602 -0.0345589 -0.407615
L: 0.142702 0.125994 0.676061
right
245
gcm: 0.561723 1.00909 -0.126677
H: 0.66649 -0.119881 -0.264857
L: 0.145285 0.106921 0.664648
right
246
gcm: 0.563723 1.01041 -0.117003
H: -1.36102 0.101631 -1.15563
L: 0.141989 0.0938887 0.686856
right
247
gcm: 0.565906 1.01217 -0.107366
H: -0.417208 0.0397185 0.202028
L: 0.155014 0.125052 0.684223
right
248
gcm: 0.567306 1.01365 -0.0985829
H: 1.87602 -0.257977 0.41509
L: 0.0993719 0.105296 0.623598
right
249
gcm: 0.568884 1.01522 -0.0896432
H: -0.942112 -0.262443 -0.203862
L: 0.112054 0.111281 0.634717
right
250
gcm: 0.570675 1.0171 -0.0802337
H: -0.796004 -0.413872 -0.251633
L: 0.127169 0.133246 0.668078
right
251
gcm: 0.572405 1.01848 -0.0714127
H: -0.756382 -0.341968 -1.50819
L: 0.122848 0.0981914 0.626287
right
252
gcm: 0.573919 1.02002 -0.0630234
H: -1.2065 0.341205 -0.469637
L: 0.107464 0.10923 0.595644
right
253
gcm: 0.575165 1.0221 -0.0545116
H: -1.77844 0.336927 -0.346744
L: 0.0884808 0.147695 0.604335
right
254
gcm: 0.576292 1.02402 -0.0457109
H: -1.37488 -0.0777797 -0.380724
L: 0.0799939 0.136755 0.624846
right
255
gcm: 0.57753 1.02532 -0.0367445
H: -1.03563 -0.103183 -0.162632
L: 0.087936 0.0921258 0.636617
right
256
gcm: 0.578692 1.02644 -0.0284581
H: -1.10606 0.641586 -0.435881
L: 0.0824808 0.0793813 0.588332
right
257
gcm: 0.579714 1.02768 -0.0205991
H: -0.674195 0.189018 0.0856189
L: 0.0725285 0.0883994 0.557991
right
258
gcm: 0.580923 1.02904 -0.0122005
H: -0.374654 0.250332 0.0462214
L: 0.0858415 0.0960685 0.596298
right
259
gcm: 0.582116 1.03045 -0.00373034
H: 0.0219825 0.30317 -0.347399
L: 0.0847223 0.100057 0.601384
right
260
gcm: 0.583102 1.03199 0.00475332
H: -1.39551 -0.030061 -0.0198384
L: 0.0699831 0.109414 0.602339
right
261
gcm: 0.583806 1.03421 0.0133192
H: 1.24488 0.24857 1.11653
L: 0.0500294 0.157999 0.608181
right
262
gcm: 0.584392 1.03511 0.0215516
H: 1.13832 0.366977 1.85223
L: 0.0416051 0.0634748 0.584497
right
263
gcm: 0.585471 1.03591 0.0298569
H: 1.17256 0.187282 -0.0268567
L: 0.0766056 0.057085 0.589678
right
264
gcm: 0.586855 1.03671 0.038001
H: 0.387618 -0.0549055 -1.4972
L: 0.0982717 0.0569348 0.578228
right
265
gcm: 0.587954 1.03705 0.0461002
H: -0.468197 -0.394171 -0.00456257
L: 0.078036 0.023674 0.575041
right
266
gcm: 0.588693 1.03642 0.0543599
H: -0.668409 -0.0604208 1.17836
L: 0.0524349 -0.0442913 0.586442
right
267
gcm: 0.5898 1.03719 0.0626592
H: -1.26323 -0.0858662 -0.621891
L: 0.0785704 0.0543551 0.589253
right
268
gcm: 0.591007 1.03875 0.0710123
H: -3.28956 0.506943 -0.135949
L: 0.0857091 0.110725 0.593069
right
269
gcm: 0.592081 1.03913 0.0792041
H: -2.56458 0.341976 -0.651786
L: 0.0762851 0.0269128 0.581617
right
270
gcm: 0.592438 1.03922 0.0874935
H: -0.0106012 0.343582 1.53465
L: 0.0253215 0.006938 0.588545
right
271
gcm: 0.592835 1.0383 0.0955641
H: -0.75536 0.320662 0.68636
L: 0.0282003 -0.06576 0.573012
right
272
gcm: 0.593495 1.03757 0.103541
H: -0.809388 0.626995 1.20422
L: 0.0468482 -0.0514304 0.566348
right
273
gcm: 0.594077 1.03721 0.111467
H: 0.267549 0.344446 0.117708
L: 0.04134 -0.0261582 0.562775
right
274
gcm: 0.594849 1.03693 0.119753
H: -2.58035 0.637133 -0.465098
L: 0.0547877 -0.0192089 0.588317
right
275
gcm: 0.595789 1.03633 0.128223
H: -2.36604 0.953286 -0.38148
L: 0.0667478 -0.0431282 0.601359
right
276
gcm: 0.596581 1.03567 0.136819
H: -2.24499 0.783019 -0.254722
L: 0.056272 -0.0470147 0.610328
right
277
gcm: 0.596957 1.03493 0.144803
H: -0.135597 0.35631 0.777295
L: 0.0266968 -0.0522896 0.566827
right
278
gcm: 0.597503 1.03465 0.152836
H: -1.69911 0.854488 0.150886
L: 0.0387251 -0.0200289 0.570364
right
279
gcm: 0.598337 1.03494 0.161327
H: -0.07745 0.714812 -0.199378
L: 0.0592495 0.0204958 0.602857
right
280
gcm: 0.599054 1.03521 0.169534
H: -1.57086 0.456245 -0.221862
L: 0.0509047 0.0196615 0.582699
right
281
gcm: 0.599622 1.03543 0.17713
H: -0.822757 -0.00218981 -0.111995
L: 0.040323 0.0154097 0.539337
right
282
gcm: 0.600058 1.03583 0.184967
H: -3.25198 0.663523 0.180629
L: 0.0309159 0.0286384 0.556422
right
283
gcm: 0.600474 1.03645 0.193542
H: -2.51405 0.161202 0.300652
L: 0.0295782 0.0436084 0.608788
right
284
gcm: 0.60108 1.03691 0.202225
H: -0.598688 -0.190437 -0.255834
L: 0.0429697 0.0329358 0.616512
right
285
gcm: 0.601574 1.03679 0.210631
H: -1.63411 0.566608 0.017523
L: 0.0350943 -0.00832629 0.596804
right
286
gcm: 0.601498 1.03613 0.218283
H: -0.313981 1.1023 1.16741
L: -0.00536336 -0.0473578 0.543295
right
287
gcm: 0.602588 1.03641 0.227323
H: 0.397447 -0.130777 -1.84719
L: 0.0773757 0.0198588 0.641853
right
288
gcm: 0.603105 1.03703 0.235494
H: -2.46568 0.0545005 0.0113232
L: 0.0366949 0.0444183 0.58013
right
289
gcm: 0.60349 1.03649 0.243259
H: 0.427978 0.762918 -0.0254113
L: 0.0273378 -0.0386284 0.551295
right
290
gcm: 0.603903 1.03617 0.250718
H: 0.189592 0.577206 -0.983672
L: 0.0293068 -0.0225384 0.529602
right
291
gcm: 0.604157 1.03671 0.259164
H: -1.59552 0.055758 -0.119635
L: 0.0180704 0.0382422 0.599712
right
292
gcm: 0.604481 1.03757 0.267303
H: -0.473125 0.206499 0.755751
L: 0.0229733 0.061431 0.577835
right
293
gcm: 0.604348 1.03817 0.274813
H: 0.602001 0.745287 0.00118574
L: -0.00945635 0.0421764 0.5332
right
294
gcm: 0.604524 1.03809 0.282474
H: 0.578506 0.315877 -1.48391
L: 0.0125046 -0.00580951 0.543937
right
295
gcm: 0.605155 1.03776 0.290857
H: -0.30489 0.670921 0.131232
L: 0.0448235 -0.0228514 0.595199
right
296
gcm: 0.605625 1.03747 0.298747
H: 0.157317 0.65827 -0.569846
L: 0.0333976 -0.0207894 0.560169
right
297
gcm: 0.605878 1.0374 0.306296
H: -0.59786 0.345383 -0.596212
L: 0.0179677 -0.00526716 0.536015
right
298
gcm: 0.605687 1.03804 0.31404
H: -1.35163 -0.168166 -0.959928
L: -0.0135937 0.0452914 0.549847
right
299
gcm: 0.60557 1.03884 0.322234
H: -1.84333 -0.120466 -0.668509
L: -0.00832197 0.0573013 0.581765
right
300
gcm: 0.605705 1.03912 0.3306
H: -2.33946 0.878605 0.159058
L: 0.00959204 0.0199508 0.593943
right
301
gcm: 0.606028 1.03861 0.339383
H: -1.96337 0.758838 -0.0480073
L: 0.0229464 -0.0362043 0.623584
right
302
gcm: 0.606404 1.03782 0.348339
H: -2.05412 0.788485 0.658571
L: 0.0266927 -0.0564398 0.63591
right
303
gcm: 0.606526 1.03721 0.356909
H: -0.596601 0.740798 0.686406
L: 0.00868393 -0.0428772 0.608498
right
304
gcm: 0.60673 1.03636 0.365521
H: -1.79645 0.679715 0.0704205
L: 0.0144792 -0.0605899 0.611388
right
305
gcm: 0.606819 1.0351 0.374312
H: -2.01241 0.360962 -0.526951
L: 0.00633133 -0.0898985 0.624189
right
306
gcm: 0.606424 1.03376 0.382963
H: -2.0593 0.498139 -0.119543
L: -0.0280714 -0.0950935 0.614221
right
307
gcm: 0.605808 1.03263 0.39136
H: -0.745759 0.363401 0.387431
L: -0.0437542 -0.0797132 0.596187
right
308
gcm: 0.605511 1.03161 0.400249
H: 0.00693768 0.542875 1.43722
L: -0.0210405 -0.0727895 0.63109
right
309
gcm: 0.605223 1.03032 0.40952
H: 1.66925 0.892677 0.958903
L: -0.0204746 -0.0912271 0.658263
right
310
gcm: 0.604205 1.0293 0.418679
H: 0.866134 0.277743 0.665645
L: -0.072257 -0.0726324 0.650271
right
311
gcm: 0.603275 1.02801 0.42807
H: 0.892416 0.273896 0.888998
L: -0.0660513 -0.0913398 0.666777
right
312
gcm: 0.602931 1.02609 0.437799
H: 2.6319 0.504555 1.4757
L: -0.024443 -0.136531 0.690735
right
313
gcm: 0.602604 1.02421 0.44758
H: 3.39402 0.545461 1.36802
L: -0.0232242 -0.133704 0.694459
right
314
gcm: 0.602001 1.02238 0.457313
H: 2.91223 0.271904 0.422217
L: -0.0427684 -0.129548 0.691071
right
315
gcm: 0.601121 1.02106 0.466687
H: 2.38943 0.184612 1.76737
L: -0.0625204 -0.0938379 0.665576
right
316
gcm: 0.600207 1.01997 0.476149
H: 2.49397 0.0326045 1.95687
L: -0.0649025 -0.0777101 0.671763
right
317
gcm: 0.599368 1.01826 0.486
H: 2.83797 0.201992 -0.167849
L: -0.0595784 -0.121448 0.699461
right
318
gcm: 0.599002 1.01697 0.496411
H: 1.94656 0.38487 -1.09339
L: -0.0259481 -0.0913491 0.739137
right
319
gcm: 0.598726 1.01633 0.507309
H: 4.12099 0.195021 -0.198299
L: -0.0195966 -0.045327 0.7738
right
320
gcm: 0.597051 1.01552 0.518231
H: 2.84776 0.446967 2.49418
L: -0.11896 -0.0574462 0.77547
right
321
gcm: 0.595911 1.01521 0.528829
H: 2.95444 0.0205207 0.928511
L: -0.0808813 -0.0219522 0.752423
right
322
gcm: 0.594985 1.0149 0.539449
H: 2.50902 0.269344 0.173578
L: -0.0657885 -0.0223824 0.754049
right
323
gcm: 0.593472 1.01408 0.54988
H: 1.34834 0.341703 2.06613
L: -0.107429 -0.0579217 0.74056
none 
324
gcm: 0.591949 1.01361 0.560426
H: 1.07805 0.505789 2.50227
L: -0.108092 -0.0335473 0.748785
none 
325
gcm: 0.590783 1.01355 0.571134
H: 0.573528 0.384216 1.23845
L: -0.0828245 -0.00389591 0.760289
none 
326
gcm: 0.589604 1.01336 0.581397
H: 0.307366 0.359763 1.24975
L: -0.0836753 -0.013897 0.728643
none 
327
gcm: 0.588435 1.01317 0.5914
H: 2.58972 -0.0871765 1.52398
L: -0.0830038 -0.0137122 0.710211
none 
328
gcm: 0.587179 1.01317 0.60165
H: 2.90672 -0.139308 1.3484
L: -0.0892073 0.00034527 0.727764
none 
329
gcm: 0.585235 1.0135 0.61211
H: 2.48961 -0.191 -0.783406
L: -0.137984 0.0233939 0.742632
left
330
gcm: 0.583415 1.01441 0.622446
H: 2.79818 -0.179083 -0.663984
L: -0.129261 0.0645292 0.733902
left
331
gcm: 0.583323 1.01476 0.633948
H: 0.568408 -0.505201 1.09489
L: -0.00653307 0.0247033 0.816584
left
332
gcm: 0.583229 1.01555 0.64458
H: 1.9328 -0.316071 -0.715342
L: -0.00663964 0.0564505 0.754936
left
333
gcm: 0.582325 1.01658 0.654837
H: 1.65845 -0.028593 0.161335
L: -0.0642274 0.0733612 0.728189
left
334
gcm: 0.581159 1.01789 0.665131
H: 0.533209 0.074287 1.70305
L: -0.0827739 0.0925199 0.730898
left
335
gcm: 0.580384 1.01963 0.675308
H: -0.156242 -0.278854 1.602
L: -0.0550049 0.123848 0.722563
left
336
gcm: 0.579794 1.02142 0.685177
H: -0.217589 -0.235132 0.493437
L: -0.0419006 0.126748 0.700721
left
337
gcm: 0.578887 1.02308 0.694925
H: 0.582256 0.1265 1.04726
L: -0.0644089 0.118373 0.692086
left
338
gcm: 0.578171 1.0246 0.70468
H: -0.0462146 0.373383 0.867656
L: -0.0508387 0.10742 0.69264
left
339
gcm: 0.57785 1.02593 0.713859
H: 0.598994 -0.413901 -0.563858
L: -0.022737 0.0945349 0.651684
left
340
gcm: 0.576582 1.02736 0.723242
H: -0.514288 0.187516 1.26135
L: -0.0900691 0.101725 0.666193
left
341
gcm: 0.576104 1.02938 0.732562
H: -0.364274 -0.220463 0.3516
L: -0.0338984 0.14342 0.661735
left
342
gcm: 0.576 1.0316 0.741713
H: -0.248201 -0.495562 -0.970311
L: -0.00743912 0.157576 0.649684
left
343
gcm: 0.575952 1.03376 0.750753
H: -0.394447 -0.578856 -1.52656
L: -0.00338479 0.153125 0.641888
left
344
gcm: 0.575151 1.03548 0.758506
H: -1.90497 -0.0173117 1.20864
L: -0.0568358 0.121956 0.550465
left
345
gcm: 0.5743 1.03664 0.766522
H: -1.01943 0.0663363 2.73099
L: -0.0604787 0.08257 0.569116
left
346
gcm: 0.575187 1.03874 0.777137
H: -1.13997 -0.698879 -0.800545
L: 0.0629784 0.148892 0.75366
left
347
gcm: 0.574476 1.04011 0.785738
H: -1.37586 -0.184193 0.615874
L: -0.0504452 0.0976011 0.610685
left
348
gcm: 0.573771 1.04137 0.794454
H: -0.477855 -0.21763 0.648288
L: -0.050077 0.0897762 0.618803
left
349
gcm: 0.573018 1.04257 0.803093
H: -0.794395 -0.0597942 0.920704
L: -0.0534878 0.0846189 0.613373
left
350
gcm: 0.572589 1.04357 0.811733
H: -1.19297 -0.494723 -0.0466129
L: -0.0304471 0.071315 0.613424
left
351
gcm: 0.572624 1.04445 0.820509
H: 1.63814 -0.0851502 -0.988749
L: 0.00251858 0.0627243 0.623151
left
352
gcm: 0.572923 1.04606 0.828917
H: 0.903129 -0.350858 -1.58386
L: 0.0212435 0.113637 0.596907
left
353
gcm: 0.572884 1.04754 0.837252
H: 0.275965 -0.31473 -1.0857
L: -0.00282194 0.105072 0.591807
left
354
gcm: 0.572481 1.04856 0.845581
H: 0.529515 -0.23091 0.0679082
L: -0.0285786 0.0727549 0.591398
left
355
gcm: 0.572151 1.04888 0.853602
H: 0.398697 -0.198721 0.304029
L: -0.0234442 0.0230552 0.56943
left
356
gcm: 0.571978 1.04928 0.861965
H: 0.699044 -0.287765 -0.430336
L: -0.0122696 0.027916 0.593834
left
357
gcm: 0.571794 1.04954 0.870456
H: -0.588343 -0.652999 -0.498684
L: -0.0130569 0.0188441 0.602836
left
358
gcm: 0.5715 1.04929 0.878425
H: -1.083 -0.504664 0.431179
L: -0.0208557 -0.0181128 0.565796
left
359
gcm: 0.571508 1.04939 0.886362
H: -0.465859 -0.54004 -0.154559
L: 0.000508901 0.00752879 0.563535
left
360
gcm: 0.571826 1.04975 0.895016
H: 0.105508 -0.617335 -1.73634
L: 0.0226079 0.0253675 0.614447
left
361
gcm: 0.572057 1.0493 0.90276
H: -2.29923 -0.682547 -1.11918
L: 0.0164291 -0.0323595 0.549803
left
362
gcm: 0.571995 1.04873 0.91046
H: -1.66837 -0.661025 0.0471585
L: -0.00439733 -0.0402868 0.546732
left
363
gcm: 0.571928 1.04859 0.918651
H: -0.646966 -0.793841 -0.397575
L: -0.00475858 -0.0095131 0.581547
left
364
gcm: 0.57191 1.04827 0.927233
H: 1.41356 -0.443844 -0.660334
L: -0.00131266 -0.02325 0.609279
left
365
gcm: 0.572129 1.04794 0.935478
H: -0.918291 -0.681062 0.211553
L: 0.0155491 -0.0230496 0.585429
left
366
gcm: 0.572051 1.04753 0.943152
H: -3.11067 -0.200292 1.33229
L: -0.00554806 -0.0290306 0.544857
left
367
gcm: 0.571905 1.04742 0.950997
H: -2.11144 -0.501335 -0.270186
L: -0.0103458 -0.00805136 0.557002
left
368
gcm: 0.572299 1.0477 0.959003
H: -0.780548 -1.02094 -1.78134
L: 0.0279411 0.0200958 0.568395
left
369
gcm: 0.572572 1.04781 0.967016
H: -0.96899 -0.929 -0.539426
L: 0.0193991 0.00795914 0.568961
left
370
gcm: 0.572599 1.04788 0.974963
H: -0.972207 -0.766241 -0.199696
L: 0.0019368 0.0042743 0.564225
left
371
gcm: 0.572684 1.04797 0.982697
H: -1.03398 -0.789967 0.0414501
L: 0.00605662 0.00702086 0.549119
left
372
gcm: 0.572697 1.04818 0.99071
H: -1.11609 -0.591574 0.442859
L: 0.000924959 0.0144793 0.56892
left
373
gcm: 0.572662 1.04865 0.998752
H: -1.17202 -0.545943 -0.144
L: -0.00255315 0.0332295 0.570979
left
374
gcm: 0.57293 1.04956 1.0065
H: -2.36513 -0.387936 -0.167118
L: 0.0190477 0.064583 0.550014
left
375
gcm: 0.573199 1.05024 1.0142
H: -1.31922 -0.612099 0.830336
L: 0.0191085 0.0484675 0.546877
left
376
gcm: 0.573337 1.0508 1.02186
H: -1.37036 -0.59958 0.483731
L: 0.00977413 0.0399612 0.544092
left
377
gcm: 0.573592 1.05144 1.02988
H: -1.46403 -0.241369 -0.380524
L: 0.0181373 0.0456535 0.568961
left
378
gcm: 0.573101 1.05075 1.03807
H: -2.08176 0.189198 0.958381
L: -0.0348774 -0.0492466 0.581666
left
379
gcm: 0.573716 1.04991 1.04493
H: -1.78852 -0.559968 -0.834202
L: 0.0436572 -0.0593332 0.486969
left
380
gcm: 0.573875 1.04942 1.05246
H: -1.38513 -0.316596 0.0970218
L: 0.0113316 -0.0352348 0.534636
left
381
gcm: 0.57403 1.04979 1.06059
H: -0.874832 -0.318634 0.396859
L: 0.0109763 0.0263226 0.577002
left
382
gcm: 0.574285 1.04971 1.06823
H: -1.03846 -0.490731 0.159405
L: 0.0181301 -0.00590627 0.542614
left
383
gcm: 0.574664 1.04952 1.07519
H: -0.61593 -0.476756 0.0445707
L: 0.0269216 -0.013067 0.494554
left
384
gcm: 0.575183 1.04991 1.08283
H: 1.2735 -0.143317 0.205858
L: 0.0368073 0.0275296 0.542058
left
385
gcm: 0.575542 1.05053 1.09106
H: 1.11048 0.0872225 0.516603
L: 0.0254755 0.0441511 0.584116
left
386
gcm: 0.575616 1.05053 1.0988
H: 0.489912 0.0152194 1.3848
L: 0.00528064 -0.000452008 0.549591
left
387
gcm: 0.575973 1.05046 1.10666
H: 0.602326 -0.0605138 0.689158
L: 0.0253531 -0.00452818 0.558609
left
388
gcm: 0.576528 1.05062 1.11477
H: 0.512668 -0.0344298 -0.254221
L: 0.0394218 0.0115452 0.57553
left
389
gcm: 0.576685 1.05033 1.12214
H: 0.229443 -0.0997705 1.35493
L: 0.011109 -0.0209839 0.523446
left
390
gcm: 0.576807 1.04938 1.12946
H: 0.172477 -0.284782 0.963515
L: 0.00865896 -0.0675702 0.519575
left
391
gcm: 0.577171 1.0489 1.13724
H: -0.097367 0.090549 1.24584
L: 0.0258816 -0.0340977 0.552644
left
392
gcm: 0.577736 1.04926 1.14476
H: -0.759796 0.0868126 0.757074
L: 0.0400974 0.0260098 0.533659
left
393
gcm: 0.578778 1.04974 1.1516
H: -2.90166 -0.524681 -0.489085
L: 0.0739875 0.0338008 0.485347
left
394
gcm: 0.578392 1.04939 1.15888
H: -1.40525 -0.509122 0.690779
L: -0.0274153 -0.0244935 0.517374
left
395
gcm: 0.578778 1.04855 1.16718
H: 0.0585251 -0.63481 -0.295182
L: 0.0273721 -0.0602477 0.588927
left
396
gcm: 0.579749 1.04743 1.17572
H: 0.127524 -0.181963 0.240825
L: 0.0689925 -0.0789013 0.606501
left
397
gcm: 0.580855 1.04758 1.18382
H: -1.3043 -0.261529 0.111258
L: 0.0785268 0.010479 0.575296
left
398
gcm: 0.581419 1.04709 1.19176
H: -0.774835 -0.217396 1.18318
L: 0.040012 -0.0351865 0.563789
left
399
gcm: 0.581701 1.04638 1.20013
H: 1.13798 -0.125204 0.988357
L: 0.020056 -0.0501149 0.594073
left
400
gcm: 0.582876 1.04553 1.20861
H: 1.58194 -0.420161 -0.993716
L: 0.0833838 -0.0601963 0.60194
left
401
gcm: 0.584354 1.04469 1.21707
H: 1.12763 -0.328796 -0.867637
L: 0.104941 -0.0594887 0.600948
left
402
gcm: 0.584999 1.04364 1.22575
H: 1.13857 -0.0640253 0.766348
L: 0.0458045 -0.0747156 0.616136
left
403
gcm: 0.585612 1.04243 1.23463
H: 2.78953 -0.173425 0.0941096
L: 0.0435348 -0.086147 0.630216
left
404
gcm: 0.586831 1.04129 1.24355
H: 3.22074 -0.275486 -1.08776
L: 0.0865346 -0.0811676 0.633694
left
405
gcm: 0.588019 1.03917 1.25243
H: 3.12345 -0.127353 -0.211122
L: 0.0843319 -0.150365 0.630219
left
406
gcm: 0.589244 1.03763 1.2615
H: 3.50206 0.0378412 -0.137733
L: 0.0869951 -0.109104 0.643973
left
407
gcm: 0.591245 1.03638 1.27054
H: 3.31835 -0.298446 -2.0633
L: 0.142046 -0.0889019 0.641997
left
408
gcm: 0.591238 1.03471 1.28009
H: 2.97131 -0.0320955 0.590765
L: -0.000443164 -0.118414 0.677821
left
409
gcm: 0.593158 1.03399 1.28847
H: 0.633352 -0.153697 -0.734864
L: 0.136267 -0.0511925 0.595323
left
410
gcm: 0.594603 1.0343 1.29758
H: 1.11264 -0.206758 -0.0159893
L: 0.10265 0.0218997 0.646822
left
411
gcm: 0.595827 1.03551 1.30628
H: 0.993216 -0.0396937 0.407716
L: 0.0869092 0.085651 0.617685
left
412
gcm: 0.597537 1.03578 1.31572
H: 2.83906 0.0161761 -0.47833
L: 0.121365 0.0192461 0.670251
left
413
gcm: 0.599407 1.03614 1.32551
H: 2.72577 0.102398 -0.468263
L: 0.132796 0.0257458 0.694575
left
414
gcm: 0.601328 1.03613 1.33595
H: 1.48831 -0.214996 -1.28635
L: 0.136393 -0.000768828 0.741361
left
415
gcm: 0.603266 1.03606 1.34638
H: 2.10965 0.0403453 -0.759002
L: 0.137594 -0.00461968 0.740417
none 
416
gcm: 0.605079 1.03536 1.35601
H: 0.558959 -0.561235 -1.73759
L: 0.128709 -0.0502158 0.683901
none 
417
gcm: 0.606417 1.03573 1.36519
H: -0.393059 -0.388715 -0.557193
L: 0.0950263 0.0262994 0.652176
none 
418
gcm: 0.607486 1.03587 1.37412
H: -1.78962 -0.59063 0.428424
L: 0.075904 0.0104912 0.633897
none 
419
gcm: 0.608982 1.036 1.3842
H: 1.28814 -0.284054 -0.576526
L: 0.1062 0.00912273 0.715659
none 
420
gcm: 0.610781 1.03637 1.39376
H: 2.3607 0.306785 -0.643612
L: 0.127702 0.0263195 0.678836
none 
421
gcm: 0.612284 1.03689 1.40374
H: 1.44618 0.337868 -0.207776
L: 0.106725 0.0365131 0.708102
right
422
gcm: 0.614041 1.03865 1.41438
H: 0.698377 0.00508106 0.589742
L: 0.124754 0.124875 0.755656
right
423
gcm: 0.616244 1.03982 1.42479
H: 1.11041 0.114905 0.70677
L: 0.156411 0.0834845 0.738896
right
424
gcm: 0.617885 1.04097 1.43424
H: 0.672156 0.236517 -0.320745
L: 0.116482 0.0811913 0.671561
right
425
gcm: 0.619687 1.04208 1.44454
H: 3.13496 -0.357682 -0.421488
L: 0.127973 0.0791999 0.730797
right
426
gcm: 0.621326 1.04355 1.45386
H: 0.611283 0.0898868 -0.996033
L: 0.116353 0.104018 0.661917
right
427
gcm: 0.622516 1.04502 1.4626
H: -1.14922 0.207627 -0.945575
L: 0.0844999 0.104428 0.620541
right
428
gcm: 0.623666 1.04631 1.47112
H: -0.196264 -0.106985 -1.01176
L: 0.0816324 0.0917287 0.60462
right
429
gcm: 0.624903 1.04792 1.47953
H: -1.88779 0.12154 -0.786996
L: 0.0878355 0.114592 0.597495
right
430
gcm: 0.6264 1.04966 1.48848
H: -2.5271 0.0633998 -1.28956
L: 0.10628 0.123119 0.635282
right
431
gcm: 0.627822 1.05124 1.49777
H: 0.488727 0.0125929 -0.819927
L: 0.100957 0.112461 0.659729
right
432
gcm: 0.628658 1.05274 1.50526
H: -2.18921 -0.106232 1.24735
L: 0.0593691 0.106775 0.531732
right
433
gcm: 0.629546 1.05396 1.51434
H: 3.07705 -0.0292436 -0.478452
L: 0.0630439 0.0862226 0.644579
right
434
gcm: 0.629388 1.05366 1.52046
H: -2.90491 0.278065 0.908865
L: -0.0111826 -0.0208857 0.434729
right
435
gcm: 0.632471 1.0574 1.53196
H: -0.696705 -0.296746 -0.683183
L: 0.218867 0.265333 0.816345
right
436
gcm: 0.634846 1.05871 1.54234
H: 0.581946 -0.0463767 0.181259
L: 0.168613 0.0927281 0.73702
right
437
gcm: 0.633593 1.05937 1.54776
H: -2.11051 -0.285094 -0.285626
L: -0.0889747 0.0473008 0.384865
right
438
gcm: 0.633043 1.05997 1.55388
H: -0.794576 -0.217921 0.149957
L: -0.0390243 0.0425029 0.434539
right
439
gcm: 0.635373 1.06198 1.56345
H: -1.45023 -0.0702744 -0.126921
L: 0.165454 0.142537 0.679424
right
440
gcm: 0.635375 1.06288 1.56988
H: -3.44816 0.00990703 -0.551641
L: 0.000153087 0.0638313 0.45646
right
441
gcm: 0.639312 1.0662 1.58166
H: 0.818987 0.0141587 0.75684
L: 0.279472 0.235751 0.836212
right
442
gcm: 0.641236 1.06768 1.59159
H: -0.157453 -0.400777 -0.369969
L: 0.136633 0.105128 0.70515
right
443
gcm: 0.641606 1.06964 1.601
H: 0.0383995 0.0567546 1.07867
L: 0.0262906 0.139161 0.668085
right
444
gcm: 0.641302 1.0691 1.60719
H: -0.862602 0.236922 1.04646
L: -0.0216139 -0.0385516 0.439535
right
445
gcm: 0.641677 1.07125 1.61482
H: 1.08656 -0.0873709 -0.0779961
L: 0.0266455 0.153136 0.54158
right
446
gcm: 0.642256 1.07111 1.62169
H: 1.65902 0.0661842 1.53467
L: 0.0411054 -0.00993736 0.488226
right
447
gcm: 0.643369 1.07069 1.62962
H: 2.90303 0.211797 0.0563896
L: 0.0789881 -0.0299019 0.562592
right
448
gcm: 0.643788 1.07079 1.6371
H: 0.734971 0.186437 0.162581
L: 0.0297557 0.006857 0.531219
right
449
gcm: 0.6438 1.07097 1.64394
H: -1.44623 0.511548 1.44818
L: 0.000842716 0.0127362 0.485391
right
450
gcm: 0.645122 1.07112 1.65253
H: 0.419928 0.0259305 -0.607805
L: 0.0938885 0.0103729 0.610311
right
451
gcm: 0.646515 1.07125 1.66086
H: -0.372924 0.0690756 -0.345147
L: 0.0988648 0.00957326 0.591618
right
452
gcm: 0.647018 1.07153 1.66835
H: 0.18798 0.053863 -0.216048
L: 0.0357805 0.0196516 0.531614
right
453
gcm: 0.647478 1.07185 1.67638
H: -2.73318 1.13817 1.19786
L: 0.0326046 0.0228715 0.570151
right
454
gcm: 0.647874 1.07124 1.68399
H: -1.83731 0.715638 0.203774
L: 0.0281189 -0.0431609 0.540329
right
455
gcm: 0.648446 1.06995 1.69161
H: -0.664104 0.948276 0.253482
L: 0.0406173 -0.0913341 0.540919
right
456
gcm: 0.648891 1.06851 1.69945
H: -2.30108 0.909415 1.38418
L: 0.0315977 -0.102454 0.556692
right
457
gcm: 0.64939 1.06749 1.70702
H: -2.2893 0.929473 -1.15924
L: 0.0354042 -0.072271 0.537475
right
458
gcm: 0.650416 1.06674 1.71515
H: -0.606945 0.585327 -0.967032
L: 0.072875 -0.0532252 0.577377
right
459
gcm: 0.650827 1.06682 1.72236
H: -3.49515 0.866178 -0.778
L: 0.0292028 0.00523346 0.511419
right
460
gcm: 0.651042 1.06715 1.73024
H: -1.04712 0.14651 0.0323205
L: 0.0152202 0.0233269 0.559641
right
461
gcm: 0.651904 1.06695 1.73838
H: -2.44779 0.320047 -0.590275
L: 0.0612211 -0.0142926 0.577682
right
462
gcm: 0.652375 1.06722 1.74624
H: -1.02033 0.755652 0.836553
L: 0.0334259 0.0194365 0.558157
right
463
gcm: 0.652389 1.06784 1.75331
H: -0.269958 0.606514 1.76736
L: 0.000989514 0.044394 0.502259
right
464
gcm: 0.652852 1.06738 1.76051
H: -1.04885 0.298595 -1.16518
L: 0.0329047 -0.0329658 0.510982
right
465
gcm: 0.65338 1.06647 1.76864
H: -1.23734 0.2323 -0.766308
L: 0.0375084 -0.0646327 0.57709
right
466
gcm: 0.653251 1.06633 1.77582
H: -1.52744 0.657604 1.29826
L: -0.00921675 -0.0101063 0.510182
right
467
gcm: 0.653594 1.06759 1.78413
H: -2.82646 0.16262 0.467553
L: 0.0243676 0.0895363 0.589681
right
468
gcm: 0.654541 1.06797 1.79147
H: -1.45113 0.501044 -0.0152436
L: 0.0672721 0.0268432 0.521366
right
469
gcm: 0.654915 1.06678 1.79941
H: -2.79181 0.12069 -0.754138
L: 0.0265443 -0.0843095 0.563703
right
470
gcm: 0.654494 1.06663 1.80664
H: -1.15945 0.417383 0.987785
L: -0.0298767 -0.0107943 0.513248
right
471
gcm: 0.654763 1.06739 1.81391
H: -1.31519 0.378712 0.257519
L: 0.019104 0.0538617 0.51647
right
472
gcm: 0.655434 1.06734 1.82145
H: -2.86213 -0.456319 -0.953645
L: 0.047601 -0.00294194 0.535081
right
473
gcm: 0.655583 1.06706 1.82911
H: -1.87103 0.288776 -0.371868
L: 0.0106263 -0.0198414 0.543934
right
474
gcm: 0.6556 1.06765 1.83735
H: 1.32988 0.566085 0.159817
L: 0.001163 0.0413707 0.585034
right
475
gcm: 0.656027 1.06808 1.84588
H: -2.49847 -0.146216 -0.446627
L: 0.0303228 0.0305516 0.605892
right
476
gcm: 0.6562 1.06725 1.85317
H: -2.14279 0.248557 -0.245822
L: 0.0123046 -0.0589092 0.517257
right
477
gcm: 0.655961 1.06598 1.8594
H: -1.33066 0.180859 -0.757483
L: -0.0170002 -0.0898054 0.442689
right
478
gcm: 0.655787 1.06607 1.86743
H: -0.479323 0.275323 -0.30546
L: -0.0123156 0.00637215 0.569633
right
479
gcm: 0.655594 1.06636 1.87538
H: -0.76391 0.28302 0.288912
L: -0.0137585 0.0201597 0.564328
right
480
gcm: 0.655605 1.06631 1.88356
H: 0.47751 0.360386 0.147876
L: 0.000826541 -0.00359815 0.581032
right
481
gcm: 0.656003 1.06609 1.8911
H: -3.47469 0.369178 -1.61398
L: 0.0282301 -0.0156895 0.535226
right
482
gcm: 0.656271 1.06574 1.89819
H: -2.54356 0.931493 0.377744
L: 0.0190348 -0.0241643 0.503564
right
483
gcm: 0.656453 1.06525 1.90622
H: -0.951728 0.446875 -0.104965
L: 0.0129658 -0.0350492 0.569965
right
484
gcm: 0.656016 1.06477 1.9141
H: -2.06606 0.59639 0.288082
L: -0.0310636 -0.0340744 0.559647
right
485
gcm: 0.655595 1.06441 1.92255
H: -2.58554 0.552249 0.0144102
L: -0.0299032 -0.0256207 0.600138
right
486
gcm: 0.655587 1.06403 1.93191
H: -2.28767 0.281806 -0.883571
L: -0.000540802 -0.0272806 0.664497
right
487
gcm: 0.655416 1.06312 1.94051
H: -3.25507 0.750858 0.0261937
L: -0.0121245 -0.0643507 0.610136
right
488
gcm: 0.654581 1.06207 1.9488
H: -3.56896 0.590298 -0.300125
L: -0.0593059 -0.0744245 0.589277
right
489
gcm: 0.653488 1.06113 1.9573
H: -1.52874 0.608554 1.77415
L: -0.0776275 -0.0669043 0.603093
right
490
gcm: 0.653193 1.06011 1.96575
H: 0.390656 0.251284 -0.331189
L: -0.0209427 -0.0726743 0.599762
right
491
gcm: 0.653086 1.05912 1.97464
H: 1.58413 0.565504 1.03943
L: -0.00755931 -0.0697569 0.631203
right
492
gcm: 0.652794 1.05762 1.98325
H: 2.69118 0.206537 0.30289
L: -0.020729 -0.106437 0.611253
right
493
gcm: 0.652005 1.05609 1.99173
H: 1.772 0.236277 -0.142633
L: -0.056056 -0.109059 0.602459
right
494
gcm: 0.650912 1.05439 2.00016
H: 0.580596 0.36571 0.349554
L: -0.0775887 -0.120801 0.598366
right
495
gcm: 0.649956 1.05329 2.0086
H: 0.983295 0.40171 0.439542
L: -0.0678922 -0.0775586 0.598985
right
496
gcm: 0.649238 1.05278 2.0173
H: 0.337318 -0.0147716 0.393734
L: -0.0509962 -0.0366239 0.618131
right
497
gcm: 0.648397 1.05056 2.02644
H: 0.506366 0.235324 0.338215
L: -0.0597033 -0.15724 0.648825
right
498
gcm: 0.647039 1.04731 2.03535
H: -0.0477645 0.508898 1.81407
L: -0.0964108 -0.231277 0.632391
right
499
gcm: 0.645513 1.04575 2.04417
H: 0.803275 0.422688 1.64992
L: -0.108301 -0.110485 0.62631
right
500
gcm: 0.644065 1.04454 2.05311
H: 2.99436 0.145343 0.47648
L: -0.102853 -0.0857321 0.635043
right
501
gcm: 0.643452 1.04211 2.06314
H: 2.56479 0.115726 -0.558972
L: -0.0435056 -0.172846 0.711758
right
502
gcm: 0.642656 1.04038 2.07298
H: 2.04989 0.144714 -0.895312
L: -0.0565412 -0.122621 0.699043
right
503
gcm: 0.641147 1.04011 2.08282
H: 0.901273 0.557154 0.674399
L: -0.10714 -0.0193474 0.69824
right
504
gcm: 0.638783 1.04059 2.09281
H: 2.303 0.151592 -0.540807
L: -0.167798 0.0343403 0.709668
right
505
gcm: 0.637704 1.04036 2.10282
H: 2.86189 0.285217 -1.25431
L: -0.076607 -0.0164205 0.710718
right
506
gcm: 0.635899 1.04015 2.11335
H: 3.27531 -0.15935 -1.37126
L: -0.128179 -0.0149421 0.74746
right
507
gcm: 0.634541 1.03942 2.1235
H: 1.14464 0.535611 0.922067
L: -0.0964349 -0.0516544 0.720785
right
508
gcm: 0.633488 1.03914 2.1328
H: 2.64059 0.102825 -0.430627
L: -0.074742 -0.0204352 0.660377
right
509
gcm: 0.631219 1.03982 2.14355
H: 3.39283 -0.122541 -1.98179
L: -0.161126 0.0487605 0.762983
none 
510
gcm: 0.629089 1.04043 2.15333
H: 1.59504 -0.232227 0.0761416
L: -0.151227 0.0429317 0.694552
none 
511
gcm: 0.627208 1.04062 2.16321
H: 2.24063 0.25661 1.5527
L: -0.133497 0.0137025 0.701367
none 
512
gcm: 0.625186 1.04098 2.17211
H: 1.23621 0.248733 0.379775
L: -0.143598 0.0258565 0.632071
none 
513
gcm: 0.623404 1.04168 2.18001
H: -1.09652 -0.0563126 1.04856
L: -0.126494 0.0493469 0.560728
none 
514
gcm: 0.622086 1.04258 2.18998
H: 3.24342 -0.173064 -0.428968
L: -0.0935812 0.0639515 0.707773
left
515
gcm: 0.620473 1.04313 2.19933
H: 0.951378 -0.144533 1.76005
L: -0.114562 0.038759 0.664009
left
516
gcm: 0.619076 1.04301 2.21138
H: 2.77059 -0.332071 -1.91779
L: -0.0991467 -0.00802147 0.855807
left
516
gcm: 0.619076 1.04301 2.21138
H: 0 0 0
L: 0 0 0
none 
