:metadata
 
Skeleton: /home/sophie/workspace/mocapPlayer/mocapPlayer/mocapPlayer/07-walk.asf
Motion: /home/sophie/workspace/mocapPlayer/mocapPlayer/mocapPlayer/07_05-walk.amc
Mass Distribution: /home/sophie/workspace/mocapPlayer/amd/NHR03-06.amd
 
Inital skeleton translation: 0 0 0
Initial skeleton rotation: 0 0 0
 
:data
1
gcm: 0.46183 0.983035 -2.17099
H: -0.000745207 -0.00664777 -0.0127141
L: 0.0436104 -0.0106006 0.517458
left
2
gcm: 0.461942 0.982535 -2.16414
H: -0.00142148 -0.00521632 -0.00182949
L: 0.00799299 -0.0354685 0.486134
left
3
gcm: 0.461698 0.982292 -2.15719
H: -0.00332089 0.00208848 0.0100396
L: -0.0173309 -0.0173021 0.49366
left
4
gcm: 0.462115 0.982301 -2.14961
H: 0.00675076 -0.000719509 0.00826711
L: 0.0295837 0.000674889 0.537762
left
5
gcm: 0.462842 0.982466 -2.14196
H: -0.00493119 -0.00429362 -0.00136308
L: 0.0516753 0.0117354 0.543187
left
6
gcm: 0.46353 0.983171 -2.13449
H: -0.00495191 -0.00372991 -0.00317385
L: 0.0488209 0.0500426 0.530744
left
7
gcm: 0.463867 0.983354 -2.12706
H: 0.00227191 0.000106276 0.00365929
L: 0.0238998 0.0129898 0.527686
left
8
gcm: 0.464289 0.982345 -2.11983
H: 0.00748027 0.000441996 -0.000645631
L: 0.0299809 -0.0716521 0.512792
left
9
gcm: 0.46458 0.982324 -2.1125
H: -0.00417364 -0.000187966 0.00743181
L: 0.0206329 -0.00146828 0.520278
left
10
gcm: 0.464953 0.982669 -2.10514
H: -0.0602248 -0.00781895 0.0053668
L: 0.0265296 0.0244545 0.522981
left
11
gcm: 0.465622 0.982399 -2.0977
H: -0.0578107 -0.00694861 -0.000239077
L: 0.0474632 -0.0191833 0.52798
left
12
gcm: 0.466237 0.982466 -2.09018
H: -0.034221 -0.0038576 0.0205037
L: 0.0436894 0.00477926 0.533811
left
13
gcm: 0.466674 0.982175 -2.08278
H: -0.0448685 -0.0024517 0.0146595
L: 0.0310275 -0.0206885 0.525779
left
14
gcm: 0.466962 0.981063 -2.07535
H: -0.0443135 -0.00113394 0.023206
L: 0.0204102 -0.0789523 0.527248
left
15
gcm: 0.467592 0.980181 -2.06764
H: -0.0216261 -0.00427584 0.0193248
L: 0.0447384 -0.0625745 0.547358
left
16
gcm: 0.468326 0.979516 -2.06007
H: -0.0371344 -0.00492671 0.0149818
L: 0.0521186 -0.0472406 0.537745
left
17
gcm: 0.468956 0.979383 -2.05255
H: -0.0365484 0.0013219 0.0245856
L: 0.0447296 -0.00945065 0.533552
left
18
gcm: 0.469047 0.97981 -2.04473
H: -0.00957459 0.0050085 0.0206776
L: 0.0064519 0.0303348 0.555459
left
19
gcm: 0.467711 0.979967 -2.03888
H: -0.0527256 0.00914506 0.0331436
L: -0.0948143 0.0111829 0.4152
left
20
gcm: 0.468706 0.97952 -2.03124
H: -0.0200907 -0.00400504 0.0027769
L: 0.0706376 -0.0317921 0.54276
left
21
gcm: 0.471734 0.978555 -2.02196
H: 0.0198902 -0.0087308 -0.0286687
L: 0.214993 -0.0684788 0.658724
left
22
gcm: 0.470526 0.978176 -2.01667
H: 0.0116472 0.000959647 0.04135
L: -0.0858027 -0.0269395 0.375482
left
23
gcm: 0.474354 0.976062 -2.00623
H: 0.0297781 0.00142226 -0.0205208
L: 0.271843 -0.150078 0.741762
left
24
gcm: 0.474502 0.976335 -1.99794
H: 0.0372564 0.00922159 0.026915
L: 0.0104738 0.0194053 0.588502
left
25
gcm: 0.476808 0.976037 -1.99005
H: 0.0114721 -0.0105664 -0.0247742
L: 0.16375 -0.0211863 0.560005
left
26
gcm: 0.477455 0.975279 -1.9821
H: 0.0223731 -0.00188742 0.00800206
L: 0.0459245 -0.0537868 0.564325
left
27
gcm: 0.478417 0.973631 -1.97404
H: 0.0192965 -0.00107577 -0.00982408
L: 0.0683098 -0.117043 0.572028
left
28
gcm: 0.480124 0.973423 -1.96499
H: 0.0308687 -0.000919284 -0.0227623
L: 0.121208 -0.0147811 0.642937
left
29
gcm: 0.481995 0.973139 -1.95605
H: 0.0604552 -0.0027198 -0.00221304
L: 0.132819 -0.0201515 0.634621
left
30
gcm: 0.483564 0.972736 -1.94747
H: 0.04139 0.000700201 -0.00872881
L: 0.111413 -0.0285817 0.609063
none 
31
gcm: 0.485003 0.972145 -1.93868
H: 0.0569613 -0.000756232 -0.00685296
L: 0.102129 -0.0419771 0.624253
left
32
gcm: 0.486589 0.971478 -1.92943
H: 0.0528882 -9.00361e-05 0.002055
L: 0.11266 -0.0473712 0.65677
left
33
gcm: 0.488222 0.972242 -1.91999
H: 0.0495774 0.00102844 0.000447301
L: 0.115903 0.0542327 0.669934
left
34
gcm: 0.490142 0.972505 -1.91093
H: 0.043346 0.000520092 -0.00666239
L: 0.136326 0.0186818 0.64378
left
35
gcm: 0.492256 0.971131 -1.90214
H: 0.0508149 -0.000952703 -0.00973459
L: 0.150067 -0.0975382 0.623982
left
36
gcm: 0.494154 0.970365 -1.89311
H: 0.0722795 -0.00257835 -0.00733105
L: 0.134798 -0.0543647 0.641312
none 
37
gcm: 0.496443 0.970606 -1.8835
H: 0.0591828 0.00372861 -0.0228112
L: 0.162533 0.0171017 0.682195
none 
38
gcm: 0.499386 0.970795 -1.87332
H: 0.0628435 0.000173863 -0.0283467
L: 0.208953 0.0133836 0.722911
right
39
gcm: 0.500271 0.971327 -1.86468
H: 0.0335671 0.00920956 0.00319804
L: 0.0628054 0.037772 0.613339
none 
40
gcm: 0.501472 0.97135 -1.85573
H: 0.0398343 0.00955998 -0.00356164
L: 0.0852764 0.00163081 0.634929
none 
41
gcm: 0.50405 0.97084 -1.84644
H: 0.0533201 -0.00547946 -0.000488925
L: 0.183026 -0.0362193 0.659988
none 
42
gcm: 0.506311 0.970067 -1.83737
H: 0.0489747 -0.00368836 -7.23793e-05
L: 0.160513 -0.0548753 0.64397
right
43
gcm: 0.508038 0.973738 -1.82734
H: 0.0302542 0.00332686 -0.0227799
L: 0.122624 0.260638 0.712145
right
44
gcm: 0.510116 0.974751 -1.81671
H: 0.00648086 0.00357881 -0.0161462
L: 0.147586 0.0719293 0.754451
right
45
gcm: 0.512166 0.975267 -1.80671
H: 0.0040588 0.000793561 0.00189058
L: 0.145534 0.0366249 0.709935
right
46
gcm: 0.51438 0.976502 -1.79668
H: -0.00738486 0.00600755 -0.00708903
L: 0.157213 0.0876874 0.712307
right
47
gcm: 0.51678 0.978323 -1.78671
H: -0.00401003 0.005205 -0.0230266
L: 0.170393 0.129303 0.708082
right
48
gcm: 0.519132 0.979857 -1.77692
H: 0.0118078 0.00496143 -0.0277991
L: 0.166945 0.108917 0.695153
right
49
gcm: 0.521198 0.980757 -1.76754
H: 0.000235675 0.00758009 -0.0151951
L: 0.146728 0.0638835 0.665865
right
50
gcm: 0.523021 0.981539 -1.75858
H: -0.00117576 0.00540154 -0.002247
L: 0.129429 0.0555593 0.63593
right
51
gcm: 0.524768 0.982917 -1.74969
H: -0.00402049 0.0042213 -0.0147222
L: 0.124004 0.0978551 0.63148
right
52
gcm: 0.526478 0.984731 -1.74085
H: 0.0154256 -0.00435851 -0.00932142
L: 0.121431 0.128765 0.627323
right
53
gcm: 0.528163 0.986371 -1.73219
H: 0.00753401 -0.00459833 0.00662031
L: 0.11965 0.116415 0.615242
right
54
gcm: 0.529949 0.98784 -1.72356
H: -0.0144153 0.00341778 0.0031859
L: 0.1268 0.104302 0.612837
right
55
gcm: 0.531671 0.989261 -1.7149
H: -0.0101655 0.0038357 -0.0103482
L: 0.122256 0.100921 0.61457
right
56
gcm: 0.533379 0.990906 -1.70616
H: 0.00161171 0.00450468 -0.0127174
L: 0.121273 0.116783 0.62059
right
57
gcm: 0.535067 0.992637 -1.69729
H: 0.000155465 0.00456424 -0.00668245
L: 0.119818 0.122934 0.629344
right
58
gcm: 0.536306 0.994169 -1.68898
H: -0.0228263 0.0113286 -0.00257673
L: 0.0879651 0.108741 0.590175
right
59
gcm: 0.537687 0.995689 -1.68139
H: -0.0392878 0.00886402 0.000840877
L: 0.0980544 0.10791 0.538954
right
60
gcm: 0.539561 0.99703 -1.67352
H: -0.0426388 0.00829397 -0.011854
L: 0.133052 0.0951977 0.55894
right
61
gcm: 0.541117 0.998311 -1.66532
H: -0.0407944 0.0100551 -0.00901728
L: 0.110485 0.0910084 0.582362
right
62
gcm: 0.542347 0.999666 -1.65748
H: -0.018828 0.00907107 -0.00298227
L: 0.0873295 0.0961856 0.55644
right
63
gcm: 0.543556 1.00138 -1.6497
H: -0.0397992 0.0122629 -0.00970895
L: 0.0858542 0.121704 0.552372
right
64
gcm: 0.544557 1.00284 -1.64186
H: -0.00902471 0.00485438 -0.000896406
L: 0.0711036 0.103475 0.556327
right
65
gcm: 0.545311 1.00432 -1.63434
H: -0.0106482 0.0068843 0.00414243
L: 0.0534832 0.105214 0.533924
right
66
gcm: 0.54622 1.00531 -1.62727
H: -0.011579 0.0094382 -0.00257856
L: 0.0645222 0.0701102 0.502537
right
67
gcm: 0.547456 1.00618 -1.61997
H: -0.0170388 0.0090372 -0.0082749
L: 0.0877642 0.0622367 0.517716
right
68
gcm: 0.548612 1.00729 -1.61245
H: -0.00529482 0.00488158 -0.00173248
L: 0.0820782 0.078405 0.534404
right
69
gcm: 0.549498 1.00799 -1.60498
H: 0.00232239 0.00675395 0.00974113
L: 0.0629098 0.0500841 0.530475
right
70
gcm: 0.550225 1.00851 -1.59741
H: -0.00519668 0.0092402 0.0120446
L: 0.0516375 0.0368533 0.537155
right
71
gcm: 0.551106 1.00886 -1.59048
H: -0.0192361 0.00759822 -0.00152426
L: 0.0625258 0.0248976 0.492304
right
72
gcm: 0.551985 1.00876 -1.58375
H: -0.038347 0.0105674 -0.0101458
L: 0.0624185 -0.00711126 0.477597
right
73
gcm: 0.552795 1.00902 -1.57614
H: -0.0159835 0.00711278 -0.00367011
L: 0.0574969 0.0182518 0.540561
right
74
gcm: 0.553594 1.00936 -1.56849
H: -0.0161878 0.00572243 0.00154746
L: 0.0567751 0.0239875 0.542879
right
75
gcm: 0.554261 1.00928 -1.56124
H: -0.019196 0.0117541 0.0256032
L: 0.0473556 -0.00584806 0.514489
right
76
gcm: 0.554909 1.00836 -1.55396
H: -0.0322506 0.0125921 -0.00388848
L: 0.0459666 -0.0653059 0.517237
right
77
gcm: 0.55585 1.0079 -1.54651
H: -0.0175964 0.00919779 -0.024502
L: 0.0668024 -0.0326225 0.528977
right
78
gcm: 0.556725 1.00739 -1.53913
H: -0.0210671 0.0105648 -0.00745705
L: 0.0621886 -0.0362255 0.523535
right
79
gcm: 0.557418 1.00704 -1.53186
H: -0.0379299 0.013861 0.00674996
L: 0.0491635 -0.0244047 0.516173
right
80
gcm: 0.557992 1.00666 -1.5246
H: -0.042731 0.0134155 0.00776235
L: 0.0407947 -0.0268743 0.516057
right
81
gcm: 0.558455 1.00645 -1.51722
H: -0.0373913 0.0134379 -0.000348623
L: 0.0328399 -0.0153916 0.523729
right
82
gcm: 0.55897 1.006 -1.50977
H: -0.0184833 0.013036 -0.0052226
L: 0.0365592 -0.0319374 0.529024
right
83
gcm: 0.559555 1.00507 -1.50231
H: -0.0248278 0.0120354 -0.00632501
L: 0.041514 -0.0656734 0.52927
right
84
gcm: 0.560003 1.00432 -1.49475
H: -0.037809 0.0119189 -0.00492217
L: 0.0318337 -0.0531731 0.536957
right
85
gcm: 0.560449 1.00354 -1.48721
H: -0.0397178 0.0120452 -0.00149306
L: 0.0316639 -0.0553235 0.535566
right
86
gcm: 0.560896 1.00293 -1.4797
H: -0.0450943 0.0123387 -0.000241421
L: 0.0317153 -0.0437377 0.533183
right
87
gcm: 0.56121 1.0028 -1.4721
H: -0.0438928 0.0137121 -0.00722899
L: 0.0222915 -0.00919165 0.539585
right
88
gcm: 0.561497 1.00269 -1.46481
H: -0.0513107 0.0143676 -0.000409204
L: 0.0204032 -0.00762382 0.517723
right
89
gcm: 0.561841 1.0024 -1.45766
H: -0.0567315 0.0128873 0.00871719
L: 0.0244494 -0.0206689 0.507731
right
90
gcm: 0.562296 1.00201 -1.45023
H: -0.0459058 0.0106342 0.000998608
L: 0.0322641 -0.0275024 0.527435
right
91
gcm: 0.562737 1.00154 -1.44289
H: -0.0329048 0.011093 -0.00363619
L: 0.0313083 -0.0332803 0.520845
right
92
gcm: 0.563028 1.00103 -1.43589
H: -0.037092 0.0117637 0.000396356
L: 0.0206646 -0.0362209 0.496932
right
93
gcm: 0.56336 1.001 -1.42874
H: -0.044505 0.0112414 -0.00767252
L: 0.0235715 -0.00273875 0.507896
right
94
gcm: 0.563875 1.00128 -1.42127
H: -0.0570605 0.0106808 -0.0146293
L: 0.0365851 0.0203669 0.530453
right
95
gcm: 0.564331 1.0012 -1.41403
H: -0.0579204 0.0094979 -0.00762612
L: 0.032341 -0.00613045 0.514158
right
96
gcm: 0.564455 1.00083 -1.40685
H: -0.0509318 0.0105598 -0.00028674
L: 0.00883847 -0.0261531 0.509502
right
97
gcm: 0.56428 1.00049 -1.39959
H: -0.0537161 0.0128218 0.00713611
L: -0.0124456 -0.0240779 0.515484
right
98
gcm: 0.564243 1.00034 -1.3923
H: -0.0493104 0.0121944 0.0036875
L: -0.00260353 -0.0101953 0.517201
right
99
gcm: 0.564531 1.00023 -1.38488
H: -0.0528092 0.0105593 -0.0029719
L: 0.0204404 -0.00831819 0.527476
right
100
gcm: 0.564943 1.00007 -1.37742
H: -0.061877 0.00975375 -0.00832505
L: 0.0292358 -0.0110871 0.529111
right
101
gcm: 0.564998 1.00064 -1.37021
H: -0.0153641 0.0147664 -0.00844472
L: 0.00393208 0.0404735 0.512271
right
102
gcm: 0.564824 1.00157 -1.36308
H: -0.0327291 0.00939952 0.00218797
L: -0.0123923 0.0660992 0.506219
right
103
gcm: 0.564994 1.00144 -1.35568
H: -0.0153296 0.0155904 -0.00230247
L: 0.0120696 -0.00909756 0.525462
right
104
gcm: 0.56518 1.00143 -1.34817
H: -0.0234382 0.014912 -0.00362927
L: 0.0132581 -0.000892684 0.533032
right
105
gcm: 0.565094 1.00204 -1.34084
H: -0.0256379 0.0152044 0.00162887
L: -0.00610235 0.0429431 0.520446
right
106
gcm: 0.564934 1.00139 -1.33364
H: -0.017437 0.0152309 -0.00168181
L: -0.0113729 -0.0460968 0.511041
right
107
gcm: 0.564947 1.00026 -1.32645
H: -0.0244684 0.00737456 -0.00784198
L: 0.00091931 -0.0800501 0.510588
right
108
gcm: 0.565175 1.00019 -1.31965
H: -0.0428637 0.00530394 0.00463137
L: 0.0162148 -0.00468625 0.482558
right
109
gcm: 0.564506 1.00029 -1.31237
H: -0.0271873 0.00510036 -0.014972
L: -0.0475514 0.00681444 0.517077
right
110
gcm: 0.564003 1.0001 -1.30444
H: -0.033373 0.00677114 -0.00474757
L: -0.0356696 -0.0132667 0.563303
right
111
gcm: 0.563908 0.999587 -1.29635
H: -0.0311466 0.00626607 -0.00464359
L: -0.00677437 -0.0365981 0.574155
right
112
gcm: 0.56394 0.999095 -1.28854
H: -0.0157189 0.00485278 -0.00760182
L: 0.00229017 -0.0349659 0.554655
right
113
gcm: 0.563702 0.998541 -1.28077
H: -0.024551 0.0032971 -0.00963036
L: -0.0169019 -0.0393022 0.551893
right
114
gcm: 0.563393 0.997466 -1.27276
H: -0.0282816 0.00139782 -0.0103309
L: -0.0219369 -0.0763822 0.568683
right
115
gcm: 0.563041 0.996167 -1.26474
H: -0.0201699 0.00207337 -0.00493615
L: -0.0249772 -0.0922208 0.569077
right
116
gcm: 0.562475 0.995059 -1.25692
H: -0.0202688 0.00317123 -0.00547074
L: -0.0401863 -0.0786215 0.554964
right
117
gcm: 0.562004 0.994303 -1.24881
H: -0.0075189 0.00126881 -0.0104307
L: -0.0334611 -0.0537221 0.576241
right
118
gcm: 0.561639 0.994022 -1.24065
H: -0.0002889 -0.000180152 -0.00630054
L: -0.0258988 -0.0199069 0.579489
right
119
gcm: 0.560841 0.993615 -1.23274
H: -0.0107107 -0.00034 -0.00213336
L: -0.0566608 -0.0288903 0.561406
right
120
gcm: 0.559939 0.992789 -1.22456
H: -0.0162024 -0.0020566 -0.00799779
L: -0.0640373 -0.0586719 0.580966
right
121
gcm: 0.559258 0.991421 -1.21624
H: 0.0013761 -2.93131e-05 -0.00646936
L: -0.048385 -0.0971276 0.590507
right
122
gcm: 0.558409 0.99018 -1.20795
H: -0.00114223 0.00223507 -0.000867369
L: -0.0602949 -0.0881496 0.588794
right
123
gcm: 0.557316 0.989741 -1.19945
H: 0.00846417 0.0020079 0.00797058
L: -0.0775503 -0.0311156 0.603106
right
124
gcm: 0.556279 0.989379 -1.19082
H: 0.0206265 0.000815225 0.000305855
L: -0.0736844 -0.0257254 0.612718
right
125
gcm: 0.555617 0.988734 -1.18209
H: 0.0165884 -0.00149309 -0.00856669
L: -0.0469562 -0.0458244 0.619843
right
126
gcm: 0.554807 0.987714 -1.17319
H: 0.0154658 0.000962877 0.0054015
L: -0.0575062 -0.0723752 0.631773
right
127
gcm: 0.553409 0.986748 -1.16397
H: 0.0103594 0.00380343 0.0144616
L: -0.0992615 -0.0685842 0.654847
right
128
gcm: 0.551986 0.986328 -1.15474
H: 0.0158738 0.00183364 0.00743992
L: -0.101047 -0.0298053 0.655473
right
129
gcm: 0.550892 0.985752 -1.14558
H: 0.0420336 -0.000399322 0.000221998
L: -0.0777099 -0.0409414 0.649936
right
130
gcm: 0.549762 0.98447 -1.13636
H: 0.0517804 0.00231842 0.00529735
L: -0.0802149 -0.0910059 0.655253
right
131
gcm: 0.548215 0.983234 -1.12707
H: 0.0290992 0.000810381 0.00951403
L: -0.109815 -0.0877515 0.65938
right
132
gcm: 0.546721 0.983101 -1.11745
H: 0.0358383 -0.00242903 0.00743128
L: -0.106111 -0.00946656 0.682679
right
133
gcm: 0.545392 0.98376 -1.10732
H: 0.0430711 -0.0014695 0.00338656
L: -0.0943307 0.046797 0.719706
right
134
gcm: 0.543508 0.984385 -1.0973
H: 0.0370921 5.69444e-05 0.0117163
L: -0.133787 0.0444034 0.71092
right
135
gcm: 0.541482 0.984607 -1.08751
H: 0.0451263 0.000664515 0.0108943
L: -0.143816 0.0157434 0.695099
none 
136
gcm: 0.539769 0.984418 -1.07756
H: 0.0649456 0.00144444 0.0141622
L: -0.121605 -0.013417 0.70668
none 
137
gcm: 0.538044 0.983917 -1.06766
H: 0.0666754 0.00218117 0.0197427
L: -0.122506 -0.0355618 0.702646
none 
138
gcm: 0.536594 0.98337 -1.05785
H: 0.0472081 0.00043207 0.0189894
L: -0.102972 -0.0388513 0.696945
none 
139
gcm: 0.535176 0.983366 -1.04797
H: 0.045086 0.000144684 0.00937935
L: -0.10064 -0.000309452 0.70143
none 
140
gcm: 0.533338 0.983811 -1.03806
H: 0.0445454 0.00338345 0.017939
L: -0.130506 0.0316131 0.703843
none 
141
gcm: 0.531506 0.984414 -1.02821
H: 0.023704 -0.000259319 0.0222477
L: -0.130088 0.0427961 0.698852
none 
142
gcm: 0.529794 0.985508 -1.01854
H: 0.0138334 -0.00280365 0.0155339
L: -0.121567 0.077709 0.686451
none 
143
gcm: 0.527694 0.986513 -1.00904
H: 0.0184147 -0.00137121 0.0153542
L: -0.149065 0.0713193 0.675007
none 
144
gcm: 0.525601 0.987159 -0.999398
H: 0.0229533 0.00369719 0.0240262
L: -0.148594 0.045909 0.6844
none 
145
gcm: 0.52414 0.988556 -0.989921
H: 0.0184024 -0.000930762 0.00999198
L: -0.103712 0.0991791 0.672856
left
146
gcm: 0.522674 0.99055 -0.980809
H: 0.0116232 -0.00443206 0.00334312
L: -0.104089 0.14155 0.646931
left
147
gcm: 0.520955 0.991991 -0.971079
H: 0.0130273 -0.00109066 0.0199988
L: -0.122073 0.102345 0.690856
left
148
gcm: 0.519433 0.993361 -0.960822
H: -0.00468612 -0.00609757 0.0273405
L: -0.108073 0.0972702 0.728206
left
149
gcm: 0.517977 0.995459 -0.951308
H: -0.00348065 -0.00316724 0.0168852
L: -0.103346 0.148978 0.675528
left
150
gcm: 0.516547 0.997488 -0.941836
H: -0.00986131 -0.000215072 0.0153771
L: -0.101535 0.144024 0.672527
left
151
gcm: 0.515028 0.999107 -0.932604
H: -0.0025478 0.00340949 0.0124443
L: -0.107838 0.11492 0.655444
left
152
gcm: 0.51344 1.00088 -0.923748
H: 0.00660113 0.00678466 0.00927353
L: -0.112813 0.125729 0.628747
left
153
gcm: 0.512198 1.00311 -0.914883
H: 0.00129909 0.00387184 0.00533106
L: -0.0881497 0.158628 0.629483
left
154
gcm: 0.51102 1.00542 -0.906198
H: -0.0157977 0.00356221 0.00594265
L: -0.0836169 0.164079 0.616606
left
155
gcm: 0.509602 1.00782 -0.897734
H: -0.0306984 0.00035115 0.00319423
L: -0.100729 0.170307 0.600944
left
156
gcm: 0.508417 1.0103 -0.88891
H: -0.0266174 -0.00420826 0.00626196
L: -0.0841342 0.176342 0.626496
left
157
gcm: 0.507493 1.01247 -0.880141
H: -0.0288453 -0.00313683 -0.0026165
L: -0.0655772 0.15355 0.622598
left
158
gcm: 0.506694 1.0145 -0.871773
H: -0.0275908 -0.00684709 -0.013078
L: -0.0567351 0.144633 0.594132
left
159
gcm: 0.505808 1.01617 -0.863593
H: -0.0249841 -0.00340066 -0.0094797
L: -0.0628991 0.118127 0.580776
left
160
gcm: 0.504691 1.01761 -0.855452
H: -0.0281249 -0.000786945 0.00988956
L: -0.079277 0.102073 0.577985
left
161
gcm: 0.50359 1.01947 -0.847507
H: -0.0414884 -0.000998849 0.0112824
L: -0.0782184 0.132046 0.564097
left
162
gcm: 0.502577 1.02142 -0.839555
H: -0.0288651 0.00249264 -0.000826791
L: -0.0718797 0.13904 0.564588
left
163
gcm: 0.501838 1.02318 -0.831181
H: 0.00591417 -0.000455112 -0.0103447
L: -0.0524999 0.124681 0.594558
left
164
gcm: 0.501209 1.02467 -0.822543
H: 0.00543787 -0.00492385 -0.00500911
L: -0.0446181 0.105994 0.613302
left
165
gcm: 0.500485 1.02596 -0.814336
H: -0.00919028 -0.00632981 -0.00407426
L: -0.0514285 0.0915541 0.582708
left
166
gcm: 0.499726 1.02696 -0.806494
H: 0.00273541 -0.000969402 0.00338041
L: -0.0539033 0.0709743 0.556792
left
167
gcm: 0.498874 1.02783 -0.798619
H: 0.00633031 0.00146499 0.0113062
L: -0.0604523 0.0613143 0.559114
left
168
gcm: 0.498134 1.02841 -0.790713
H: 0.00346175 -0.000217153 0.00747089
L: -0.0525959 0.0414567 0.561317
left
169
gcm: 0.497479 1.02858 -0.781172
H: 0.0358955 -0.00462511 0.00199101
L: -0.0465126 0.0121064 0.677405
left
170
gcm: 0.496558 1.02885 -0.77464
H: -0.059015 -0.0113063 0.00692643
L: -0.0653317 0.0190668 0.463785
left
171
gcm: 0.495865 1.02915 -0.767772
H: -0.0555747 -0.00825391 -0.00546646
L: -0.0492515 0.0214549 0.487613
left
172
gcm: 0.495564 1.02908 -0.760287
H: -0.0219569 -0.0118335 -0.00779826
L: -0.0213386 -0.0048675 0.531435
left
173
gcm: 0.495071 1.02848 -0.752356
H: 0.000229822 -0.0040736 0.00453073
L: -0.0349883 -0.0426312 0.563112
left
174
gcm: 0.494508 1.02826 -0.74421
H: -0.0264551 -0.0127618 -0.000828228
L: -0.0399789 -0.0157563 0.578378
left
175
gcm: 0.494295 1.02814 -0.736068
H: -0.0253082 -0.0130781 -0.012631
L: -0.0151258 -0.00866424 0.578085
left
176
gcm: 0.494398 1.02727 -0.727617
H: -0.0102723 -0.0131817 -0.00855583
L: 0.00726603 -0.0619145 0.600059
left
177
gcm: 0.494472 1.0264 -0.717439
H: 0.0240913 -0.00848411 -5.26188e-06
L: 0.00525249 -0.0614798 0.722602
left
178
gcm: 0.494283 1.02595 -0.7096
H: -0.0319186 -0.0149306 0.0099824
L: -0.013377 -0.0321023 0.556567
left
179
gcm: 0.494754 1.02519 -0.701836
H: -0.0387352 -0.0178922 -0.000842084
L: 0.0334476 -0.053661 0.551214
left
180
gcm: 0.493808 1.02473 -0.693334
H: -0.0208191 -0.00804858 0.00278316
L: -0.0671741 -0.0329 0.603682
left
181
gcm: 0.493019 1.02462 -0.687936
H: -0.0324256 -0.0134905 0.00881836
L: -0.0560449 -0.00758492 0.383276
left
182
gcm: 0.493087 1.02362 -0.680398
H: -0.0459091 -0.0130756 -0.00293933
L: 0.00486722 -0.0714281 0.535176
left
183
gcm: 0.493678 1.02248 -0.671479
H: -0.00591371 -0.0121343 -0.0111009
L: 0.0419194 -0.0808325 0.633251
left
184
gcm: 0.493752 1.02197 -0.66283
H: 0.00354782 -0.00714275 -0.00901037
L: 0.00523845 -0.0363025 0.614101
left
185
gcm: 0.494271 1.02202 -0.653356
H: 0.0223273 -0.0107917 -0.0088771
L: 0.0368654 0.00417198 0.672621
left
186
gcm: 0.493583 1.02236 -0.647145
H: -0.0917563 -0.0108187 0.0101255
L: -0.0488566 0.0239351 0.441016
left
187
gcm: 0.49433 1.02258 -0.637478
H: 0.0193884 -0.0103349 -0.0165599
L: 0.0530387 0.0152375 0.686337
left
188
gcm: 0.494359 1.02282 -0.628321
H: -0.00352518 -0.0116832 -0.00806341
L: 0.00206605 0.0170485 0.650134
left
189
gcm: 0.494553 1.02298 -0.620044
H: -0.0476462 -0.0145462 -0.000324494
L: 0.0137864 0.0113489 0.587666
left
190
gcm: 0.49494 1.02233 -0.612764
H: -0.0464275 -0.00796447 0.0102237
L: 0.0274895 -0.0456648 0.516919
left
191
gcm: 0.494942 1.02199 -0.606069
H: -0.0542073 -0.00403132 0.0148813
L: 0.000159625 -0.0241455 0.475326
left
192
gcm: 0.494561 1.02229 -0.599185
H: -0.0330358 -0.00690255 0.0080208
L: -0.0271117 0.0210279 0.488784
left
193
gcm: 0.494656 1.02181 -0.591498
H: -0.00125619 -0.00668463 -0.00300206
L: 0.00675602 -0.0343864 0.545711
left
194
gcm: 0.495671 1.02114 -0.582669
H: 0.03061 -0.00423801 -0.00810258
L: 0.0721091 -0.0473478 0.626896
left
195
gcm: 0.495691 1.02115 -0.574815
H: -0.0173762 -0.00505478 0.00966321
L: 0.00140848 0.000680844 0.557639
left
196
gcm: 0.496138 1.0207 -0.565882
H: 0.0266332 -0.00868057 0.00447079
L: 0.0316999 -0.0321588 0.634221
left
197
gcm: 0.496496 1.02049 -0.558826
H: -0.032358 -0.00270286 -0.00361247
L: 0.0254468 -0.0142311 0.500997
left
198
gcm: 0.497494 1.02096 -0.550072
H: 0.0225217 -0.00143932 -0.00472282
L: 0.0708376 0.0333333 0.621546
left
199
gcm: 0.497318 1.02137 -0.542771
H: -0.0341755 -0.0001601 0.0109453
L: -0.0124818 0.0285318 0.518363
left
200
gcm: 0.49779 1.02112 -0.53502
H: -0.0220408 -0.00270867 0.00108904
L: 0.0335172 -0.0171888 0.550275
left
201
gcm: 0.498551 1.02072 -0.527137
H: -0.0257819 -0.00495636 0.00403855
L: 0.0540425 -0.0289164 0.55974
left
202
gcm: 0.499185 1.01999 -0.519304
H: -0.0207015 -0.00336603 0.0152153
L: 0.0449784 -0.0517959 0.556129
left
203
gcm: 0.49949 1.01928 -0.511329
H: -0.0111397 -0.00174534 0.0127605
L: 0.0216978 -0.0503598 0.566237
left
204
gcm: 0.499876 1.019 -0.503417
H: -0.0454027 -0.00986773 -0.000722621
L: 0.027404 -0.0194737 0.56177
left
205
gcm: 0.500442 1.01944 -0.49566
H: -0.0565809 -0.00699124 0.00566834
L: 0.0401393 0.0310297 0.550697
left
206
gcm: 0.50098 1.01927 -0.487706
H: -0.0136642 -0.00973909 0.0160397
L: 0.0382198 -0.0117532 0.564788
left
207
gcm: 0.501529 1.01906 -0.479803
H: -0.0170188 -0.0074121 0.0218444
L: 0.0389811 -0.0155899 0.561094
left
208
gcm: 0.502079 1.01881 -0.472196
H: -0.020459 -0.00152593 0.0262915
L: 0.0390499 -0.0177478 0.540063
left
209
gcm: 0.502457 1.01845 -0.465336
H: -0.0252734 0.00212118 0.020146
L: 0.0268691 -0.0248804 0.487087
left
210
gcm: 0.503181 1.01767 -0.456968
H: -0.0197712 -0.00146206 0.0173682
L: 0.0513918 -0.0557979 0.594109
left
211
gcm: 0.504097 1.0168 -0.448522
H: -0.020904 -0.00595329 0.0118441
L: 0.0650326 -0.0614629 0.599693
left
212
gcm: 0.505155 1.01601 -0.439884
H: -0.00611339 -0.00707864 0.00422136
L: 0.0751161 -0.0566111 0.613272
left
213
gcm: 0.506226 1.01532 -0.431501
H: 0.00424181 -0.00323587 0.00271391
L: 0.0760339 -0.0490091 0.595227
left
214
gcm: 0.507034 1.01466 -0.423554
H: 0.00275406 -0.000374148 0.00389513
L: 0.0573364 -0.0467038 0.564248
left
215
gcm: 0.508218 1.01421 -0.414374
H: 0.0104711 0.000543842 -0.000996231
L: 0.0840648 -0.0319027 0.651773
left
216
gcm: 0.509441 1.01316 -0.405577
H: 0.0140496 -0.00324352 -0.0018742
L: 0.0868745 -0.0742222 0.624565
left
217
gcm: 0.510725 1.01181 -0.396894
H: 0.0231055 -0.00566335 -0.00466728
L: 0.0911413 -0.0960387 0.616483
left
218
gcm: 0.512201 1.01023 -0.387782
H: 0.0257842 -0.00505783 -0.0103362
L: 0.104831 -0.112028 0.646961
left
219
gcm: 0.513612 1.00872 -0.378588
H: 0.0308862 -0.00265046 -0.0107548
L: 0.100148 -0.107295 0.652737
left
220
gcm: 0.514779 1.00661 -0.369844
H: 0.0192217 -0.00207264 -0.00088299
L: 0.0828913 -0.149962 0.620822
left
221
gcm: 0.516076 1.00545 -0.361093
H: 0.0232708 0.00105531 0.00499223
L: 0.0920779 -0.0823712 0.621387
left
222
gcm: 0.517673 1.00402 -0.351433
H: 0.0515768 0.00180277 -0.00338444
L: 0.113407 -0.10121 0.685862
left
223
gcm: 0.519187 1.00233 -0.341673
H: 0.0705249 0.000321949 -0.00495
L: 0.10749 -0.120363 0.692954
left
224
gcm: 0.520571 1.00165 -0.332286
H: 0.048509 0.00230767 0.00166732
L: 0.0982019 -0.0479821 0.66643
left
225
gcm: 0.52191 1.00267 -0.323024
H: 0.0318456 0.00592112 0.00327505
L: 0.0951104 0.0720168 0.657652
left
226
gcm: 0.523506 1.00262 -0.313327
H: 0.0341179 0.00256493 -0.00343945
L: 0.113332 -0.00365045 0.688444
left
227
gcm: 0.525405 1.00175 -0.30327
H: 0.0402998 -0.0033797 -0.0118993
L: 0.134785 -0.0616431 0.71405
left
228
gcm: 0.527505 0.99953 -0.293804
H: 0.0432602 -0.00369145 -0.00188016
L: 0.149105 -0.157436 0.672069
left
229
gcm: 0.529463 0.998995 -0.284294
H: 0.0721319 0.000507473 -0.0111856
L: 0.139012 -0.0380066 0.675214
none 
230
gcm: 0.531297 0.998754 -0.274033
H: 0.0757134 -0.000991833 -0.0108134
L: 0.130206 -0.0170768 0.728572
none 
231
gcm: 0.533453 0.998217 -0.263889
H: 0.0744104 -0.00394579 -0.0140415
L: 0.153072 -0.0381514 0.720174
none 
232
gcm: 0.535427 0.99776 -0.254431
H: 0.0534595 -0.0031228 -0.0121312
L: 0.140192 -0.0324226 0.671522
none 
233
gcm: 0.537898 0.997799 -0.24248
H: 0.0661912 0.000670534 -0.0155809
L: 0.175405 0.00276873 0.848579
right
234
gcm: 0.53938 0.99827 -0.233345
H: 0.0422685 -0.00112546 0.0179341
L: 0.105266 0.0334596 0.648557
none 
235
gcm: 0.541334 0.998833 -0.223337
H: 0.0420356 0.00202293 -0.00344104
L: 0.138744 0.0399433 0.710572
none 
236
gcm: 0.543549 0.999735 -0.212899
H: 0.0456922 0.0011272 -0.0174348
L: 0.157261 0.0640054 0.741067
none 
237
gcm: 0.545507 1.00086 -0.203529
H: 0.0265556 0.0033268 -0.00740785
L: 0.138986 0.0795934 0.665266
none 
238
gcm: 0.547162 1.00183 -0.19523
H: 0.0092255 0.000161177 0.00164917
L: 0.117514 0.0690202 0.589263
none 
239
gcm: 0.549539 1.00271 -0.185583
H: 0.0174216 -0.00151321 -0.0090497
L: 0.168743 0.0627977 0.684945
none 
240
gcm: 0.551787 1.00299 -0.175412
H: -0.0138401 0.00972719 -0.00490502
L: 0.159638 0.0196179 0.722097
right
241
gcm: 0.553792 1.00329 -0.165234
H: -0.00799309 0.00855155 -0.00527305
L: 0.142339 0.0213008 0.72266
right
242
gcm: 0.555695 1.00422 -0.155294
H: 0.0104059 0.00530567 -0.0173932
L: 0.135148 0.0660364 0.705755
right
243
gcm: 0.557667 1.0058 -0.14556
H: 0.0233272 0.00294986 -0.0234047
L: 0.139987 0.112614 0.691098
right
244
gcm: 0.559677 1.00758 -0.136038
H: 0.00248732 0.00244763 -0.0238057
L: 0.142702 0.125994 0.676061
right
245
gcm: 0.561723 1.00909 -0.126677
H: 0.00456921 -9.80703e-05 -0.0178818
L: 0.145285 0.106921 0.664648
right
246
gcm: 0.563723 1.01041 -0.117003
H: -0.0228111 0.0145896 -0.0145691
L: 0.141989 0.0938887 0.686856
right
247
gcm: 0.565906 1.01217 -0.107366
H: -0.0149336 -0.00313624 -0.0166723
L: 0.155014 0.125052 0.684223
right
248
gcm: 0.567306 1.01365 -0.0985829
H: 0.0239261 -0.00328522 0.00498286
L: 0.0993719 0.105296 0.623598
right
249
gcm: 0.568884 1.01522 -0.0896432
H: 0.00419469 0.00218133 -0.00227241
L: 0.112054 0.111281 0.634717
right
250
gcm: 0.570675 1.0171 -0.0802337
H: -0.0162901 0.00999938 -0.0203131
L: 0.127169 0.133246 0.668078
right
251
gcm: 0.572405 1.01848 -0.0714127
H: 0.00343599 0.000984685 -0.0126918
L: 0.122848 0.0981914 0.626287
right
252
gcm: 0.573919 1.02002 -0.0630234
H: -0.0185388 0.00505244 -0.00665896
L: 0.107464 0.10923 0.595644
right
253
gcm: 0.575165 1.0221 -0.0545116
H: -0.022718 0.00430396 -0.00442937
L: 0.0884808 0.147695 0.604335
right
254
gcm: 0.576292 1.02402 -0.0457109
H: -0.0353771 0.00996963 -0.00172251
L: 0.0799939 0.136755 0.624846
right
255
gcm: 0.57753 1.02532 -0.0367445
H: -0.0301571 0.0145919 -0.00506017
L: 0.087936 0.0921258 0.636617
right
256
gcm: 0.578692 1.02644 -0.0284581
H: -0.0141337 0.00819751 -0.00538718
L: 0.0824808 0.0793813 0.588332
right
257
gcm: 0.579714 1.02768 -0.0205991
H: -0.0231429 0.00322754 0.00267714
L: 0.0725285 0.0883994 0.557991
right
258
gcm: 0.580923 1.02904 -0.0122005
H: -0.0258522 0.0101744 0.000615748
L: 0.0858415 0.0960685 0.596298
right
259
gcm: 0.582116 1.03045 -0.00373034
H: 0.0141317 0.00398264 -0.00280524
L: 0.0847223 0.100057 0.601384
right
260
gcm: 0.583102 1.03199 0.00475332
H: 0.00612631 0.00550439 0.00108349
L: 0.0699831 0.109414 0.602339
right
261
gcm: 0.583806 1.03421 0.0133192
H: -0.020061 0.0131134 0.00895705
L: 0.0500294 0.157999 0.608181
right
262
gcm: 0.584392 1.03511 0.0215516
H: -0.0198949 0.0141006 0.0189622
L: 0.0416051 0.0634748 0.584497
right
263
gcm: 0.585471 1.03591 0.0298569
H: -0.00275391 0.00829714 -0.000121627
L: 0.0766056 0.057085 0.589678
right
264
gcm: 0.586855 1.03671 0.038001
H: -0.0103719 0.0056741 -0.0205284
L: 0.0982717 0.0569348 0.578228
right
265
gcm: 0.587954 1.03705 0.0461002
H: -0.0119037 0.00798991 0.000216947
L: 0.078036 0.023674 0.575041
right
266
gcm: 0.588693 1.03642 0.0543599
H: -0.012701 0.0121761 0.0152982
L: 0.0524349 -0.0442913 0.586442
right
267
gcm: 0.5898 1.03719 0.0626592
H: -0.0167384 0.00877946 -0.00766407
L: 0.0785704 0.0543551 0.589253
right
268
gcm: 0.591007 1.03875 0.0710123
H: -0.0264446 0.0113511 -0.00154024
L: 0.0857091 0.110725 0.593069
right
269
gcm: 0.592081 1.03913 0.0792041
H: -0.016939 0.0117384 -0.00672214
L: 0.0762851 0.0269128 0.581617
right
270
gcm: 0.592438 1.03922 0.0874935
H: -0.0336719 0.0147884 0.0147078
L: 0.0253215 0.006938 0.588545
right
271
gcm: 0.592835 1.0383 0.0955641
H: -0.0410719 0.0105393 0.000362526
L: 0.0282003 -0.06576 0.573012
right
272
gcm: 0.593495 1.03757 0.103541
H: -0.0424404 0.015289 0.0128564
L: 0.0468482 -0.0514304 0.566348
right
273
gcm: 0.594077 1.03721 0.111467
H: -0.0327578 0.0123939 -0.0032254
L: 0.04134 -0.0261582 0.562775
right
274
gcm: 0.594849 1.03693 0.119753
H: -0.0489698 0.0133691 -0.00580054
L: 0.0547877 -0.0192089 0.588317
right
275
gcm: 0.595789 1.03633 0.128223
H: -0.0270972 0.0117456 -0.00371116
L: 0.0667478 -0.0431282 0.601359
right
276
gcm: 0.596581 1.03567 0.136819
H: -0.030708 0.0122054 -0.00348846
L: 0.056272 -0.0470147 0.610328
right
277
gcm: 0.596957 1.03493 0.144803
H: -0.0565525 0.0155874 0.00556261
L: 0.0266968 -0.0522896 0.566827
right
278
gcm: 0.597503 1.03465 0.152836
H: -0.0501847 0.0155268 0.00242997
L: 0.0387251 -0.0200289 0.570364
right
279
gcm: 0.598337 1.03494 0.161327
H: -0.0309754 0.0139856 -0.00177175
L: 0.0592495 0.0204958 0.602857
right
280
gcm: 0.599054 1.03521 0.169534
H: -0.0537776 0.013515 -0.00228603
L: 0.0509047 0.0196615 0.582699
right
281
gcm: 0.599622 1.03543 0.17713
H: -0.0736103 0.01215 -0.00488571
L: 0.040323 0.0154097 0.539337
right
282
gcm: 0.600058 1.03583 0.184967
H: -0.0778064 0.0140388 0.00335855
L: 0.0309159 0.0286384 0.556422
right
283
gcm: 0.600474 1.03645 0.193542
H: -0.0537652 0.0138872 0.00527289
L: 0.0295782 0.0436084 0.608788
right
284
gcm: 0.60108 1.03691 0.202225
H: 0.00391503 0.00529092 -0.00226626
L: 0.0429697 0.0329358 0.616512
right
285
gcm: 0.601574 1.03679 0.210631
H: -0.0368789 0.00909138 0.000794405
L: 0.0350943 -0.00832629 0.596804
right
286
gcm: 0.601498 1.03613 0.218283
H: -0.0369295 0.0111307 0.0154578
L: -0.00536336 -0.0473578 0.543295
right
287
gcm: 0.602588 1.03641 0.227323
H: -0.0258537 -0.00407056 -0.0228903
L: 0.0773757 0.0198588 0.641853
right
288
gcm: 0.603105 1.03703 0.235494
H: -0.0200743 0.00744654 0.00284509
L: 0.0366949 0.0444183 0.58013
right
289
gcm: 0.60349 1.03649 0.243259
H: -0.0328032 0.00852334 0.0038504
L: 0.0273378 -0.0386284 0.551295
right
290
gcm: 0.603903 1.03617 0.250718
H: -0.0319125 0.00712538 -0.00529862
L: 0.0293068 -0.0225384 0.529602
right
291
gcm: 0.604157 1.03671 0.259164
H: -0.00569166 0.00704313 0.00214391
L: 0.0180704 0.0382422 0.599712
right
292
gcm: 0.604481 1.03757 0.267303
H: -0.0256515 0.00714442 0.0140181
L: 0.0229733 0.061431 0.577835
right
293
gcm: 0.604348 1.03817 0.274813
H: 0.000481765 0.0117143 0.00116079
L: -0.00945635 0.0421764 0.5332
right
294
gcm: 0.604524 1.03809 0.282474
H: 0.0245553 0.00937164 -0.0189858
L: 0.0125046 -0.00580951 0.543937
right
295
gcm: 0.605155 1.03776 0.290857
H: -0.0467452 0.0110595 -0.010203
L: 0.0448235 -0.0228514 0.595199
right
296
gcm: 0.605625 1.03747 0.298747
H: -0.0370576 0.0101301 -0.0209834
L: 0.0333976 -0.0207894 0.560169
right
297
gcm: 0.605878 1.0374 0.306296
H: -0.0472805 0.00845053 -0.0167904
L: 0.0179677 -0.00526716 0.536015
right
298
gcm: 0.605687 1.03804 0.31404
H: -0.0407161 0.00736255 -0.0125362
L: -0.0135937 0.0452914 0.549847
right
299
gcm: 0.60557 1.03884 0.322234
H: -0.0591894 0.00582892 -0.00346513
L: -0.00832197 0.0573013 0.581765
right
300
gcm: 0.605705 1.03912 0.3306
H: -0.0511242 0.0015834 -0.0301239
L: 0.00959204 0.0199508 0.593943
right
301
gcm: 0.606028 1.03861 0.339383
H: -0.0232598 0.00624761 -0.00778894
L: 0.0229464 -0.0362043 0.623584
right
302
gcm: 0.606404 1.03782 0.348339
H: -0.0245863 0.0067799 0.00169252
L: 0.0266927 -0.0564398 0.63591
right
303
gcm: 0.606526 1.03721 0.356909
H: -0.00762108 0.00946308 0.00876826
L: 0.00868393 -0.0428772 0.608498
right
304
gcm: 0.60673 1.03636 0.365521
H: -0.021921 0.00450469 -0.0130116
L: 0.0144792 -0.0605899 0.611388
right
305
gcm: 0.606819 1.0351 0.374312
H: -0.0215679 0.00182153 -0.0136769
L: 0.00633133 -0.0898985 0.624189
right
306
gcm: 0.606424 1.03376 0.382963
H: -0.026358 0.0063501 -0.00140413
L: -0.0280714 -0.0950935 0.614221
right
307
gcm: 0.605808 1.03263 0.39136
H: -0.0126696 0.00658852 0.00776996
L: -0.0437542 -0.0797132 0.596187
right
308
gcm: 0.605511 1.03161 0.400249
H: -0.00245542 0.00543948 0.0137209
L: -0.0210405 -0.0727895 0.63109
right
309
gcm: 0.605223 1.03032 0.40952
H: 0.0375656 0.0128262 0.0179351
L: -0.0204746 -0.0912271 0.658263
right
310
gcm: 0.604205 1.0293 0.418679
H: 0.00804293 0.00528435 0.0113462
L: -0.072257 -0.0726324 0.650271
right
311
gcm: 0.603275 1.02801 0.42807
H: 0.0110845 0.00398555 0.0112465
L: -0.0660513 -0.0913398 0.666777
right
312
gcm: 0.602931 1.02609 0.437799
H: 0.0336994 0.00643977 0.0188001
L: -0.024443 -0.136531 0.690735
right
313
gcm: 0.602604 1.02421 0.44758
H: 0.0433558 0.00696781 0.0174754
L: -0.0232242 -0.133704 0.694459
right
314
gcm: 0.602001 1.02238 0.457313
H: 0.0535114 0.00589382 0.0131048
L: -0.0427684 -0.129548 0.691071
right
315
gcm: 0.601121 1.02106 0.466687
H: 0.0289419 0.00677909 0.0298154
L: -0.0625204 -0.0938379 0.665576
right
316
gcm: 0.600207 1.01997 0.476149
H: 0.0302399 0.00548091 0.0352174
L: -0.0649025 -0.0777101 0.671763
right
317
gcm: 0.599368 1.01826 0.486
H: 0.0694185 0.000650889 -0.00132365
L: -0.0595784 -0.121448 0.699461
right
318
gcm: 0.599002 1.01697 0.496411
H: 0.0583572 -0.00256515 -0.0165369
L: -0.0259481 -0.0913491 0.739137
right
319
gcm: 0.598726 1.01633 0.507309
H: 0.0506818 -0.000552321 -0.00797706
L: -0.0195966 -0.045327 0.7738
right
320
gcm: 0.597051 1.01552 0.518231
H: 0.0363777 0.00570963 0.0318611
L: -0.11896 -0.0574462 0.77547
right
321
gcm: 0.595911 1.01521 0.528829
H: 0.0403173 0.00348127 0.0191593
L: -0.0808813 -0.0219522 0.752423
right
322
gcm: 0.594985 1.0149 0.539449
H: 0.0642011 0.00231938 0.00717312
L: -0.0657885 -0.0223824 0.754049
right
323
gcm: 0.593472 1.01408 0.54988
H: 0.0881357 0.00364982 0.0241884
L: -0.107429 -0.0579217 0.74056
none 
324
gcm: 0.591949 1.01361 0.560426
H: 0.0485001 0.000403436 0.0293919
L: -0.108092 -0.0335473 0.748785
none 
325
gcm: 0.590783 1.01355 0.571134
H: 0.0450736 -0.000267824 0.0124202
L: -0.0828245 -0.00389591 0.760289
none 
326
gcm: 0.589604 1.01336 0.581397
H: 0.044689 -0.00162956 0.0117112
L: -0.0836753 -0.013897 0.728643
none 
327
gcm: 0.588435 1.01317 0.5914
H: 0.040317 -0.00291625 0.0181611
L: -0.0830038 -0.0137122 0.710211
none 
328
gcm: 0.587179 1.01317 0.60165
H: 0.0378879 -0.00276576 0.0171201
L: -0.0892073 0.00034527 0.727764
none 
329
gcm: 0.585235 1.0135 0.61211
H: 0.0300379 -0.000397732 0.0245499
L: -0.137984 0.0233939 0.742632
left
330
gcm: 0.583415 1.01441 0.622446
H: 0.0376875 -0.0014084 0.0287599
L: -0.129261 0.0645292 0.733902
left
331
gcm: 0.583323 1.01476 0.633948
H: 0.00795544 -0.015297 0.0176855
L: -0.00653307 0.0247033 0.816584
left
332
gcm: 0.583229 1.01555 0.64458
H: 0.0272537 -0.00730913 -0.0111457
L: -0.00663964 0.0564505 0.754936
left
333
gcm: 0.582325 1.01658 0.654837
H: 0.0238635 -0.00309974 -2.09416e-05
L: -0.0642274 0.0733612 0.728189
left
334
gcm: 0.581159 1.01789 0.665131
H: 0.00321263 -0.000872644 0.0229134
L: -0.0827739 0.0925199 0.730898
left
335
gcm: 0.580384 1.01963 0.675308
H: 0.0154283 -0.000613712 0.0157666
L: -0.0550049 0.123848 0.722563
left
336
gcm: 0.579794 1.02142 0.685177
H: 0.0184502 0.000302658 0.000550326
L: -0.0419006 0.126748 0.700721
left
337
gcm: 0.578887 1.02308 0.694925
H: 0.00847166 0.0052864 0.0056411
L: -0.0644089 0.118373 0.692086
left
338
gcm: 0.578171 1.0246 0.70468
H: 0.0157222 0.000196274 0.00151566
L: -0.0508387 0.10742 0.69264
left
339
gcm: 0.57785 1.02593 0.713859
H: 0.00509177 -0.00354081 -0.0127109
L: -0.022737 0.0945349 0.651684
left
340
gcm: 0.576582 1.02736 0.723242
H: -0.00193204 0.00266806 0.0199193
L: -0.0900691 0.101725 0.666193
left
341
gcm: 0.576104 1.02938 0.732562
H: 0.000755884 0.0016095 -0.00333158
L: -0.0338984 0.14342 0.661735
left
342
gcm: 0.576 1.0316 0.741713
H: -0.0194655 -0.0098634 -0.00809174
L: -0.00743912 0.157576 0.649684
left
343
gcm: 0.575952 1.03376 0.750753
H: -0.00466635 -0.00797534 -0.0194859
L: -0.00338479 0.153125 0.641888
left
344
gcm: 0.575151 1.03548 0.758506
H: -0.0298033 -0.00123809 0.0106638
L: -0.0568358 0.121956 0.550465
left
345
gcm: 0.5743 1.03664 0.766522
H: -0.0277678 -0.00114005 0.0306378
L: -0.0604787 0.08257 0.569116
left
346
gcm: 0.575187 1.03874 0.777137
H: -0.0295468 -0.0100617 -0.034383
L: 0.0629784 0.148892 0.75366
left
347
gcm: 0.574476 1.04011 0.785738
H: -0.0175755 -0.00235292 0.00786728
L: -0.0504452 0.0976011 0.610685
left
348
gcm: 0.573771 1.04137 0.794454
H: 0.013587 0.0030909 0.0123524
L: -0.050077 0.0897762 0.618803
left
349
gcm: 0.573018 1.04257 0.803093
H: 0.00635856 0.00220448 0.013327
L: -0.0534878 0.0846189 0.613373
left
350
gcm: 0.572589 1.04357 0.811733
H: -0.00586555 -0.00817745 -0.002638
L: -0.0304471 0.071315 0.613424
left
351
gcm: 0.572624 1.04445 0.820509
H: 0.000429349 -0.0083086 -0.0126483
L: 0.00251858 0.0627243 0.623151
left
352
gcm: 0.572923 1.04606 0.828917
H: -0.0107559 -0.0117507 -0.020201
L: 0.0212435 0.113637 0.596907
left
353
gcm: 0.572884 1.04754 0.837252
H: -0.00832343 -0.00637341 -0.0103163
L: -0.00282194 0.105072 0.591807
left
354
gcm: 0.572481 1.04856 0.845581
H: -0.00736036 -0.00576139 0.00522594
L: -0.0285786 0.0727549 0.591398
left
355
gcm: 0.572151 1.04888 0.853602
H: -0.00984722 -0.00455644 0.00655295
L: -0.0234442 0.0230552 0.56943
left
356
gcm: 0.571978 1.04928 0.861965
H: -0.0270592 -0.0136342 -0.00270359
L: -0.0122696 0.027916 0.593834
left
357
gcm: 0.571794 1.04954 0.870456
H: -0.0252123 -0.0146323 -0.00639315
L: -0.0130569 0.0188441 0.602836
left
358
gcm: 0.5715 1.04929 0.878425
H: -0.0346021 -0.0138127 0.00547619
L: -0.0208557 -0.0181128 0.565796
left
359
gcm: 0.571508 1.04939 0.886362
H: -0.00595096 -0.00689856 -0.00197436
L: 0.000508901 0.00752879 0.563535
left
360
gcm: 0.571826 1.04975 0.895016
H: -0.020174 -0.0174155 -0.0222644
L: 0.0226079 0.0253675 0.614447
left
361
gcm: 0.572057 1.0493 0.90276
H: -0.0530458 -0.0165953 -0.0133109
L: 0.0164291 -0.0323595 0.549803
left
362
gcm: 0.571995 1.04873 0.91046
H: -0.0455527 -0.0160342 -0.000591917
L: -0.00439733 -0.0402868 0.546732
left
363
gcm: 0.571928 1.04859 0.918651
H: -0.0247201 -0.0159617 -0.00511682
L: -0.00475858 -0.0095131 0.581547
left
364
gcm: 0.57191 1.04827 0.927233
H: -0.0134944 -0.0169174 -0.0033171
L: -0.00131266 -0.02325 0.609279
left
365
gcm: 0.572129 1.04794 0.935478
H: -0.0411729 -0.0162714 0.00742898
L: 0.0155491 -0.0230496 0.585429
left
366
gcm: 0.572051 1.04753 0.943152
H: -0.0550073 -0.0115277 0.0162737
L: -0.00554806 -0.0290306 0.544857
left
367
gcm: 0.571905 1.04742 0.950997
H: -0.0441782 -0.0124531 -0.00350937
L: -0.0103458 -0.00805136 0.557002
left
368
gcm: 0.572299 1.0477 0.959003
H: -0.0371486 -0.0177911 -0.0232421
L: 0.0279411 0.0200958 0.568395
left
369
gcm: 0.572572 1.04781 0.967016
H: -0.0434189 -0.0172972 -0.00753777
L: 0.0193991 0.00795914 0.568961
left
370
gcm: 0.572599 1.04788 0.974963
H: -0.0457379 -0.0156187 -0.00335072
L: 0.0019368 0.0042743 0.564225
left
371
gcm: 0.572684 1.04797 0.982697
H: -0.0434807 -0.0160223 0.00103283
L: 0.00605662 0.00702086 0.549119
left
372
gcm: 0.572697 1.04818 0.99071
H: -0.0454478 -0.013617 0.00587671
L: 0.000924959 0.0144793 0.56892
left
373
gcm: 0.572662 1.04865 0.998752
H: -0.0521244 -0.0135194 -0.00307917
L: -0.00255315 0.0332295 0.570979
left
374
gcm: 0.57293 1.04956 1.0065
H: -0.0178826 -0.00939062 -0.0032985
L: 0.0190477 0.064583 0.550014
left
375
gcm: 0.573199 1.05024 1.0142
H: -0.0168519 -0.00781905 0.0106069
L: 0.0191085 0.0484675 0.546877
left
376
gcm: 0.573337 1.0508 1.02186
H: -0.0205782 -0.00767079 0.00506106
L: 0.00977413 0.0399612 0.544092
left
377
gcm: 0.573592 1.05144 1.02988
H: -0.00483045 -0.00837712 -0.00585241
L: 0.0181373 0.0456535 0.568961
left
378
gcm: 0.573101 1.05075 1.03807
H: -0.00665937 -0.00418577 0.0259762
L: -0.0348774 -0.0492466 0.581666
left
379
gcm: 0.573716 1.04991 1.04493
H: -0.0228468 -0.00715312 -0.0106562
L: 0.0436572 -0.0593332 0.486969
left
380
gcm: 0.573875 1.04942 1.05246
H: -0.0176254 -0.0040706 0.00138206
L: 0.0113316 -0.0352348 0.534636
left
381
gcm: 0.57403 1.04979 1.06059
H: -0.0111752 -0.00407029 0.00506954
L: 0.0109763 0.0263226 0.577002
left
382
gcm: 0.574285 1.04971 1.06823
H: -0.0136526 -0.00664518 0.00178506
L: 0.0181301 -0.00590627 0.542614
left
383
gcm: 0.574664 1.04952 1.07519
H: -0.007868 -0.00609017 0.000569354
L: 0.0269216 -0.013067 0.494554
left
384
gcm: 0.575183 1.04991 1.08283
H: 0.00251156 -0.00347885 0.00126608
L: 0.0368073 0.0275296 0.542058
left
385
gcm: 0.575542 1.05053 1.09106
H: 0.00308383 -0.00152315 0.00550359
L: 0.0254755 0.0441511 0.584116
left
386
gcm: 0.575616 1.05053 1.0988
H: -0.00985665 -0.00148673 0.0164285
L: 0.00528064 -0.000452008 0.549591
left
387
gcm: 0.575973 1.05046 1.10666
H: -0.00878749 -0.00182554 0.00617498
L: 0.0253531 -0.00452818 0.558609
left
388
gcm: 0.576528 1.05062 1.11477
H: -0.0511741 -0.010133 -0.00667002
L: 0.0394218 0.0115452 0.57553
left
389
gcm: 0.576685 1.05033 1.12214
H: -0.0593255 -0.00947832 0.0126838
L: 0.011109 -0.0209839 0.523446
left
390
gcm: 0.576807 1.04938 1.12946
H: -0.0216978 -0.0115871 0.0226302
L: 0.00865896 -0.0675702 0.519575
left
391
gcm: 0.577171 1.0489 1.13724
H: -0.0631102 -0.00732668 0.00999657
L: 0.0258816 -0.0340977 0.552644
left
392
gcm: 0.577736 1.04926 1.14476
H: -0.00493555 -0.0125536 0.0136531
L: 0.0400974 0.0260098 0.533659
left
393
gcm: 0.578778 1.04974 1.1516
H: -0.0370663 -0.00670236 -0.00624766
L: 0.0739875 0.0338008 0.485347
left
394
gcm: 0.578392 1.04939 1.15888
H: -0.0179509 -0.0065036 0.00882413
L: -0.0274153 -0.0244935 0.517374
left
395
gcm: 0.578778 1.04855 1.16718
H: 0.000965349 -0.00513983 0.00683339
L: 0.0273721 -0.0602477 0.588927
left
396
gcm: 0.579749 1.04743 1.17572
H: 0.000234055 -0.00422421 -0.00339057
L: 0.0689925 -0.0789013 0.606501
left
397
gcm: 0.580855 1.04758 1.18382
H: -0.0166613 -0.00334082 0.00142123
L: 0.0785268 0.010479 0.575296
left
398
gcm: 0.581419 1.04709 1.19176
H: -0.00663009 -0.00299202 0.016274
L: 0.040012 -0.0351865 0.563789
left
399
gcm: 0.581701 1.04638 1.20013
H: 0.0145368 -0.00159938 0.0126254
L: 0.020056 -0.0501149 0.594073
left
400
gcm: 0.582876 1.04553 1.20861
H: 0.0202079 -0.00536721 -0.0126939
L: 0.0833838 -0.0601963 0.60194
left
401
gcm: 0.584354 1.04469 1.21707
H: 0.0180312 -0.00446533 -0.0122218
L: 0.104941 -0.0594887 0.600948
left
402
gcm: 0.584999 1.04364 1.22575
H: 0.0172653 -0.000820623 0.0105837
L: 0.0458045 -0.0747156 0.616136
left
403
gcm: 0.585612 1.04243 1.23463
H: 0.035927 -0.0016161 0.00101366
L: 0.0435348 -0.086147 0.630216
left
404
gcm: 0.586831 1.04129 1.24355
H: 0.0379282 -0.00525474 -0.0158941
L: 0.0865346 -0.0811676 0.633694
left
405
gcm: 0.588019 1.03917 1.25243
H: 0.0353571 -0.00533264 -0.00916264
L: 0.0843319 -0.150365 0.630219
left
406
gcm: 0.589244 1.03763 1.2615
H: 0.0434018 -0.00280561 -0.00808056
L: 0.0869951 -0.109104 0.643973
left
407
gcm: 0.591245 1.03638 1.27054
H: 0.0418872 -0.00414504 -0.0266566
L: 0.142046 -0.0889019 0.641997
left
408
gcm: 0.591238 1.03471 1.28009
H: 0.0520123 0.000354259 0.00762403
L: -0.000443164 -0.118414 0.677821
left
409
gcm: 0.593158 1.03399 1.28847
H: 0.00863085 -0.00227757 -0.00903903
L: 0.136267 -0.0511925 0.595323
left
410
gcm: 0.594603 1.0343 1.29758
H: 0.015758 0.000884808 0.00697364
L: 0.10265 0.0218997 0.646822
left
411
gcm: 0.595827 1.03551 1.30628
H: 0.0126875 -0.000507053 0.00520823
L: 0.0869092 0.085651 0.617685
left
412
gcm: 0.597537 1.03578 1.31572
H: 0.0502112 -0.00243453 -0.00130577
L: 0.121365 0.0192461 0.670251
left
413
gcm: 0.599407 1.03614 1.32551
H: 0.052707 -0.00181983 -0.000561892
L: 0.132796 0.0257458 0.694575
left
414
gcm: 0.601328 1.03613 1.33595
H: 0.0905271 -0.000610076 -0.0177053
L: 0.136393 -0.000768828 0.741361
left
415
gcm: 0.603266 1.03606 1.34638
H: 0.0810995 -0.00160302 -0.0159023
L: 0.137594 -0.00461968 0.740417
none 
416
gcm: 0.605079 1.03536 1.35601
H: 0.0646443 -0.00339878 -0.0135171
L: 0.128709 -0.0502158 0.683901
none 
417
gcm: 0.606417 1.03573 1.36519
H: 0.025293 -0.00261354 -0.0132973
L: 0.0950263 0.0262994 0.652176
none 
418
gcm: 0.607486 1.03587 1.37412
H: 0.0178138 -0.00153334 0.00259378
L: 0.075904 0.0104912 0.633897
none 
419
gcm: 0.608982 1.036 1.3842
H: 0.0512107 0.00253456 -0.00488935
L: 0.1062 0.00912273 0.715659
none 
420
gcm: 0.610781 1.03637 1.39376
H: 0.0341649 0.00368187 -0.009563
L: 0.127702 0.0263195 0.678836
none 
421
gcm: 0.612284 1.03689 1.40374
H: 0.018768 0.00403631 -0.00258327
L: 0.106725 0.0365131 0.708102
right
422
gcm: 0.614041 1.03865 1.41438
H: 0.0122828 -0.000957031 -0.0105688
L: 0.124754 0.124875 0.755656
right
423
gcm: 0.616244 1.03982 1.42479
H: 0.0179682 -0.0034476 -0.00409487
L: 0.156411 0.0834845 0.738896
right
424
gcm: 0.617885 1.04097 1.43424
H: 0.0078367 0.00700645 -0.0257528
L: 0.116482 0.0811913 0.671561
right
425
gcm: 0.619687 1.04208 1.44454
H: 0.0422797 -0.00422171 -0.0192849
L: 0.127973 0.0791999 0.730797
right
426
gcm: 0.621326 1.04355 1.45386
H: 0.00744577 0.000600155 -0.0125739
L: 0.116353 0.104018 0.661917
right
427
gcm: 0.622516 1.04502 1.4626
H: -0.0161368 0.00629126 -0.0199772
L: 0.0844999 0.104428 0.620541
right
428
gcm: 0.623666 1.04631 1.47112
H: -0.00104348 0.00115544 -0.0127719
L: 0.0816324 0.0917287 0.60462
right
429
gcm: 0.624903 1.04792 1.47953
H: -0.0195932 0.00423385 -0.00991188
L: 0.0878355 0.114592 0.597495
right
430
gcm: 0.6264 1.04966 1.48848
H: -0.0261728 -0.000305874 -0.00836952
L: 0.10628 0.123119 0.635282
right
431
gcm: 0.627822 1.05124 1.49777
H: 0.00589579 0.000626988 -0.0104057
L: 0.100957 0.112461 0.659729
right
432
gcm: 0.628658 1.05274 1.50526
H: -0.031421 -0.00112462 0.0151121
L: 0.0593691 0.106775 0.531732
right
433
gcm: 0.629546 1.05396 1.51434
H: 0.0393068 -0.000373562 -0.00611182
L: 0.0630439 0.0862226 0.644579
right
434
gcm: 0.629388 1.05366 1.52046
H: -0.0394323 0.00635425 0.0124461
L: -0.0111826 -0.0208857 0.434729
right
435
gcm: 0.632471 1.0574 1.53196
H: -0.00611997 -0.00064589 -0.00151788
L: 0.218867 0.265333 0.816345
right
436
gcm: 0.634846 1.05871 1.54234
H: -0.00990506 -0.000115543 0.00828821
L: 0.168613 0.0927281 0.73702
right
437
gcm: 0.633593 1.05937 1.54776
H: -0.0289916 -0.00124661 -0.00301789
L: -0.0889747 0.0473008 0.384865
right
438
gcm: 0.633043 1.05997 1.55388
H: -0.0171885 -0.00026514 0.0222644
L: -0.0390243 0.0425029 0.434539
right
439
gcm: 0.635373 1.06198 1.56345
H: 0.0191267 -0.00743948 0.000847775
L: 0.165454 0.142537 0.679424
right
440
gcm: 0.635375 1.06288 1.56988
H: -0.0385982 -0.00440764 0.0194292
L: 0.000153087 0.0638313 0.45646
right
441
gcm: 0.639312 1.0662 1.58166
H: -0.0435872 -0.000602705 0.00777961
L: 0.279472 0.235751 0.836212
right
442
gcm: 0.641236 1.06768 1.59159
H: -0.017396 -0.00372279 -0.025031
L: 0.136633 0.105128 0.70515
right
443
gcm: 0.641606 1.06964 1.601
H: -0.00329259 0.0112698 0.0114235
L: 0.0262906 0.139161 0.668085
right
444
gcm: 0.641302 1.0691 1.60719
H: -0.0555443 0.00885719 0.0341752
L: -0.0216139 -0.0385516 0.439535
right
445
gcm: 0.641677 1.07125 1.61482
H: -0.00425723 0.00915044 0.015896
L: 0.0266455 0.153136 0.54158
right
446
gcm: 0.642256 1.07111 1.62169
H: 0.00322449 0.00468059 0.0139358
L: 0.0411054 -0.00993736 0.488226
right
447
gcm: 0.643369 1.07069 1.62962
H: 0.035304 -0.000477445 0.000145528
L: 0.0789881 -0.0299019 0.562592
right
448
gcm: 0.643788 1.07079 1.6371
H: -0.0316291 0.0160447 -0.0008773
L: 0.0297557 0.006857 0.531219
right
449
gcm: 0.6438 1.07097 1.64394
H: -0.0375405 0.0146834 0.0213942
L: 0.000842716 0.0127362 0.485391
right
450
gcm: 0.645122 1.07112 1.65253
H: 0.0220531 0.00292655 -0.00928289
L: 0.0938885 0.0103729 0.610311
right
451
gcm: 0.646515 1.07125 1.66086
H: 0.00971537 0.0031673 -0.0200314
L: 0.0988648 0.00957326 0.591618
right
452
gcm: 0.647018 1.07153 1.66835
H: -0.0346934 0.0134807 -0.00543379
L: 0.0357805 0.0196516 0.531614
right
453
gcm: 0.647478 1.07185 1.67638
H: -0.0352473 0.0150004 0.0152939
L: 0.0326046 0.0228715 0.570151
right
454
gcm: 0.647874 1.07124 1.68399
H: -0.0432299 0.0156046 0.00288313
L: 0.0281189 -0.0431609 0.540329
right
455
gcm: 0.648446 1.06995 1.69161
H: -0.0238102 0.0142994 -0.00153555
L: 0.0406173 -0.0913341 0.540919
right
456
gcm: 0.648891 1.06851 1.69945
H: -0.0459123 0.0156925 0.0152143
L: 0.0315977 -0.102454 0.556692
right
457
gcm: 0.64939 1.06749 1.70702
H: -0.0289388 0.0114424 -0.0147913
L: 0.0354042 -0.072271 0.537475
right
458
gcm: 0.650416 1.06674 1.71515
H: -0.0105222 0.0105557 -0.0123807
L: 0.072875 -0.0532252 0.577377
right
459
gcm: 0.650827 1.06682 1.72236
H: -0.0398568 0.0119469 -0.00344679
L: 0.0292028 0.00523346 0.511419
right
460
gcm: 0.651042 1.06715 1.73024
H: -0.0625647 0.0093378 9.81878e-05
L: 0.0152202 0.0233269 0.559641
right
461
gcm: 0.651904 1.06695 1.73838
H: -0.0576645 0.0116567 -0.00609574
L: 0.0612211 -0.0142926 0.577682
right
462
gcm: 0.652375 1.06722 1.74624
H: -0.0394174 0.0140665 0.0124428
L: 0.0334259 0.0194365 0.558157
right
463
gcm: 0.652389 1.06784 1.75331
H: -0.0330342 0.0124459 0.0234481
L: 0.000989514 0.044394 0.502259
right
464
gcm: 0.652852 1.06738 1.76051
H: -0.0255055 0.00578819 -0.0124574
L: 0.0329047 -0.0329658 0.510982
right
465
gcm: 0.65338 1.06647 1.76864
H: -0.0748152 0.00625295 -0.00837919
L: 0.0375084 -0.0646327 0.57709
right
466
gcm: 0.653251 1.06633 1.77582
H: -0.0347967 0.0113977 0.0173158
L: -0.00921675 -0.0101063 0.510182
right
467
gcm: 0.653594 1.06759 1.78413
H: -0.0548206 0.0110158 0.00791672
L: 0.0243676 0.0895363 0.589681
right
468
gcm: 0.654541 1.06797 1.79147
H: -0.0317865 0.00528399 -0.0161153
L: 0.0672721 0.0268432 0.521366
right
469
gcm: 0.654915 1.06678 1.79941
H: -0.0728454 0.0112203 -0.00658392
L: 0.0265443 -0.0843095 0.563703
right
470
gcm: 0.654494 1.06663 1.80664
H: -0.0310285 0.0115261 0.0146357
L: -0.0298767 -0.0107943 0.513248
right
471
gcm: 0.654763 1.06739 1.81391
H: -0.0368936 0.00885231 0.00470532
L: 0.019104 0.0538617 0.51647
right
472
gcm: 0.655434 1.06734 1.82145
H: 0.0022189 -0.000724829 -0.0109602
L: 0.047601 -0.00294194 0.535081
right
473
gcm: 0.655583 1.06706 1.82911
H: -0.0371508 0.00554012 -0.00300153
L: 0.0106263 -0.0198414 0.543934
right
474
gcm: 0.6556 1.06765 1.83735
H: -0.0188729 0.00403197 0.00280435
L: 0.001163 0.0413707 0.585034
right
475
gcm: 0.656027 1.06808 1.84588
H: -0.0341528 0.00396923 -0.00400131
L: 0.0303228 0.0305516 0.605892
right
476
gcm: 0.6562 1.06725 1.85317
H: -0.0530413 0.0124817 -0.000740866
L: 0.0123046 -0.0589092 0.517257
right
477
gcm: 0.655961 1.06598 1.8594
H: -0.071303 0.0145073 -0.000380551
L: -0.0170002 -0.0898054 0.442689
right
478
gcm: 0.655787 1.06607 1.86743
H: -0.0926678 0.00711691 0.00192857
L: -0.0123156 0.00637215 0.569633
right
479
gcm: 0.655594 1.06636 1.87538
H: -0.0261517 0.0142069 0.00617473
L: -0.0137585 0.0201597 0.564328
right
480
gcm: 0.655605 1.06631 1.88356
H: -0.0278322 0.00830869 0.00297239
L: 0.000826541 -0.00359815 0.581032
right
481
gcm: 0.656003 1.06609 1.8911
H: -0.0478717 0.00493382 -0.0193229
L: 0.0282301 -0.0156895 0.535226
right
482
gcm: 0.656271 1.06574 1.89819
H: -0.0160082 0.0086294 -0.0135944
L: 0.0190348 -0.0241643 0.503564
right
483
gcm: 0.656453 1.06525 1.90622
H: -0.0121575 0.00570845 -0.00134084
L: 0.0129658 -0.0350492 0.569965
right
484
gcm: 0.656016 1.06477 1.9141
H: -0.0266401 0.0076137 0.00368213
L: -0.0310636 -0.0340744 0.559647
right
485
gcm: 0.655595 1.06441 1.92255
H: -0.0322905 0.00609438 0.000110357
L: -0.0299032 -0.0256207 0.600138
right
486
gcm: 0.655587 1.06403 1.93191
H: -0.0293224 0.00450886 -0.0172019
L: -0.000540802 -0.0272806 0.664497
right
487
gcm: 0.655416 1.06312 1.94051
H: -0.040405 0.00619473 -0.0135046
L: -0.0121245 -0.0643507 0.610136
right
488
gcm: 0.654581 1.06207 1.9488
H: -0.0440534 0.00501012 -0.00118983
L: -0.0593059 -0.0744245 0.589277
right
489
gcm: 0.653488 1.06113 1.9573
H: -0.0374863 0.00620763 0.0167843
L: -0.0776275 -0.0669043 0.603093
right
490
gcm: 0.653193 1.06011 1.96575
H: 0.00498552 0.00411881 -0.00407209
L: -0.0209427 -0.0726743 0.599762
right
491
gcm: 0.653086 1.05912 1.97464
H: 0.0235017 -0.00200879 -0.0105923
L: -0.00755931 -0.0697569 0.631203
right
492
gcm: 0.652794 1.05762 1.98325
H: 0.037573 0.00324987 0.00526393
L: -0.020729 -0.106437 0.611253
right
493
gcm: 0.652005 1.05609 1.99173
H: 0.02253 0.00215623 -0.00191189
L: -0.056056 -0.109059 0.602459
right
494
gcm: 0.650912 1.05439 2.00016
H: 0.00424667 0.00652254 0.00732529
L: -0.0775887 -0.120801 0.598366
right
495
gcm: 0.649956 1.05329 2.0086
H: 0.00934509 0.00476457 0.00673501
L: -0.0678922 -0.0775586 0.598985
right
496
gcm: 0.649238 1.05278 2.0173
H: 0.00445029 -0.000207675 0.0049214
L: -0.0509962 -0.0366239 0.618131
right
497
gcm: 0.648397 1.05056 2.02644
H: 0.00932913 0.00221548 0.00194276
L: -0.0597033 -0.15724 0.648825
right
498
gcm: 0.647039 1.04731 2.03535
H: 0.000484372 0.00491109 0.0193245
L: -0.0964108 -0.231277 0.632391
right
499
gcm: 0.645513 1.04575 2.04417
H: 0.0115925 0.00177128 0.0154363
L: -0.108301 -0.110485 0.62631
right
500
gcm: 0.644065 1.04454 2.05311
H: 0.0382505 0.00185663 0.00608663
L: -0.102853 -0.0857321 0.635043
right
501
gcm: 0.643452 1.04211 2.06314
H: 0.030636 1.46421e-06 -0.0123338
L: -0.0435056 -0.172846 0.711758
right
502
gcm: 0.642656 1.04038 2.07298
H: 0.0282245 -0.000409938 -0.0110554
L: -0.0565412 -0.122621 0.699043
right
503
gcm: 0.641147 1.04011 2.08282
H: 0.0426929 0.00291116 0.00545074
L: -0.10714 -0.0193474 0.69824
right
504
gcm: 0.638783 1.04059 2.09281
H: 0.0317789 0.00663497 0.0303533
L: -0.167798 0.0343403 0.709668
right
505
gcm: 0.637704 1.04036 2.10282
H: 0.0354242 0.000956174 -0.0146575
L: -0.076607 -0.0164205 0.710718
right
506
gcm: 0.635899 1.04015 2.11335
H: 0.0460659 0.00123116 -0.00608446
L: -0.128179 -0.0149421 0.74746
right
507
gcm: 0.634541 1.03942 2.1235
H: 0.0481054 0.00107572 0.00617598
L: -0.0964349 -0.0516544 0.720785
right
508
gcm: 0.633488 1.03914 2.1328
H: 0.0372088 0.000613827 -0.00845686
L: -0.074742 -0.0204352 0.660377
right
509
gcm: 0.631219 1.03982 2.14355
H: 0.0602106 -0.00345125 -0.0117096
L: -0.161126 0.0487605 0.762983
none 
510
gcm: 0.629089 1.04043 2.15333
H: 0.0257488 0.00174758 0.0310374
L: -0.151227 0.0429317 0.694552
none 
511
gcm: 0.627208 1.04062 2.16321
H: 0.0321213 0.00631562 0.0122565
L: -0.133497 0.0137025 0.701367
none 
512
gcm: 0.625186 1.04098 2.17211
H: 0.0203345 0.000106202 0.00470613
L: -0.143598 0.0258565 0.632071
none 
513
gcm: 0.623404 1.04168 2.18001
H: -0.00916456 -0.00472655 0.0135881
L: -0.126494 0.0493469 0.560728
none 
514
gcm: 0.622086 1.04258 2.18998
H: 0.0442752 0.00295945 -0.0102421
L: -0.0935812 0.0639515 0.707773
left
515
gcm: 0.620473 1.04313 2.19933
H: 0.0134131 0.00114514 0.0159973
L: -0.114562 0.038759 0.664009
left
516
gcm: 0.619076 1.04301 2.21138
H: 0.0476858 -0.00655737 0.0157447
L: -0.0991467 -0.00802147 0.855807
left
516
gcm: 0.619076 1.04301 2.21138
H: 0 0 0
L: 0 0 0
none 
