:metadata
 
Skeleton: /home/sophie/workspace/mocapPlayer/mocapPlayer/mocapPlayer/07-walk.asf
Motion: /home/sophie/workspace/mocapPlayer/mocapPlayer/mocapPlayer/07_05-walk.amc
Mass Distribution: /home/sophie/workspace/mocapPlayer/amd/NHR03-06.amd
 
Inital skeleton translation: 0 0 0
Initial skeleton rotation: 0 0 0
 
:data
1
gcm: 0.46183 0.983035 -2.17099
H: -0.0434704 -0.387787 -0.741655
L: 0.0436104 -0.0106006 0.517458
left
2
gcm: 0.461942 0.982535 -2.16414
H: -0.0829194 -0.304285 -0.10672
L: 0.00799299 -0.0354685 0.486134
left
3
gcm: 0.461698 0.982292 -2.15719
H: -0.193718 0.121828 0.585642
L: -0.0173309 -0.0173021 0.49366
left
4
gcm: 0.462115 0.982301 -2.14961
H: 0.393794 -0.0419714 0.482248
L: 0.0295837 0.000674889 0.537762
left
5
gcm: 0.462842 0.982466 -2.14196
H: -0.287653 -0.250461 -0.0795133
L: 0.0516753 0.0117354 0.543187
left
6
gcm: 0.46353 0.983171 -2.13449
H: -0.288861 -0.217578 -0.185141
L: 0.0488209 0.0500426 0.530744
left
7
gcm: 0.463867 0.983354 -2.12706
H: 0.132528 0.00619945 0.213458
L: 0.0238998 0.0129898 0.527686
left
8
gcm: 0.464289 0.982345 -2.11983
H: 0.436349 0.0257831 -0.0376618
L: 0.0299809 -0.0716521 0.512792
left
9
gcm: 0.46458 0.982324 -2.1125
H: -0.243462 -0.0109647 0.433522
L: 0.0206329 -0.00146828 0.520278
left
10
gcm: 0.464953 0.982669 -2.10514
H: -3.51311 -0.456105 0.313063
L: 0.0265296 0.0244545 0.522981
left
11
gcm: 0.465622 0.982399 -2.0977
H: -3.37229 -0.405336 -0.0139461
L: 0.0474632 -0.0191833 0.52798
left
12
gcm: 0.466237 0.982466 -2.09018
H: -1.99622 -0.225027 1.19605
L: 0.0436894 0.00477926 0.533811
left
13
gcm: 0.466674 0.982175 -2.08278
H: -2.61733 -0.143016 0.855137
L: 0.0310275 -0.0206885 0.525779
left
14
gcm: 0.466962 0.981063 -2.07535
H: -2.58496 -0.0661467 1.35368
L: 0.0204102 -0.0789523 0.527248
left
15
gcm: 0.467592 0.980181 -2.06764
H: -1.26153 -0.249424 1.12728
L: 0.0447384 -0.0625745 0.547358
left
16
gcm: 0.468326 0.979516 -2.06007
H: -2.16617 -0.287391 0.873941
L: 0.0521186 -0.0472406 0.537745
left
17
gcm: 0.468956 0.979383 -2.05255
H: -2.13199 0.0771111 1.43416
L: 0.0447296 -0.00945065 0.533552
left
18
gcm: 0.469047 0.97981 -2.04473
H: -0.558518 0.292162 1.20619
L: 0.0064519 0.0303348 0.555459
left
19
gcm: 0.467711 0.979967 -2.03888
H: -3.07566 0.533462 1.93337
L: -0.0948143 0.0111829 0.4152
left
20
gcm: 0.468706 0.97952 -2.03124
H: -1.17196 -0.233627 0.161986
L: 0.0706376 -0.0317921 0.54276
left
21
gcm: 0.471734 0.978555 -2.02196
H: 1.16026 -0.509296 -1.67234
L: 0.214993 -0.0684788 0.658724
left
22
gcm: 0.470526 0.978176 -2.01667
H: 0.679421 0.0559794 2.41208
L: -0.0858027 -0.0269395 0.375482
left
23
gcm: 0.474354 0.976062 -2.00623
H: 1.73706 0.0829649 -1.19705
L: 0.271843 -0.150078 0.741762
left
24
gcm: 0.474502 0.976335 -1.99794
H: 2.17329 0.537926 1.57004
L: 0.0104738 0.0194053 0.588502
left
25
gcm: 0.476808 0.976037 -1.99005
H: 0.669208 -0.616373 -1.44516
L: 0.16375 -0.0211863 0.560005
left
26
gcm: 0.477455 0.975279 -1.9821
H: 1.3051 -0.110099 0.466787
L: 0.0459245 -0.0537868 0.564325
left
27
gcm: 0.478417 0.973631 -1.97404
H: 1.12563 -0.0627531 -0.573071
L: 0.0683098 -0.117043 0.572028
left
28
gcm: 0.480124 0.973423 -1.96499
H: 1.80068 -0.0536249 -1.3278
L: 0.121208 -0.0147811 0.642937
left
29
gcm: 0.481995 0.973139 -1.95605
H: 3.52655 -0.158655 -0.129094
L: 0.132819 -0.0201515 0.634621
left
30
gcm: 0.483564 0.972736 -1.94747
H: 2.41442 0.0408451 -0.50918
L: 0.111413 -0.0285817 0.609063
none 
31
gcm: 0.485003 0.972145 -1.93868
H: 3.32274 -0.0441135 -0.399756
L: 0.102129 -0.0419771 0.624253
left
32
gcm: 0.486589 0.971478 -1.92943
H: 3.08515 -0.00525211 0.119875
L: 0.11266 -0.0473712 0.65677
left
33
gcm: 0.488222 0.972242 -1.91999
H: 2.89201 0.0599925 0.0260926
L: 0.115903 0.0542327 0.669934
left
34
gcm: 0.490142 0.972505 -1.91093
H: 2.52852 0.0303387 -0.38864
L: 0.136326 0.0186818 0.64378
left
35
gcm: 0.492256 0.971131 -1.90214
H: 2.9642 -0.0555744 -0.567851
L: 0.150067 -0.0975382 0.623982
left
36
gcm: 0.494154 0.970365 -1.89311
H: 4.2163 -0.150404 -0.427644
L: 0.134798 -0.0543647 0.641312
none 
37
gcm: 0.496443 0.970606 -1.8835
H: 3.45233 0.217502 -1.33065
L: 0.162533 0.0171017 0.682195
none 
38
gcm: 0.499386 0.970795 -1.87332
H: 3.66587 0.010142 -1.65356
L: 0.208953 0.0133836 0.722911
right
39
gcm: 0.500271 0.971327 -1.86468
H: 1.95808 0.537225 0.186552
L: 0.0628054 0.037772 0.613339
none 
40
gcm: 0.501472 0.97135 -1.85573
H: 2.32367 0.557665 -0.207763
L: 0.0852764 0.00163081 0.634929
none 
41
gcm: 0.50405 0.97084 -1.84644
H: 3.11034 -0.319635 -0.0285206
L: 0.183026 -0.0362193 0.659988
none 
42
gcm: 0.506311 0.970067 -1.83737
H: 2.85686 -0.215154 -0.00422213
L: 0.160513 -0.0548753 0.64397
right
43
gcm: 0.508038 0.973738 -1.82734
H: 1.76483 0.194067 -1.32883
L: 0.122624 0.260638 0.712145
right
44
gcm: 0.510116 0.974751 -1.81671
H: 0.37805 0.208764 -0.941863
L: 0.147586 0.0719293 0.754451
right
45
gcm: 0.512166 0.975267 -1.80671
H: 0.236764 0.046291 0.110284
L: 0.145534 0.0366249 0.709935
right
46
gcm: 0.51438 0.976502 -1.79668
H: -0.430784 0.35044 -0.413527
L: 0.157213 0.0876874 0.712307
right
47
gcm: 0.51678 0.978323 -1.78671
H: -0.233918 0.303625 -1.34322
L: 0.170393 0.129303 0.708082
right
48
gcm: 0.519132 0.979857 -1.77692
H: 0.68879 0.289417 -1.62162
L: 0.166945 0.108917 0.695153
right
49
gcm: 0.521198 0.980757 -1.76754
H: 0.0137477 0.442172 -0.886382
L: 0.146728 0.0638835 0.665865
right
50
gcm: 0.523021 0.981539 -1.75858
H: -0.0685858 0.31509 -0.131075
L: 0.129429 0.0555593 0.63593
right
51
gcm: 0.524768 0.982917 -1.74969
H: -0.234529 0.246243 -0.858795
L: 0.124004 0.0978551 0.63148
right
52
gcm: 0.526478 0.984731 -1.74085
H: 0.899827 -0.254247 -0.543749
L: 0.121431 0.128765 0.627323
right
53
gcm: 0.528163 0.986371 -1.73219
H: 0.439484 -0.268236 0.386185
L: 0.11965 0.116415 0.615242
right
54
gcm: 0.529949 0.98784 -1.72356
H: -0.840892 0.199371 0.185844
L: 0.1268 0.104302 0.612837
right
55
gcm: 0.531671 0.989261 -1.7149
H: -0.592988 0.223749 -0.603646
L: 0.122256 0.100921 0.61457
right
56
gcm: 0.533379 0.990906 -1.70616
H: 0.0940164 0.262773 -0.741848
L: 0.121273 0.116783 0.62059
right
57
gcm: 0.535067 0.992637 -1.69729
H: 0.00906881 0.266247 -0.38981
L: 0.119818 0.122934 0.629344
right
58
gcm: 0.536306 0.994169 -1.68898
H: -1.33154 0.660837 -0.150309
L: 0.0879651 0.108741 0.590175
right
59
gcm: 0.537687 0.995689 -1.68139
H: -2.29179 0.517068 0.0490512
L: 0.0980544 0.10791 0.538954
right
60
gcm: 0.539561 0.99703 -1.67352
H: -2.48726 0.483815 -0.691483
L: 0.133052 0.0951977 0.55894
right
61
gcm: 0.541117 0.998311 -1.66532
H: -2.37967 0.586546 -0.526008
L: 0.110485 0.0910084 0.582362
right
62
gcm: 0.542347 0.999666 -1.65748
H: -1.0983 0.529146 -0.173966
L: 0.0873295 0.0961856 0.55644
right
63
gcm: 0.543556 1.00138 -1.6497
H: -2.32162 0.715334 -0.566356
L: 0.0858542 0.121704 0.552372
right
64
gcm: 0.544557 1.00284 -1.64186
H: -0.526442 0.283172 -0.0522904
L: 0.0711036 0.103475 0.556327
right
65
gcm: 0.545311 1.00432 -1.63434
H: -0.621146 0.401584 0.241642
L: 0.0534832 0.105214 0.533924
right
66
gcm: 0.54622 1.00531 -1.62727
H: -0.67544 0.550562 -0.150416
L: 0.0645222 0.0701102 0.502537
right
67
gcm: 0.547456 1.00618 -1.61997
H: -0.993929 0.52717 -0.482702
L: 0.0877642 0.0622367 0.517716
right
68
gcm: 0.548612 1.00729 -1.61245
H: -0.308864 0.284759 -0.101061
L: 0.0820782 0.078405 0.534404
right
69
gcm: 0.549498 1.00799 -1.60498
H: 0.135473 0.39398 0.568232
L: 0.0629098 0.0500841 0.530475
right
70
gcm: 0.550225 1.00851 -1.59741
H: -0.30314 0.539011 0.702604
L: 0.0516375 0.0368533 0.537155
right
71
gcm: 0.551106 1.00886 -1.59048
H: -1.12211 0.44323 -0.0889152
L: 0.0625258 0.0248976 0.492304
right
72
gcm: 0.551985 1.00876 -1.58375
H: -2.23691 0.616434 -0.591841
L: 0.0624185 -0.00711126 0.477597
right
73
gcm: 0.552795 1.00902 -1.57614
H: -0.932371 0.414912 -0.21409
L: 0.0574969 0.0182518 0.540561
right
74
gcm: 0.553594 1.00936 -1.56849
H: -0.944289 0.333809 0.0902683
L: 0.0567751 0.0239875 0.542879
right
75
gcm: 0.554261 1.00928 -1.56124
H: -1.11977 0.685657 1.49352
L: 0.0473556 -0.00584806 0.514489
right
76
gcm: 0.554909 1.00836 -1.55396
H: -1.88128 0.73454 -0.226828
L: 0.0459666 -0.0653059 0.517237
right
77
gcm: 0.55585 1.0079 -1.54651
H: -1.02646 0.536537 -1.42928
L: 0.0668024 -0.0326225 0.528977
right
78
gcm: 0.556725 1.00739 -1.53913
H: -1.22891 0.616279 -0.434994
L: 0.0621886 -0.0362255 0.523535
right
79
gcm: 0.557418 1.00704 -1.53186
H: -2.21257 0.808556 0.393748
L: 0.0491635 -0.0244047 0.516173
right
80
gcm: 0.557992 1.00666 -1.5246
H: -2.49264 0.78257 0.452804
L: 0.0407947 -0.0268743 0.516057
right
81
gcm: 0.558455 1.00645 -1.51722
H: -2.18116 0.783879 -0.0203363
L: 0.0328399 -0.0153916 0.523729
right
82
gcm: 0.55897 1.006 -1.50977
H: -1.07819 0.760435 -0.304652
L: 0.0365592 -0.0319374 0.529024
right
83
gcm: 0.559555 1.00507 -1.50231
H: -1.44829 0.702064 -0.368959
L: 0.041514 -0.0656734 0.52927
right
84
gcm: 0.560003 1.00432 -1.49475
H: -2.20553 0.695272 -0.287127
L: 0.0318337 -0.0531731 0.536957
right
85
gcm: 0.560449 1.00354 -1.48721
H: -2.31687 0.702638 -0.0870952
L: 0.0316639 -0.0553235 0.535566
right
86
gcm: 0.560896 1.00293 -1.4797
H: -2.6305 0.719757 -0.0140829
L: 0.0317153 -0.0437377 0.533183
right
87
gcm: 0.56121 1.0028 -1.4721
H: -2.56041 0.799872 -0.421691
L: 0.0222915 -0.00919165 0.539585
right
88
gcm: 0.561497 1.00269 -1.46481
H: -2.99312 0.838109 -0.0238702
L: 0.0204032 -0.00762382 0.517723
right
89
gcm: 0.561841 1.0024 -1.45766
H: -3.30934 0.751758 0.508503
L: 0.0244494 -0.0206689 0.507731
right
90
gcm: 0.562296 1.00201 -1.45023
H: -2.67784 0.620328 0.0582521
L: 0.0322641 -0.0275024 0.527435
right
91
gcm: 0.562737 1.00154 -1.44289
H: -1.91945 0.647094 -0.212111
L: 0.0313083 -0.0332803 0.520845
right
92
gcm: 0.563028 1.00103 -1.43589
H: -2.1637 0.686214 0.0231208
L: 0.0206646 -0.0362209 0.496932
right
93
gcm: 0.56336 1.001 -1.42874
H: -2.59612 0.655749 -0.447563
L: 0.0235715 -0.00273875 0.507896
right
94
gcm: 0.563875 1.00128 -1.42127
H: -3.32853 0.623044 -0.853376
L: 0.0365851 0.0203669 0.530453
right
95
gcm: 0.564331 1.0012 -1.41403
H: -3.37869 0.554044 -0.444857
L: 0.032341 -0.00613045 0.514158
right
96
gcm: 0.564455 1.00083 -1.40685
H: -2.97102 0.615989 -0.0167265
L: 0.00883847 -0.0261531 0.509502
right
97
gcm: 0.56428 1.00049 -1.39959
H: -3.13344 0.74794 0.416273
L: -0.0124456 -0.0240779 0.515484
right
98
gcm: 0.564243 1.00034 -1.3923
H: -2.87644 0.711338 0.215104
L: -0.00260353 -0.0101953 0.517201
right
99
gcm: 0.564531 1.00023 -1.38488
H: -3.08053 0.615956 -0.173361
L: 0.0204404 -0.00831819 0.527476
right
100
gcm: 0.564943 1.00007 -1.37742
H: -3.60949 0.568969 -0.485628
L: 0.0292358 -0.0110871 0.529111
right
101
gcm: 0.564998 1.00064 -1.37021
H: -0.896241 0.861376 -0.492608
L: 0.00393208 0.0404735 0.512271
right
102
gcm: 0.564824 1.00157 -1.36308
H: -1.9092 0.548305 0.127632
L: -0.0123923 0.0660992 0.506219
right
103
gcm: 0.564994 1.00144 -1.35568
H: -0.894229 0.909439 -0.134311
L: 0.0120696 -0.00909756 0.525462
right
104
gcm: 0.56518 1.00143 -1.34817
H: -1.36723 0.869864 -0.211707
L: 0.0132581 -0.000892684 0.533032
right
105
gcm: 0.565094 1.00204 -1.34084
H: -1.49555 0.886924 0.0950176
L: -0.00610235 0.0429431 0.520446
right
106
gcm: 0.564934 1.00139 -1.33364
H: -1.01716 0.888467 -0.0981058
L: -0.0113729 -0.0460968 0.511041
right
107
gcm: 0.564947 1.00026 -1.32645
H: -1.42733 0.430182 -0.457449
L: 0.00091931 -0.0800501 0.510588
right
108
gcm: 0.565175 1.00019 -1.31965
H: -2.50038 0.309397 0.270163
L: 0.0162148 -0.00468625 0.482558
right
109
gcm: 0.564506 1.00029 -1.31237
H: -1.58593 0.297521 -0.873364
L: -0.0475514 0.00681444 0.517077
right
110
gcm: 0.564003 1.0001 -1.30444
H: -1.94676 0.394983 -0.276942
L: -0.0356696 -0.0132667 0.563303
right
111
gcm: 0.563908 0.999587 -1.29635
H: -1.81688 0.365521 -0.270876
L: -0.00677437 -0.0365981 0.574155
right
112
gcm: 0.56394 0.999095 -1.28854
H: -0.916933 0.283079 -0.44344
L: 0.00229017 -0.0349659 0.554655
right
113
gcm: 0.563702 0.998541 -1.28077
H: -1.43214 0.192331 -0.561771
L: -0.0169019 -0.0393022 0.551893
right
114
gcm: 0.563393 0.997466 -1.27276
H: -1.64976 0.0815393 -0.602637
L: -0.0219369 -0.0763822 0.568683
right
115
gcm: 0.563041 0.996167 -1.26474
H: -1.17658 0.120947 -0.287942
L: -0.0249772 -0.0922208 0.569077
right
116
gcm: 0.562475 0.995059 -1.25692
H: -1.18235 0.184988 -0.319126
L: -0.0401863 -0.0786215 0.554964
right
117
gcm: 0.562004 0.994303 -1.24881
H: -0.438602 0.0740138 -0.608459
L: -0.0334611 -0.0537221 0.576241
right
118
gcm: 0.561639 0.994022 -1.24065
H: -0.0168525 -0.0105089 -0.367532
L: -0.0258988 -0.0199069 0.579489
right
119
gcm: 0.560841 0.993615 -1.23274
H: -0.624792 -0.0198333 -0.124446
L: -0.0566608 -0.0288903 0.561406
right
120
gcm: 0.559939 0.992789 -1.22456
H: -0.945142 -0.119968 -0.466538
L: -0.0640373 -0.0586719 0.580966
right
121
gcm: 0.559258 0.991421 -1.21624
H: 0.0802722 -0.00170993 -0.377379
L: -0.048385 -0.0971276 0.590507
right
122
gcm: 0.558409 0.99018 -1.20795
H: -0.0666302 0.130379 -0.0505965
L: -0.0602949 -0.0881496 0.588794
right
123
gcm: 0.557316 0.989741 -1.19945
H: 0.493743 0.117128 0.464951
L: -0.0775503 -0.0311156 0.603106
right
124
gcm: 0.556279 0.989379 -1.19082
H: 1.20321 0.0475548 0.0178415
L: -0.0736844 -0.0257254 0.612718
right
125
gcm: 0.555617 0.988734 -1.18209
H: 0.967658 -0.0870969 -0.499724
L: -0.0469562 -0.0458244 0.619843
right
126
gcm: 0.554807 0.987714 -1.17319
H: 0.902174 0.0561678 0.315087
L: -0.0575062 -0.0723752 0.631773
right
127
gcm: 0.553409 0.986748 -1.16397
H: 0.604301 0.221867 0.843594
L: -0.0992615 -0.0685842 0.654847
right
128
gcm: 0.551986 0.986328 -1.15474
H: 0.925971 0.106962 0.433995
L: -0.101047 -0.0298053 0.655473
right
129
gcm: 0.550892 0.985752 -1.14558
H: 2.45196 -0.0232938 0.0129499
L: -0.0777099 -0.0409414 0.649936
right
130
gcm: 0.549762 0.98447 -1.13636
H: 3.02052 0.135241 0.309012
L: -0.0802149 -0.0910059 0.655253
right
131
gcm: 0.548215 0.983234 -1.12707
H: 1.69745 0.0472723 0.554985
L: -0.109815 -0.0877515 0.65938
right
132
gcm: 0.546721 0.983101 -1.11745
H: 2.09057 -0.141694 0.433492
L: -0.106111 -0.00946656 0.682679
right
133
gcm: 0.545392 0.98376 -1.10732
H: 2.51248 -0.0857208 0.197549
L: -0.0943307 0.046797 0.719706
right
134
gcm: 0.543508 0.984385 -1.0973
H: 2.16371 0.00332176 0.683451
L: -0.133787 0.0444034 0.71092
right
135
gcm: 0.541482 0.984607 -1.08751
H: 2.63237 0.0387634 0.635498
L: -0.143816 0.0157434 0.695099
none 
136
gcm: 0.539769 0.984418 -1.07756
H: 3.78849 0.0842591 0.826128
L: -0.121605 -0.013417 0.70668
none 
137
gcm: 0.538044 0.983917 -1.06766
H: 3.8894 0.127235 1.15166
L: -0.122506 -0.0355618 0.702646
none 
138
gcm: 0.536594 0.98337 -1.05785
H: 2.7538 0.0252041 1.10771
L: -0.102972 -0.0388513 0.696945
none 
139
gcm: 0.535176 0.983366 -1.04797
H: 2.63001 0.00843993 0.547129
L: -0.10064 -0.000309452 0.70143
none 
140
gcm: 0.533338 0.983811 -1.03806
H: 2.59848 0.197368 1.04644
L: -0.130506 0.0316131 0.703843
none 
141
gcm: 0.531506 0.984414 -1.02821
H: 1.38273 -0.0151269 1.29778
L: -0.130088 0.0427961 0.698852
none 
142
gcm: 0.529794 0.985508 -1.01854
H: 0.80695 -0.163546 0.906144
L: -0.121567 0.077709 0.686451
none 
143
gcm: 0.527694 0.986513 -1.00904
H: 1.07419 -0.0799872 0.895659
L: -0.149065 0.0713193 0.675007
none 
144
gcm: 0.525601 0.987159 -0.999398
H: 1.33894 0.215669 1.40153
L: -0.148594 0.045909 0.6844
none 
145
gcm: 0.52414 0.988556 -0.989921
H: 1.07347 -0.0542944 0.582865
L: -0.103712 0.0991791 0.672856
left
146
gcm: 0.522674 0.99055 -0.980809
H: 0.678021 -0.258537 0.195015
L: -0.104089 0.14155 0.646931
left
147
gcm: 0.520955 0.991991 -0.971079
H: 0.759923 -0.0636216 1.1666
L: -0.122073 0.102345 0.690856
left
148
gcm: 0.519433 0.993361 -0.960822
H: -0.273357 -0.355692 1.59486
L: -0.108073 0.0972702 0.728206
left
149
gcm: 0.517977 0.995459 -0.951308
H: -0.203038 -0.184755 0.98497
L: -0.103346 0.148978 0.675528
left
150
gcm: 0.516547 0.997488 -0.941836
H: -0.575243 -0.0125459 0.897
L: -0.101535 0.144024 0.672527
left
151
gcm: 0.515028 0.999107 -0.932604
H: -0.148622 0.198887 0.725916
L: -0.107838 0.11492 0.655444
left
152
gcm: 0.51344 1.00088 -0.923748
H: 0.385066 0.395772 0.540956
L: -0.112813 0.125729 0.628747
left
153
gcm: 0.512198 1.00311 -0.914883
H: 0.0757803 0.225858 0.310979
L: -0.0881497 0.158628 0.629483
left
154
gcm: 0.51102 1.00542 -0.906198
H: -0.921532 0.207796 0.346654
L: -0.0836169 0.164079 0.616606
left
155
gcm: 0.509602 1.00782 -0.897734
H: -1.79074 0.0204838 0.18633
L: -0.100729 0.170307 0.600944
left
156
gcm: 0.508417 1.0103 -0.88891
H: -1.55268 -0.245482 0.365281
L: -0.0841342 0.176342 0.626496
left
157
gcm: 0.507493 1.01247 -0.880141
H: -1.68264 -0.182982 -0.152629
L: -0.0655772 0.15355 0.622598
left
158
gcm: 0.506694 1.0145 -0.871773
H: -1.60946 -0.399413 -0.762885
L: -0.0567351 0.144633 0.594132
left
159
gcm: 0.505808 1.01617 -0.863593
H: -1.45741 -0.198372 -0.552983
L: -0.0628991 0.118127 0.580776
left
160
gcm: 0.504691 1.01761 -0.855452
H: -1.64062 -0.0459051 0.576891
L: -0.079277 0.102073 0.577985
left
161
gcm: 0.50359 1.01947 -0.847507
H: -2.42016 -0.0582662 0.65814
L: -0.0782184 0.132046 0.564097
left
162
gcm: 0.502577 1.02142 -0.839555
H: -1.6838 0.145404 -0.0482295
L: -0.0718797 0.13904 0.564588
left
163
gcm: 0.501838 1.02318 -0.831181
H: 0.344993 -0.0265482 -0.603438
L: -0.0524999 0.124681 0.594558
left
164
gcm: 0.501209 1.02467 -0.822543
H: 0.317209 -0.287225 -0.292198
L: -0.0446181 0.105994 0.613302
left
165
gcm: 0.500485 1.02596 -0.814336
H: -0.5361 -0.369239 -0.237665
L: -0.0514285 0.0915541 0.582708
left
166
gcm: 0.499726 1.02696 -0.806494
H: 0.159566 -0.0565485 0.197191
L: -0.0539033 0.0709743 0.556792
left
167
gcm: 0.498874 1.02783 -0.798619
H: 0.369268 0.0854579 0.65953
L: -0.0604523 0.0613143 0.559114
left
168
gcm: 0.498134 1.02841 -0.790713
H: 0.201935 -0.0126673 0.435802
L: -0.0525959 0.0414567 0.561317
left
169
gcm: 0.497479 1.02858 -0.781172
H: 2.0939 -0.269798 0.116142
L: -0.0465126 0.0121064 0.677405
left
170
gcm: 0.496558 1.02885 -0.77464
H: -3.44254 -0.659533 0.404042
L: -0.0653317 0.0190668 0.463785
left
171
gcm: 0.495865 1.02915 -0.767772
H: -3.24186 -0.481478 -0.318877
L: -0.0492515 0.0214549 0.487613
left
172
gcm: 0.495564 1.02908 -0.760287
H: -1.28082 -0.690289 -0.454898
L: -0.0213386 -0.0048675 0.531435
left
173
gcm: 0.495071 1.02848 -0.752356
H: 0.0134063 -0.237627 0.264293
L: -0.0349883 -0.0426312 0.563112
left
174
gcm: 0.494508 1.02826 -0.74421
H: -1.54321 -0.74444 -0.0483133
L: -0.0399789 -0.0157563 0.578378
left
175
gcm: 0.494295 1.02814 -0.736068
H: -1.47631 -0.762892 -0.73681
L: -0.0151258 -0.00866424 0.578085
left
176
gcm: 0.494398 1.02727 -0.727617
H: -0.599217 -0.768932 -0.49909
L: 0.00726603 -0.0619145 0.600059
left
177
gcm: 0.494472 1.0264 -0.717439
H: 1.40533 -0.494906 -0.000306943
L: 0.00525249 -0.0614798 0.722602
left
178
gcm: 0.494283 1.02595 -0.7096
H: -1.86192 -0.870953 0.582307
L: -0.013377 -0.0321023 0.556567
left
179
gcm: 0.494754 1.02519 -0.701836
H: -2.25955 -1.04371 -0.0491216
L: 0.0334476 -0.053661 0.551214
left
180
gcm: 0.493808 1.02473 -0.693334
H: -1.21445 -0.4695 0.162351
L: -0.0671741 -0.0329 0.603682
left
181
gcm: 0.493019 1.02462 -0.687936
H: -1.89149 -0.786948 0.514405
L: -0.0560449 -0.00758492 0.383276
left
182
gcm: 0.493087 1.02362 -0.680398
H: -2.67803 -0.762744 -0.171461
L: 0.00486722 -0.0714281 0.535176
left
183
gcm: 0.493678 1.02248 -0.671479
H: -0.344967 -0.707836 -0.647551
L: 0.0419194 -0.0808325 0.633251
left
184
gcm: 0.493752 1.02197 -0.66283
H: 0.206956 -0.41666 -0.525605
L: 0.00523845 -0.0363025 0.614101
left
185
gcm: 0.494271 1.02202 -0.653356
H: 1.30242 -0.629513 -0.517831
L: 0.0368654 0.00417198 0.672621
left
186
gcm: 0.493583 1.02236 -0.647145
H: -5.35245 -0.631093 0.590655
L: -0.0488566 0.0239351 0.441016
left
187
gcm: 0.49433 1.02258 -0.637478
H: 1.13099 -0.60287 -0.965996
L: 0.0530387 0.0152375 0.686337
left
188
gcm: 0.494359 1.02282 -0.628321
H: -0.205635 -0.681518 -0.470366
L: 0.00206605 0.0170485 0.650134
left
189
gcm: 0.494553 1.02298 -0.620044
H: -2.77936 -0.848529 -0.0189288
L: 0.0137864 0.0113489 0.587666
left
190
gcm: 0.49494 1.02233 -0.612764
H: -2.70827 -0.464594 0.596384
L: 0.0274895 -0.0456648 0.516919
left
191
gcm: 0.494942 1.02199 -0.606069
H: -3.1621 -0.23516 0.868075
L: 0.000159625 -0.0241455 0.475326
left
192
gcm: 0.494561 1.02229 -0.599185
H: -1.92709 -0.402649 0.46788
L: -0.0271117 0.0210279 0.488784
left
193
gcm: 0.494656 1.02181 -0.591498
H: -0.0732776 -0.389937 -0.17512
L: 0.00675602 -0.0343864 0.545711
left
194
gcm: 0.495671 1.02114 -0.582669
H: 1.78559 -0.247217 -0.47265
L: 0.0721091 -0.0473478 0.626896
left
195
gcm: 0.495691 1.02115 -0.574815
H: -1.01361 -0.294862 0.563687
L: 0.00140848 0.000680844 0.557639
left
196
gcm: 0.496138 1.0207 -0.565882
H: 1.55361 -0.506367 0.260796
L: 0.0316999 -0.0321588 0.634221
left
197
gcm: 0.496496 1.02049 -0.558826
H: -1.88755 -0.157667 -0.210728
L: 0.0254468 -0.0142311 0.500997
left
198
gcm: 0.497494 1.02096 -0.550072
H: 1.31376 -0.0839605 -0.275498
L: 0.0708376 0.0333333 0.621546
left
199
gcm: 0.497318 1.02137 -0.542771
H: -1.99357 -0.00933915 0.638476
L: -0.0124818 0.0285318 0.518363
left
200
gcm: 0.49779 1.02112 -0.53502
H: -1.28571 -0.158006 0.0635276
L: 0.0335172 -0.0171888 0.550275
left
201
gcm: 0.498551 1.02072 -0.527137
H: -1.50395 -0.289121 0.235582
L: 0.0540425 -0.0289164 0.55974
left
202
gcm: 0.499185 1.01999 -0.519304
H: -1.20759 -0.196352 0.887558
L: 0.0449784 -0.0517959 0.556129
left
203
gcm: 0.49949 1.01928 -0.511329
H: -0.649814 -0.101812 0.74436
L: 0.0216978 -0.0503598 0.566237
left
204
gcm: 0.499876 1.019 -0.503417
H: -2.64849 -0.575617 -0.0421529
L: 0.027404 -0.0194737 0.56177
left
205
gcm: 0.500442 1.01944 -0.49566
H: -3.30055 -0.407822 0.330653
L: 0.0401393 0.0310297 0.550697
left
206
gcm: 0.50098 1.01927 -0.487706
H: -0.797078 -0.568113 0.935648
L: 0.0382198 -0.0117532 0.564788
left
207
gcm: 0.501529 1.01906 -0.479803
H: -0.992761 -0.432373 1.27426
L: 0.0389811 -0.0155899 0.561094
left
208
gcm: 0.502079 1.01881 -0.472196
H: -1.19344 -0.0890123 1.53367
L: 0.0390499 -0.0177478 0.540063
left
209
gcm: 0.502457 1.01845 -0.465336
H: -1.47428 0.123736 1.17518
L: 0.0268691 -0.0248804 0.487087
left
210
gcm: 0.503181 1.01767 -0.456968
H: -1.15332 -0.085287 1.01314
L: 0.0513918 -0.0557979 0.594109
left
211
gcm: 0.504097 1.0168 -0.448522
H: -1.2194 -0.347275 0.690904
L: 0.0650326 -0.0614629 0.599693
left
212
gcm: 0.505155 1.01601 -0.439884
H: -0.356615 -0.412921 0.246246
L: 0.0751161 -0.0566111 0.613272
left
213
gcm: 0.506226 1.01532 -0.431501
H: 0.247439 -0.188759 0.158311
L: 0.0760339 -0.0490091 0.595227
left
214
gcm: 0.507034 1.01466 -0.423554
H: 0.160654 -0.0218253 0.227216
L: 0.0573364 -0.0467038 0.564248
left
215
gcm: 0.508218 1.01421 -0.414374
H: 0.610812 0.0317241 -0.0581135
L: 0.0840648 -0.0319027 0.651773
left
216
gcm: 0.509441 1.01316 -0.405577
H: 0.81956 -0.189205 -0.109328
L: 0.0868745 -0.0742222 0.624565
left
217
gcm: 0.510725 1.01181 -0.396894
H: 1.34782 -0.330362 -0.272258
L: 0.0911413 -0.0960387 0.616483
left
218
gcm: 0.512201 1.01023 -0.387782
H: 1.50408 -0.29504 -0.602946
L: 0.104831 -0.112028 0.646961
left
219
gcm: 0.513612 1.00872 -0.378588
H: 1.8017 -0.15461 -0.627364
L: 0.100148 -0.107295 0.652737
left
220
gcm: 0.514779 1.00661 -0.369844
H: 1.12127 -0.120904 -0.0515078
L: 0.0828913 -0.149962 0.620822
left
221
gcm: 0.516076 1.00545 -0.361093
H: 1.35746 0.0615595 0.291214
L: 0.0920779 -0.0823712 0.621387
left
222
gcm: 0.517673 1.00402 -0.351433
H: 3.00865 0.105161 -0.197425
L: 0.113407 -0.10121 0.685862
left
223
gcm: 0.519187 1.00233 -0.341673
H: 4.11395 0.0187804 -0.28875
L: 0.10749 -0.120363 0.692954
left
224
gcm: 0.520571 1.00165 -0.332286
H: 2.82969 0.134614 0.0972601
L: 0.0982019 -0.0479821 0.66643
left
225
gcm: 0.52191 1.00267 -0.323024
H: 1.85766 0.345399 0.191045
L: 0.0951104 0.0720168 0.657652
left
226
gcm: 0.523506 1.00262 -0.313327
H: 1.99021 0.149621 -0.200635
L: 0.113332 -0.00365045 0.688444
left
227
gcm: 0.525405 1.00175 -0.30327
H: 2.35082 -0.197149 -0.694125
L: 0.134785 -0.0616431 0.71405
left
228
gcm: 0.527505 0.99953 -0.293804
H: 2.52351 -0.215334 -0.109676
L: 0.149105 -0.157436 0.672069
left
229
gcm: 0.529463 0.998995 -0.284294
H: 4.2077 0.0296026 -0.652492
L: 0.139012 -0.0380066 0.675214
none 
230
gcm: 0.531297 0.998754 -0.274033
H: 4.41662 -0.0578569 -0.630783
L: 0.130206 -0.0170768 0.728572
none 
231
gcm: 0.533453 0.998217 -0.263889
H: 4.3406 -0.230171 -0.819089
L: 0.153072 -0.0381514 0.720174
none 
232
gcm: 0.535427 0.99776 -0.254431
H: 3.11847 -0.182164 -0.707651
L: 0.140192 -0.0324226 0.671522
none 
233
gcm: 0.537898 0.997799 -0.24248
H: 3.86115 0.0391145 -0.908885
L: 0.175405 0.00276873 0.848579
right
234
gcm: 0.53938 0.99827 -0.233345
H: 2.46566 -0.065652 1.04615
L: 0.105266 0.0334596 0.648557
none 
235
gcm: 0.541334 0.998833 -0.223337
H: 2.45208 0.118004 -0.200728
L: 0.138744 0.0399433 0.710572
none 
236
gcm: 0.543549 0.999735 -0.212899
H: 2.66538 0.0657536 -1.01703
L: 0.157261 0.0640054 0.741067
none 
237
gcm: 0.545507 1.00086 -0.203529
H: 1.54908 0.194063 -0.432125
L: 0.138986 0.0795934 0.665266
none 
238
gcm: 0.547162 1.00183 -0.19523
H: 0.538154 0.00940199 0.0962016
L: 0.117514 0.0690202 0.589263
none 
239
gcm: 0.549539 1.00271 -0.185583
H: 1.01626 -0.0882708 -0.527899
L: 0.168743 0.0627977 0.684945
none 
240
gcm: 0.551787 1.00299 -0.175412
H: -0.807337 0.567419 -0.286126
L: 0.159638 0.0196179 0.722097
right
241
gcm: 0.553792 1.00329 -0.165234
H: -0.466264 0.49884 -0.307595
L: 0.142339 0.0213008 0.72266
right
242
gcm: 0.555695 1.00422 -0.155294
H: 0.607011 0.309497 -1.0146
L: 0.135148 0.0660364 0.705755
right
243
gcm: 0.557667 1.0058 -0.14556
H: 1.36075 0.172075 -1.36528
L: 0.139987 0.112614 0.691098
right
244
gcm: 0.559677 1.00758 -0.136038
H: 0.145094 0.142778 -1.38866
L: 0.142702 0.125994 0.676061
right
245
gcm: 0.561723 1.00909 -0.126677
H: 0.266537 -0.00572077 -1.04311
L: 0.145285 0.106921 0.664648
right
246
gcm: 0.563723 1.01041 -0.117003
H: -1.33065 0.851059 -0.849864
L: 0.141989 0.0938887 0.686856
right
247
gcm: 0.565906 1.01217 -0.107366
H: -0.871129 -0.182947 -0.972553
L: 0.155014 0.125052 0.684223
right
248
gcm: 0.567306 1.01365 -0.0985829
H: 1.39569 -0.191638 0.290667
L: 0.0993719 0.105296 0.623598
right
249
gcm: 0.568884 1.01522 -0.0896432
H: 0.24469 0.127244 -0.132557
L: 0.112054 0.111281 0.634717
right
250
gcm: 0.570675 1.0171 -0.0802337
H: -0.950257 0.583297 -1.18493
L: 0.127169 0.133246 0.668078
right
251
gcm: 0.572405 1.01848 -0.0714127
H: 0.200433 0.0574399 -0.740355
L: 0.122848 0.0981914 0.626287
right
252
gcm: 0.573919 1.02002 -0.0630234
H: -1.08143 0.294726 -0.388439
L: 0.107464 0.10923 0.595644
right
253
gcm: 0.575165 1.0221 -0.0545116
H: -1.32522 0.251065 -0.25838
L: 0.0884808 0.147695 0.604335
right
254
gcm: 0.576292 1.02402 -0.0457109
H: -2.06366 0.581561 -0.10048
L: 0.0799939 0.136755 0.624846
right
255
gcm: 0.57753 1.02532 -0.0367445
H: -1.75916 0.851195 -0.295176
L: 0.087936 0.0921258 0.636617
right
256
gcm: 0.578692 1.02644 -0.0284581
H: -0.824468 0.478188 -0.314252
L: 0.0824808 0.0793813 0.588332
right
257
gcm: 0.579714 1.02768 -0.0205991
H: -1.35 0.188273 0.156167
L: 0.0725285 0.0883994 0.557991
right
258
gcm: 0.580923 1.02904 -0.0122005
H: -1.50804 0.593507 0.0359186
L: 0.0858415 0.0960685 0.596298
right
259
gcm: 0.582116 1.03045 -0.00373034
H: 0.824346 0.232321 -0.163639
L: 0.0847223 0.100057 0.601384
right
260
gcm: 0.583102 1.03199 0.00475332
H: 0.357368 0.321089 0.0632037
L: 0.0699831 0.109414 0.602339
right
261
gcm: 0.583806 1.03421 0.0133192
H: -1.17022 0.764945 0.522495
L: 0.0500294 0.157999 0.608181
right
262
gcm: 0.584392 1.03511 0.0215516
H: -1.16053 0.822533 1.10613
L: 0.0416051 0.0634748 0.584497
right
263
gcm: 0.585471 1.03591 0.0298569
H: -0.160645 0.484 -0.00709491
L: 0.0766056 0.057085 0.589678
right
264
gcm: 0.586855 1.03671 0.038001
H: -0.605028 0.330989 -1.19749
L: 0.0982717 0.0569348 0.578228
right
265
gcm: 0.587954 1.03705 0.0461002
H: -0.694384 0.466078 0.0126552
L: 0.078036 0.023674 0.575041
right
266
gcm: 0.588693 1.03642 0.0543599
H: -0.740895 0.710274 0.892396
L: 0.0524349 -0.0442913 0.586442
right
267
gcm: 0.5898 1.03719 0.0626592
H: -0.976408 0.512135 -0.447071
L: 0.0785704 0.0543551 0.589253
right
268
gcm: 0.591007 1.03875 0.0710123
H: -1.5426 0.662146 -0.0898474
L: 0.0857091 0.110725 0.593069
right
269
gcm: 0.592081 1.03913 0.0792041
H: -0.988107 0.684739 -0.392125
L: 0.0762851 0.0269128 0.581617
right
270
gcm: 0.592438 1.03922 0.0874935
H: -1.96419 0.862658 0.857956
L: 0.0253215 0.006938 0.588545
right
271
gcm: 0.592835 1.0383 0.0955641
H: -2.39586 0.614791 0.0211473
L: 0.0282003 -0.06576 0.573012
right
272
gcm: 0.593495 1.03757 0.103541
H: -2.47569 0.891859 0.749955
L: 0.0468482 -0.0514304 0.566348
right
273
gcm: 0.594077 1.03721 0.111467
H: -1.91087 0.722977 -0.188148
L: 0.04134 -0.0261582 0.562775
right
274
gcm: 0.594849 1.03693 0.119753
H: -2.85657 0.779866 -0.338365
L: 0.0547877 -0.0192089 0.588317
right
275
gcm: 0.595789 1.03633 0.128223
H: -1.58067 0.685161 -0.216484
L: 0.0667478 -0.0431282 0.601359
right
276
gcm: 0.596581 1.03567 0.136819
H: -1.7913 0.711983 -0.203493
L: 0.056272 -0.0470147 0.610328
right
277
gcm: 0.596957 1.03493 0.144803
H: -3.2989 0.909263 0.324485
L: 0.0266968 -0.0522896 0.566827
right
278
gcm: 0.597503 1.03465 0.152836
H: -2.92744 0.905729 0.141748
L: 0.0387251 -0.0200289 0.570364
right
279
gcm: 0.598337 1.03494 0.161327
H: -1.8069 0.815825 -0.103352
L: 0.0592495 0.0204958 0.602857
right
280
gcm: 0.599054 1.03521 0.169534
H: -3.13703 0.788373 -0.133352
L: 0.0509047 0.0196615 0.582699
right
281
gcm: 0.599622 1.03543 0.17713
H: -4.29394 0.708752 -0.285
L: 0.040323 0.0154097 0.539337
right
282
gcm: 0.600058 1.03583 0.184967
H: -4.53871 0.818932 0.195916
L: 0.0309159 0.0286384 0.556422
right
283
gcm: 0.600474 1.03645 0.193542
H: -3.1363 0.810087 0.307585
L: 0.0295782 0.0436084 0.608788
right
284
gcm: 0.60108 1.03691 0.202225
H: 0.228377 0.308637 -0.132199
L: 0.0429697 0.0329358 0.616512
right
285
gcm: 0.601574 1.03679 0.210631
H: -2.15127 0.530331 0.0463403
L: 0.0350943 -0.00832629 0.596804
right
286
gcm: 0.601498 1.03613 0.218283
H: -2.15422 0.64929 0.901703
L: -0.00536336 -0.0473578 0.543295
right
287
gcm: 0.602588 1.03641 0.227323
H: -1.50813 -0.23745 -1.33527
L: 0.0773757 0.0198588 0.641853
right
288
gcm: 0.603105 1.03703 0.235494
H: -1.171 0.434381 0.165963
L: 0.0366949 0.0444183 0.58013
right
289
gcm: 0.60349 1.03649 0.243259
H: -1.91352 0.497195 0.224606
L: 0.0273378 -0.0386284 0.551295
right
290
gcm: 0.603903 1.03617 0.250718
H: -1.86156 0.415647 -0.309086
L: 0.0293068 -0.0225384 0.529602
right
291
gcm: 0.604157 1.03671 0.259164
H: -0.332013 0.410849 0.125061
L: 0.0180704 0.0382422 0.599712
right
292
gcm: 0.604481 1.03757 0.267303
H: -1.49634 0.416758 0.817722
L: 0.0229733 0.061431 0.577835
right
293
gcm: 0.604348 1.03817 0.274813
H: 0.0281029 0.683337 0.0677127
L: -0.00945635 0.0421764 0.5332
right
294
gcm: 0.604524 1.03809 0.282474
H: 1.43239 0.546679 -1.10751
L: 0.0125046 -0.00580951 0.543937
right
295
gcm: 0.605155 1.03776 0.290857
H: -2.7268 0.645135 -0.595177
L: 0.0448235 -0.0228514 0.595199
right
296
gcm: 0.605625 1.03747 0.298747
H: -2.16169 0.590924 -1.22403
L: 0.0333976 -0.0207894 0.560169
right
297
gcm: 0.605878 1.0374 0.306296
H: -2.75803 0.492948 -0.979441
L: 0.0179677 -0.00526716 0.536015
right
298
gcm: 0.605687 1.03804 0.31404
H: -2.37511 0.429482 -0.731279
L: -0.0135937 0.0452914 0.549847
right
299
gcm: 0.60557 1.03884 0.322234
H: -3.45272 0.34002 -0.202132
L: -0.00832197 0.0573013 0.581765
right
300
gcm: 0.605705 1.03912 0.3306
H: -2.98224 0.0923648 -1.75723
L: 0.00959204 0.0199508 0.593943
right
301
gcm: 0.606028 1.03861 0.339383
H: -1.35682 0.364444 -0.454355
L: 0.0229464 -0.0362043 0.623584
right
302
gcm: 0.606404 1.03782 0.348339
H: -1.4342 0.395494 0.0987303
L: 0.0266927 -0.0564398 0.63591
right
303
gcm: 0.606526 1.03721 0.356909
H: -0.444563 0.552013 0.511482
L: 0.00868393 -0.0428772 0.608498
right
304
gcm: 0.60673 1.03636 0.365521
H: -1.27873 0.262773 -0.75901
L: 0.0144792 -0.0605899 0.611388
right
305
gcm: 0.606819 1.0351 0.374312
H: -1.25813 0.106256 -0.797817
L: 0.00633133 -0.0898985 0.624189
right
306
gcm: 0.606424 1.03376 0.382963
H: -1.53755 0.370422 -0.0819075
L: -0.0280714 -0.0950935 0.614221
right
307
gcm: 0.605808 1.03263 0.39136
H: -0.739058 0.384331 0.453248
L: -0.0437542 -0.0797132 0.596187
right
308
gcm: 0.605511 1.03161 0.400249
H: -0.143233 0.317303 0.800384
L: -0.0210405 -0.0727895 0.63109
right
309
gcm: 0.605223 1.03032 0.40952
H: 2.19133 0.748196 1.04622
L: -0.0204746 -0.0912271 0.658263
right
310
gcm: 0.604205 1.0293 0.418679
H: 0.469171 0.308254 0.661863
L: -0.072257 -0.0726324 0.650271
right
311
gcm: 0.603275 1.02801 0.42807
H: 0.646594 0.23249 0.656043
L: -0.0660513 -0.0913398 0.666777
right
312
gcm: 0.602931 1.02609 0.437799
H: 1.9658 0.375653 1.09667
L: -0.024443 -0.136531 0.690735
right
313
gcm: 0.602604 1.02421 0.44758
H: 2.52909 0.406456 1.0194
L: -0.0232242 -0.133704 0.694459
right
314
gcm: 0.602001 1.02238 0.457313
H: 3.1215 0.343806 0.764444
L: -0.0427684 -0.129548 0.691071
right
315
gcm: 0.601121 1.02106 0.466687
H: 1.68828 0.395447 1.73923
L: -0.0625204 -0.0938379 0.665576
right
316
gcm: 0.600207 1.01997 0.476149
H: 1.764 0.31972 2.05435
L: -0.0649025 -0.0777101 0.671763
right
317
gcm: 0.599368 1.01826 0.486
H: 4.04941 0.0379685 -0.0772132
L: -0.0595784 -0.121448 0.699461
right
318
gcm: 0.599002 1.01697 0.496411
H: 3.40417 -0.149634 -0.964655
L: -0.0259481 -0.0913491 0.739137
right
319
gcm: 0.598726 1.01633 0.507309
H: 2.95644 -0.0322188 -0.465329
L: -0.0195966 -0.045327 0.7738
right
320
gcm: 0.597051 1.01552 0.518231
H: 2.12203 0.333062 1.85856
L: -0.11896 -0.0574462 0.77547
right
321
gcm: 0.595911 1.01521 0.528829
H: 2.35184 0.203074 1.11763
L: -0.0808813 -0.0219522 0.752423
right
322
gcm: 0.594985 1.0149 0.539449
H: 3.74506 0.135297 0.418432
L: -0.0657885 -0.0223824 0.754049
right
323
gcm: 0.593472 1.01408 0.54988
H: 5.14125 0.212906 1.41099
L: -0.107429 -0.0579217 0.74056
none 
324
gcm: 0.591949 1.01361 0.560426
H: 2.82917 0.0235337 1.71452
L: -0.108092 -0.0335473 0.748785
none 
325
gcm: 0.590783 1.01355 0.571134
H: 2.62929 -0.0156231 0.724509
L: -0.0828245 -0.00389591 0.760289
none 
326
gcm: 0.589604 1.01336 0.581397
H: 2.60686 -0.0950577 0.683153
L: -0.0836753 -0.013897 0.728643
none 
327
gcm: 0.588435 1.01317 0.5914
H: 2.35183 -0.170114 1.0594
L: -0.0830038 -0.0137122 0.710211
none 
328
gcm: 0.587179 1.01317 0.60165
H: 2.21013 -0.161336 0.998672
L: -0.0892073 0.00034527 0.727764
none 
329
gcm: 0.585235 1.0135 0.61211
H: 1.75221 -0.0232011 1.43208
L: -0.137984 0.0233939 0.742632
left
330
gcm: 0.583415 1.01441 0.622446
H: 2.19844 -0.0821569 1.67766
L: -0.129261 0.0645292 0.733902
left
331
gcm: 0.583323 1.01476 0.633948
H: 0.464067 -0.892323 1.03165
L: -0.00653307 0.0247033 0.816584
left
332
gcm: 0.583229 1.01555 0.64458
H: 1.5898 -0.426366 -0.650167
L: -0.00663964 0.0564505 0.754936
left
333
gcm: 0.582325 1.01658 0.654837
H: 1.39204 -0.180818 -0.00122159
L: -0.0642274 0.0733612 0.728189
left
334
gcm: 0.581159 1.01789 0.665131
H: 0.187404 -0.0509042 1.33661
L: -0.0827739 0.0925199 0.730898
left
335
gcm: 0.580384 1.01963 0.675308
H: 0.899985 -0.0357999 0.919721
L: -0.0550049 0.123848 0.722563
left
336
gcm: 0.579794 1.02142 0.685177
H: 1.07626 0.017655 0.0321023
L: -0.0419006 0.126748 0.700721
left
337
gcm: 0.578887 1.02308 0.694925
H: 0.49418 0.308373 0.329064
L: -0.0644089 0.118373 0.692086
left
338
gcm: 0.578171 1.0246 0.70468
H: 0.917125 0.0114493 0.0884136
L: -0.0508387 0.10742 0.69264
left
339
gcm: 0.57785 1.02593 0.713859
H: 0.29702 -0.206547 -0.741471
L: -0.022737 0.0945349 0.651684
left
340
gcm: 0.576582 1.02736 0.723242
H: -0.112702 0.155637 1.16196
L: -0.0900691 0.101725 0.666193
left
341
gcm: 0.576104 1.02938 0.732562
H: 0.0440932 0.0938875 -0.194342
L: -0.0338984 0.14342 0.661735
left
342
gcm: 0.576 1.0316 0.741713
H: -1.13549 -0.575365 -0.472018
L: -0.00743912 0.157576 0.649684
left
343
gcm: 0.575952 1.03376 0.750753
H: -0.272203 -0.465228 -1.13668
L: -0.00338479 0.153125 0.641888
left
344
gcm: 0.575151 1.03548 0.758506
H: -1.73852 -0.0722219 0.622054
L: -0.0568358 0.121956 0.550465
left
345
gcm: 0.5743 1.03664 0.766522
H: -1.61979 -0.066503 1.7872
L: -0.0604787 0.08257 0.569116
left
346
gcm: 0.575187 1.03874 0.777137
H: -1.72357 -0.58693 -2.00568
L: 0.0629784 0.148892 0.75366
left
347
gcm: 0.574476 1.04011 0.785738
H: -1.02524 -0.137254 0.458925
L: -0.0504452 0.0976011 0.610685
left
348
gcm: 0.573771 1.04137 0.794454
H: 0.792572 0.180302 0.720558
L: -0.050077 0.0897762 0.618803
left
349
gcm: 0.573018 1.04257 0.803093
H: 0.370916 0.128595 0.777409
L: -0.0534878 0.0846189 0.613373
left
350
gcm: 0.572589 1.04357 0.811733
H: -0.342157 -0.477018 -0.153883
L: -0.0304471 0.071315 0.613424
left
351
gcm: 0.572624 1.04445 0.820509
H: 0.0250453 -0.484668 -0.737817
L: 0.00251858 0.0627243 0.623151
left
352
gcm: 0.572923 1.04606 0.828917
H: -0.627428 -0.685458 -1.17839
L: 0.0212435 0.113637 0.596907
left
353
gcm: 0.572884 1.04754 0.837252
H: -0.485533 -0.371782 -0.601786
L: -0.00282194 0.105072 0.591807
left
354
gcm: 0.572481 1.04856 0.845581
H: -0.429354 -0.336081 0.304847
L: -0.0285786 0.0727549 0.591398
left
355
gcm: 0.572151 1.04888 0.853602
H: -0.574421 -0.265792 0.382255
L: -0.0234442 0.0230552 0.56943
left
356
gcm: 0.571978 1.04928 0.861965
H: -1.57845 -0.795327 -0.15771
L: -0.0122696 0.027916 0.593834
left
357
gcm: 0.571794 1.04954 0.870456
H: -1.47072 -0.853553 -0.372934
L: -0.0130569 0.0188441 0.602836
left
358
gcm: 0.5715 1.04929 0.878425
H: -2.01845 -0.80574 0.319444
L: -0.0208557 -0.0181128 0.565796
left
359
gcm: 0.571508 1.04939 0.886362
H: -0.347139 -0.402416 -0.115171
L: 0.000508901 0.00752879 0.563535
left
360
gcm: 0.571826 1.04975 0.895016
H: -1.17682 -1.0159 -1.29875
L: 0.0226079 0.0253675 0.614447
left
361
gcm: 0.572057 1.0493 0.90276
H: -3.09434 -0.968059 -0.776468
L: 0.0164291 -0.0323595 0.549803
left
362
gcm: 0.571995 1.04873 0.91046
H: -2.65724 -0.935326 -0.0345285
L: -0.00439733 -0.0402868 0.546732
left
363
gcm: 0.571928 1.04859 0.918651
H: -1.44201 -0.931101 -0.298481
L: -0.00475858 -0.0095131 0.581547
left
364
gcm: 0.57191 1.04827 0.927233
H: -0.787174 -0.986851 -0.193498
L: -0.00131266 -0.02325 0.609279
left
365
gcm: 0.572129 1.04794 0.935478
H: -2.40175 -0.949165 0.433357
L: 0.0155491 -0.0230496 0.585429
left
366
gcm: 0.572051 1.04753 0.943152
H: -3.20876 -0.672451 0.9493
L: -0.00554806 -0.0290306 0.544857
left
367
gcm: 0.571905 1.04742 0.950997
H: -2.57706 -0.726428 -0.204713
L: -0.0103458 -0.00805136 0.557002
left
368
gcm: 0.572299 1.0477 0.959003
H: -2.167 -1.03781 -1.35579
L: 0.0279411 0.0200958 0.568395
left
369
gcm: 0.572572 1.04781 0.967016
H: -2.53277 -1.009 -0.439703
L: 0.0193991 0.00795914 0.568961
left
370
gcm: 0.572599 1.04788 0.974963
H: -2.66805 -0.911089 -0.195459
L: 0.0019368 0.0042743 0.564225
left
371
gcm: 0.572684 1.04797 0.982697
H: -2.53637 -0.934634 0.0602484
L: 0.00605662 0.00702086 0.549119
left
372
gcm: 0.572697 1.04818 0.99071
H: -2.65112 -0.794324 0.342808
L: 0.000924959 0.0144793 0.56892
left
373
gcm: 0.572662 1.04865 0.998752
H: -3.04059 -0.788633 -0.179618
L: -0.00255315 0.0332295 0.570979
left
374
gcm: 0.57293 1.04956 1.0065
H: -1.04315 -0.547786 -0.192412
L: 0.0190477 0.064583 0.550014
left
375
gcm: 0.573199 1.05024 1.0142
H: -0.98303 -0.456112 0.618733
L: 0.0191085 0.0484675 0.546877
left
376
gcm: 0.573337 1.0508 1.02186
H: -1.2004 -0.447462 0.295229
L: 0.00977413 0.0399612 0.544092
left
377
gcm: 0.573592 1.05144 1.02988
H: -0.281776 -0.488665 -0.341391
L: 0.0181373 0.0456535 0.568961
left
378
gcm: 0.573101 1.05075 1.03807
H: -0.388463 -0.24417 1.51528
L: -0.0348774 -0.0492466 0.581666
left
379
gcm: 0.573716 1.04991 1.04493
H: -1.33273 -0.417265 -0.621613
L: 0.0436572 -0.0593332 0.486969
left
380
gcm: 0.573875 1.04942 1.05246
H: -1.02815 -0.237452 0.0806202
L: 0.0113316 -0.0352348 0.534636
left
381
gcm: 0.57403 1.04979 1.06059
H: -0.651889 -0.237434 0.295723
L: 0.0109763 0.0263226 0.577002
left
382
gcm: 0.574285 1.04971 1.06823
H: -0.796402 -0.387635 0.104128
L: 0.0181301 -0.00590627 0.542614
left
383
gcm: 0.574664 1.04952 1.07519
H: -0.458967 -0.35526 0.0332123
L: 0.0269216 -0.013067 0.494554
left
384
gcm: 0.575183 1.04991 1.08283
H: 0.146507 -0.202933 0.0738544
L: 0.0368073 0.0275296 0.542058
left
385
gcm: 0.575542 1.05053 1.09106
H: 0.17989 -0.0888505 0.321043
L: 0.0254755 0.0441511 0.584116
left
386
gcm: 0.575616 1.05053 1.0988
H: -0.574971 -0.0867258 0.958327
L: 0.00528064 -0.000452008 0.549591
left
387
gcm: 0.575973 1.05046 1.10666
H: -0.512603 -0.10649 0.360207
L: 0.0253531 -0.00452818 0.558609
left
388
gcm: 0.576528 1.05062 1.11477
H: -2.98516 -0.591093 -0.389084
L: 0.0394218 0.0115452 0.57553
left
389
gcm: 0.576685 1.05033 1.12214
H: -3.46066 -0.552902 0.739887
L: 0.011109 -0.0209839 0.523446
left
390
gcm: 0.576807 1.04938 1.12946
H: -1.2657 -0.675913 1.32009
L: 0.00865896 -0.0675702 0.519575
left
391
gcm: 0.577171 1.0489 1.13724
H: -3.68143 -0.42739 0.583133
L: 0.0258816 -0.0340977 0.552644
left
392
gcm: 0.577736 1.04926 1.14476
H: -0.287907 -0.732295 0.796432
L: 0.0400974 0.0260098 0.533659
left
393
gcm: 0.578778 1.04974 1.1516
H: -2.1622 -0.390971 -0.364447
L: 0.0739875 0.0338008 0.485347
left
394
gcm: 0.578392 1.04939 1.15888
H: -1.04713 -0.379377 0.514741
L: -0.0274153 -0.0244935 0.517374
left
395
gcm: 0.578778 1.04855 1.16718
H: 0.0563121 -0.299824 0.398614
L: 0.0273721 -0.0602477 0.588927
left
396
gcm: 0.579749 1.04743 1.17572
H: 0.0136532 -0.246412 -0.197784
L: 0.0689925 -0.0789013 0.606501
left
397
gcm: 0.580855 1.04758 1.18382
H: -0.97191 -0.194881 0.0829052
L: 0.0785268 0.010479 0.575296
left
398
gcm: 0.581419 1.04709 1.19176
H: -0.386755 -0.174535 0.949316
L: 0.040012 -0.0351865 0.563789
left
399
gcm: 0.581701 1.04638 1.20013
H: 0.847978 -0.0932969 0.736484
L: 0.020056 -0.0501149 0.594073
left
400
gcm: 0.582876 1.04553 1.20861
H: 1.17879 -0.313087 -0.740477
L: 0.0833838 -0.0601963 0.60194
left
401
gcm: 0.584354 1.04469 1.21707
H: 1.05182 -0.260478 -0.712939
L: 0.104941 -0.0594887 0.600948
left
402
gcm: 0.584999 1.04364 1.22575
H: 1.00714 -0.0478697 0.61738
L: 0.0458045 -0.0747156 0.616136
left
403
gcm: 0.585612 1.04243 1.23463
H: 2.09574 -0.0942723 0.05913
L: 0.0435348 -0.086147 0.630216
left
404
gcm: 0.586831 1.04129 1.24355
H: 2.21248 -0.306527 -0.927158
L: 0.0865346 -0.0811676 0.633694
left
405
gcm: 0.588019 1.03917 1.25243
H: 2.0625 -0.311071 -0.534487
L: 0.0843319 -0.150365 0.630219
left
406
gcm: 0.589244 1.03763 1.2615
H: 2.53177 -0.163661 -0.471366
L: 0.0869951 -0.109104 0.643973
left
407
gcm: 0.591245 1.03638 1.27054
H: 2.44342 -0.241794 -1.55497
L: 0.142046 -0.0889019 0.641997
left
408
gcm: 0.591238 1.03471 1.28009
H: 3.03405 0.0206651 0.444735
L: -0.000443164 -0.118414 0.677821
left
409
gcm: 0.593158 1.03399 1.28847
H: 0.503466 -0.132858 -0.527277
L: 0.136267 -0.0511925 0.595323
left
410
gcm: 0.594603 1.0343 1.29758
H: 0.919216 0.0516138 0.406796
L: 0.10265 0.0218997 0.646822
left
411
gcm: 0.595827 1.03551 1.30628
H: 0.740105 -0.0295781 0.303813
L: 0.0869092 0.085651 0.617685
left
412
gcm: 0.597537 1.03578 1.31572
H: 2.92898 -0.142014 -0.0761702
L: 0.121365 0.0192461 0.670251
left
413
gcm: 0.599407 1.03614 1.32551
H: 3.07458 -0.106157 -0.032777
L: 0.132796 0.0257458 0.694575
left
414
gcm: 0.601328 1.03613 1.33595
H: 5.28075 -0.0355878 -1.03281
L: 0.136393 -0.000768828 0.741361
left
415
gcm: 0.603266 1.03606 1.34638
H: 4.7308 -0.0935096 -0.927634
L: 0.137594 -0.00461968 0.740417
none 
416
gcm: 0.605079 1.03536 1.35601
H: 3.77092 -0.198262 -0.788498
L: 0.128709 -0.0502158 0.683901
none 
417
gcm: 0.606417 1.03573 1.36519
H: 1.47543 -0.152456 -0.775675
L: 0.0950263 0.0262994 0.652176
none 
418
gcm: 0.607486 1.03587 1.37412
H: 1.03914 -0.0894446 0.151304
L: 0.075904 0.0104912 0.633897
none 
419
gcm: 0.608982 1.036 1.3842
H: 2.98729 0.14785 -0.285212
L: 0.1062 0.00912273 0.715659
none 
420
gcm: 0.610781 1.03637 1.39376
H: 1.99296 0.214776 -0.557842
L: 0.127702 0.0263195 0.678836
none 
421
gcm: 0.612284 1.03689 1.40374
H: 1.0948 0.235451 -0.15069
L: 0.106725 0.0365131 0.708102
right
422
gcm: 0.614041 1.03865 1.41438
H: 0.716499 -0.0558268 -0.616511
L: 0.124754 0.124875 0.755656
right
423
gcm: 0.616244 1.03982 1.42479
H: 1.04815 -0.20111 -0.238868
L: 0.156411 0.0834845 0.738896
right
424
gcm: 0.617885 1.04097 1.43424
H: 0.457141 0.40871 -1.50225
L: 0.116482 0.0811913 0.671561
right
425
gcm: 0.619687 1.04208 1.44454
H: 2.46632 -0.246266 -1.12495
L: 0.127973 0.0791999 0.730797
right
426
gcm: 0.621326 1.04355 1.45386
H: 0.434336 0.035009 -0.733479
L: 0.116353 0.104018 0.661917
right
427
gcm: 0.622516 1.04502 1.4626
H: -0.941312 0.36699 -1.16534
L: 0.0844999 0.104428 0.620541
right
428
gcm: 0.623666 1.04631 1.47112
H: -0.0608697 0.0674008 -0.745027
L: 0.0816324 0.0917287 0.60462
right
429
gcm: 0.624903 1.04792 1.47953
H: -1.14294 0.246975 -0.578193
L: 0.0878355 0.114592 0.597495
right
430
gcm: 0.6264 1.04966 1.48848
H: -1.52675 -0.0178426 -0.488222
L: 0.10628 0.123119 0.635282
right
431
gcm: 0.627822 1.05124 1.49777
H: 0.343921 0.0365743 -0.607001
L: 0.100957 0.112461 0.659729
right
432
gcm: 0.628658 1.05274 1.50526
H: -1.83289 -0.0656028 0.881541
L: 0.0593691 0.106775 0.531732
right
433
gcm: 0.629546 1.05396 1.51434
H: 2.2929 -0.0217911 -0.356523
L: 0.0630439 0.0862226 0.644579
right
434
gcm: 0.629388 1.05366 1.52046
H: -2.30022 0.370665 0.726021
L: -0.0111826 -0.0208857 0.434729
right
435
gcm: 0.632471 1.0574 1.53196
H: -0.356998 -0.0376769 -0.0885428
L: 0.218867 0.265333 0.816345
right
436
gcm: 0.634846 1.05871 1.54234
H: -0.577795 -0.00674 0.483479
L: 0.168613 0.0927281 0.73702
right
437
gcm: 0.633593 1.05937 1.54776
H: -1.69118 -0.0727191 -0.176043
L: -0.0889747 0.0473008 0.384865
right
438
gcm: 0.633043 1.05997 1.55388
H: -1.00266 -0.0154665 1.29876
L: -0.0390243 0.0425029 0.434539
right
439
gcm: 0.635373 1.06198 1.56345
H: 1.11573 -0.43397 0.0494535
L: 0.165454 0.142537 0.679424
right
440
gcm: 0.635375 1.06288 1.56988
H: -2.25156 -0.257112 1.13337
L: 0.000153087 0.0638313 0.45646
right
441
gcm: 0.639312 1.0662 1.58166
H: -2.54259 -0.0351578 0.453811
L: 0.279472 0.235751 0.836212
right
442
gcm: 0.641236 1.06768 1.59159
H: -1.01477 -0.217163 -1.46014
L: 0.136633 0.105128 0.70515
right
443
gcm: 0.641606 1.06964 1.601
H: -0.192068 0.657404 0.666371
L: 0.0262906 0.139161 0.668085
right
444
gcm: 0.641302 1.0691 1.60719
H: -3.24008 0.516669 1.99356
L: -0.0216139 -0.0385516 0.439535
right
445
gcm: 0.641677 1.07125 1.61482
H: -0.248338 0.533775 0.927269
L: 0.0266455 0.153136 0.54158
right
446
gcm: 0.642256 1.07111 1.62169
H: 0.188095 0.273035 0.812923
L: 0.0411054 -0.00993736 0.488226
right
447
gcm: 0.643369 1.07069 1.62962
H: 2.0594 -0.0278509 0.00848912
L: 0.0789881 -0.0299019 0.562592
right
448
gcm: 0.643788 1.07079 1.6371
H: -1.84503 0.935939 -0.0511758
L: 0.0297557 0.006857 0.531219
right
449
gcm: 0.6438 1.07097 1.64394
H: -2.18986 0.85653 1.24799
L: 0.000842716 0.0127362 0.485391
right
450
gcm: 0.645122 1.07112 1.65253
H: 1.28643 0.170716 -0.541502
L: 0.0938885 0.0103729 0.610311
right
451
gcm: 0.646515 1.07125 1.66086
H: 0.56673 0.184759 -1.1685
L: 0.0988648 0.00957326 0.591618
right
452
gcm: 0.647018 1.07153 1.66835
H: -2.02378 0.786376 -0.316971
L: 0.0357805 0.0196516 0.531614
right
453
gcm: 0.647478 1.07185 1.67638
H: -2.05609 0.875022 0.892145
L: 0.0326046 0.0228715 0.570151
right
454
gcm: 0.647874 1.07124 1.68399
H: -2.52174 0.910271 0.168182
L: 0.0281189 -0.0431609 0.540329
right
455
gcm: 0.648446 1.06995 1.69161
H: -1.38893 0.834133 -0.0895735
L: 0.0406173 -0.0913341 0.540919
right
456
gcm: 0.648891 1.06851 1.69945
H: -2.67822 0.915396 0.887498
L: 0.0315977 -0.102454 0.556692
right
457
gcm: 0.64939 1.06749 1.70702
H: -1.6881 0.667475 -0.862827
L: 0.0354042 -0.072271 0.537475
right
458
gcm: 0.650416 1.06674 1.71515
H: -0.613797 0.615748 -0.722207
L: 0.072875 -0.0532252 0.577377
right
459
gcm: 0.650827 1.06682 1.72236
H: -2.32498 0.6969 -0.201063
L: 0.0292028 0.00523346 0.511419
right
460
gcm: 0.651042 1.06715 1.73024
H: -3.64961 0.544705 0.00572762
L: 0.0152202 0.0233269 0.559641
right
461
gcm: 0.651904 1.06695 1.73838
H: -3.36376 0.679977 -0.355585
L: 0.0612211 -0.0142926 0.577682
right
462
gcm: 0.652375 1.06722 1.74624
H: -2.29935 0.820549 0.725832
L: 0.0334259 0.0194365 0.558157
right
463
gcm: 0.652389 1.06784 1.75331
H: -1.927 0.726013 1.36781
L: 0.000989514 0.044394 0.502259
right
464
gcm: 0.652852 1.06738 1.76051
H: -1.48782 0.337645 -0.726682
L: 0.0329047 -0.0329658 0.510982
right
465
gcm: 0.65338 1.06647 1.76864
H: -4.36422 0.364756 -0.488786
L: 0.0375084 -0.0646327 0.57709
right
466
gcm: 0.653251 1.06633 1.77582
H: -2.02981 0.664864 1.01009
L: -0.00921675 -0.0101063 0.510182
right
467
gcm: 0.653594 1.06759 1.78413
H: -3.19787 0.642586 0.461808
L: 0.0243676 0.0895363 0.589681
right
468
gcm: 0.654541 1.06797 1.79147
H: -1.85421 0.308232 -0.94006
L: 0.0672721 0.0268432 0.521366
right
469
gcm: 0.654915 1.06678 1.79941
H: -4.24932 0.654515 -0.384062
L: 0.0265443 -0.0843095 0.563703
right
470
gcm: 0.654494 1.06663 1.80664
H: -1.80999 0.672357 0.853749
L: -0.0298767 -0.0107943 0.513248
right
471
gcm: 0.654763 1.06739 1.81391
H: -2.15213 0.516385 0.274477
L: 0.019104 0.0538617 0.51647
right
472
gcm: 0.655434 1.06734 1.82145
H: 0.129436 -0.0422817 -0.639346
L: 0.047601 -0.00294194 0.535081
right
473
gcm: 0.655583 1.06706 1.82911
H: -2.16713 0.323174 -0.17509
L: 0.0106263 -0.0198414 0.543934
right
474
gcm: 0.6556 1.06765 1.83735
H: -1.10092 0.235198 0.163587
L: 0.001163 0.0413707 0.585034
right
475
gcm: 0.656027 1.06808 1.84588
H: -1.99225 0.231538 -0.23341
L: 0.0303228 0.0305516 0.605892
right
476
gcm: 0.6562 1.06725 1.85317
H: -3.09407 0.728097 -0.0432172
L: 0.0123046 -0.0589092 0.517257
right
477
gcm: 0.655961 1.06598 1.8594
H: -4.15934 0.846258 -0.0221988
L: -0.0170002 -0.0898054 0.442689
right
478
gcm: 0.655787 1.06607 1.86743
H: -5.40562 0.415153 0.1125
L: -0.0123156 0.00637215 0.569633
right
479
gcm: 0.655594 1.06636 1.87538
H: -1.52552 0.828739 0.360193
L: -0.0137585 0.0201597 0.564328
right
480
gcm: 0.655605 1.06631 1.88356
H: -1.62355 0.484674 0.173389
L: 0.000826541 -0.00359815 0.581032
right
481
gcm: 0.656003 1.06609 1.8911
H: -2.79252 0.287806 -1.12717
L: 0.0282301 -0.0156895 0.535226
right
482
gcm: 0.656271 1.06574 1.89819
H: -0.933812 0.503381 -0.793009
L: 0.0190348 -0.0241643 0.503564
right
483
gcm: 0.656453 1.06525 1.90622
H: -0.709189 0.332993 -0.078216
L: 0.0129658 -0.0350492 0.569965
right
484
gcm: 0.656016 1.06477 1.9141
H: -1.55401 0.444133 0.214791
L: -0.0310636 -0.0340744 0.559647
right
485
gcm: 0.655595 1.06441 1.92255
H: -1.88362 0.355505 0.0064375
L: -0.0299032 -0.0256207 0.600138
right
486
gcm: 0.655587 1.06403 1.93191
H: -1.71047 0.263017 -1.00344
L: -0.000540802 -0.0272806 0.664497
right
487
gcm: 0.655416 1.06312 1.94051
H: -2.35696 0.361359 -0.787768
L: -0.0121245 -0.0643507 0.610136
right
488
gcm: 0.654581 1.06207 1.9488
H: -2.56978 0.292257 -0.069407
L: -0.0593059 -0.0744245 0.589277
right
489
gcm: 0.653488 1.06113 1.9573
H: -2.1867 0.362111 0.979085
L: -0.0776275 -0.0669043 0.603093
right
490
gcm: 0.653193 1.06011 1.96575
H: 0.290822 0.240264 -0.237539
L: -0.0209427 -0.0726743 0.599762
right
491
gcm: 0.653086 1.05912 1.97464
H: 1.37093 -0.117179 -0.617881
L: -0.00755931 -0.0697569 0.631203
right
492
gcm: 0.652794 1.05762 1.98325
H: 2.19176 0.189576 0.307063
L: -0.020729 -0.106437 0.611253
right
493
gcm: 0.652005 1.05609 1.99173
H: 1.31425 0.12578 -0.111527
L: -0.056056 -0.109059 0.602459
right
494
gcm: 0.650912 1.05439 2.00016
H: 0.247722 0.380482 0.427309
L: -0.0775887 -0.120801 0.598366
right
495
gcm: 0.649956 1.05329 2.0086
H: 0.54513 0.277933 0.392876
L: -0.0678922 -0.0775586 0.598985
right
496
gcm: 0.649238 1.05278 2.0173
H: 0.2596 -0.0121144 0.287082
L: -0.0509962 -0.0366239 0.618131
right
497
gcm: 0.648397 1.05056 2.02644
H: 0.544199 0.129236 0.113327
L: -0.0597033 -0.15724 0.648825
right
498
gcm: 0.647039 1.04731 2.03535
H: 0.028255 0.28648 1.12726
L: -0.0964108 -0.231277 0.632391
right
499
gcm: 0.645513 1.04575 2.04417
H: 0.676229 0.103325 0.900448
L: -0.108301 -0.110485 0.62631
right
500
gcm: 0.644065 1.04454 2.05311
H: 2.23128 0.108303 0.355053
L: -0.102853 -0.0857321 0.635043
right
501
gcm: 0.643452 1.04211 2.06314
H: 1.7871 8.54125e-05 -0.719469
L: -0.0435056 -0.172846 0.711758
right
502
gcm: 0.642656 1.04038 2.07298
H: 1.64643 -0.0239131 -0.644896
L: -0.0565412 -0.122621 0.699043
right
503
gcm: 0.641147 1.04011 2.08282
H: 2.49042 0.169817 0.31796
L: -0.10714 -0.0193474 0.69824
right
504
gcm: 0.638783 1.04059 2.09281
H: 1.85377 0.38704 1.77061
L: -0.167798 0.0343403 0.709668
right
505
gcm: 0.637704 1.04036 2.10282
H: 2.06641 0.0557768 -0.855022
L: -0.076607 -0.0164205 0.710718
right
506
gcm: 0.635899 1.04015 2.11335
H: 2.68718 0.0718177 -0.354927
L: -0.128179 -0.0149421 0.74746
right
507
gcm: 0.634541 1.03942 2.1235
H: 2.80615 0.0627502 0.360266
L: -0.0964349 -0.0516544 0.720785
right
508
gcm: 0.633488 1.03914 2.1328
H: 2.17051 0.0358066 -0.493317
L: -0.074742 -0.0204352 0.660377
right
509
gcm: 0.631219 1.03982 2.14355
H: 3.51228 -0.201323 -0.68306
L: -0.161126 0.0487605 0.762983
none 
510
gcm: 0.629089 1.04043 2.15333
H: 1.50202 0.101942 1.81052
L: -0.151227 0.0429317 0.694552
none 
511
gcm: 0.627208 1.04062 2.16321
H: 1.87374 0.368411 0.714965
L: -0.133497 0.0137025 0.701367
none 
512
gcm: 0.625186 1.04098 2.17211
H: 1.18618 0.00619513 0.274524
L: -0.143598 0.0258565 0.632071
none 
513
gcm: 0.623404 1.04168 2.18001
H: -0.534599 -0.275715 0.792639
L: -0.126494 0.0493469 0.560728
none 
514
gcm: 0.622086 1.04258 2.18998
H: 2.58272 0.172635 -0.597454
L: -0.0935812 0.0639515 0.707773
left
515
gcm: 0.620473 1.04313 2.19933
H: 0.782429 0.0667996 0.933173
L: -0.114562 0.038759 0.664009
left
516
gcm: 0.619076 1.04301 2.21138
H: 2.78167 -0.382513 0.918443
L: -0.0991467 -0.00802147 0.855807
left
516
gcm: 0.619076 1.04301 2.21138
H: 0 0 0
L: 0 0 0
none 
