:metadata
 
Skeleton: /Network/Servers/duerer/Volumes/duerer/laturnus/workspace/new_acm/mocapPlayer/mocapPlayer/07-walk.asf
Motion: /Network/Servers/duerer/Volumes/duerer/laturnus/workspace/new_acm/amc/03_04-walk on uneven terrain.amc
Mass Distribution: /Network/Servers/duerer/Volumes/duerer/laturnus/workspace/new_acm/amd/clauser1969_point.amd
 
Inital skeleton translation: 0 0 0
Initial skeleton rotation: 0 0 0
 
:data
1
gcm: -0.37886 1.21637 -1.43369
H: -0.35803 -0.108355 1.55926
L: -0.17991 -0.0201113 0.321014
2
gcm: -0.381974 1.21731 -1.42714
H: -1.63174 -0.58553 1.13883
L: -0.161944 0.0492822 0.340879
3
gcm: -0.384934 1.21847 -1.42049
H: 0.675701 -0.276784 0.402035
L: -0.15395 0.0602841 0.345806
4
gcm: -0.387918 1.21926 -1.41439
H: -0.771489 -0.521083 0.990205
L: -0.155122 0.0410043 0.31692
5
gcm: -0.390513 1.21989 -1.40821
H: -0.344174 -0.506824 0.0316782
L: -0.134938 0.0325888 0.321391
6
gcm: -0.392872 1.22088 -1.40169
H: 0.171469 -0.454693 -0.634627
L: -0.122705 0.0517696 0.339075
7
gcm: -0.395276 1.22231 -1.39541
H: -0.835655 -0.726937 0.237651
L: -0.124987 0.0741721 0.326497
8
gcm: -0.397879 1.22301 -1.3896
H: -0.366638 -0.312923 0.858585
L: -0.135368 0.0365616 0.302338
9
gcm: -0.400572 1.2247 -1.38323
H: -1.54926 -0.577904 0.990033
L: -0.140053 0.0875797 0.330935
10
gcm: -0.402961 1.22576 -1.37718
H: -1.10202 -0.605664 0.27556
L: -0.124217 0.0553024 0.314911
11
gcm: -0.405209 1.22746 -1.3708
H: -2.05847 -0.967062 -0.0634026
L: -0.116902 0.0885551 0.331885
12
gcm: -0.407463 1.22765 -1.36482
H: -3.14903 -0.885146 0.868283
L: -0.117206 0.0095426 0.310733
13
gcm: -0.409914 1.22901 -1.35853
H: -2.2138 -0.770321 0.435574
L: -0.127425 0.0708267 0.327067
14
gcm: -0.41234 1.2304 -1.35256
H: -2.3001 -0.547601 0.486153
L: -0.126178 0.0720587 0.310432
15
gcm: -0.414441 1.23094 -1.34683
H: -1.02481 -0.525634 0.356256
L: -0.109217 0.0284907 0.298151
16
gcm: -0.416398 1.23259 -1.34037
H: -2.58403 -1.24655 0.322716
L: -0.10178 0.0853519 0.335698
17
gcm: -0.418101 1.23334 -1.33412
H: -1.26059 -0.877819 0.162793
L: -0.0885858 0.0393757 0.324804
18
gcm: -0.419909 1.23391 -1.3282
H: -1.34613 -0.891968 0.158466
L: -0.0939857 0.0296919 0.308076
19
gcm: -0.421737 1.23457 -1.32209
H: -1.88266 -0.965281 0.0221596
L: -0.0950702 0.0343904 0.317634
20
gcm: -0.423409 1.2352 -1.31588
H: -2.10105 -0.896526 0.0214004
L: -0.0869225 0.0324728 0.323238
21
gcm: -0.424984 1.23611 -1.30961
H: -2.31324 -0.884809 0.109108
L: -0.081887 0.0472533 0.325656
22
gcm: -0.426584 1.23696 -1.3034
H: -2.26482 -0.793218 0.291502
L: -0.0832354 0.0440608 0.323084
23
gcm: -0.428196 1.2376 -1.29704
H: -2.02143 -0.713961 0.366548
L: -0.0838311 0.0335108 0.330925
24
gcm: -0.429605 1.23854 -1.29077
H: -2.10296 -0.864278 -0.139352
L: -0.0732458 0.0488992 0.325591
25
gcm: -0.430796 1.23961 -1.28468
H: -2.54447 -0.887193 -0.527274
L: -0.061924 0.0557304 0.317119
26
gcm: -0.432031 1.24013 -1.27851
H: -2.87588 -0.828325 -0.226285
L: -0.064218 0.0267795 0.320647
27
gcm: -0.433348 1.24043 -1.27214
H: -3.11096 -0.734538 0.255716
L: -0.0684931 0.0159227 0.331338
28
gcm: -0.434498 1.24086 -1.26584
H: -3.11406 -0.816553 0.255227
L: -0.0598178 0.0221685 0.327289
29
gcm: -0.435432 1.24124 -1.25963
H: -2.8911 -0.839181 -0.53138
L: -0.0485516 0.0199679 0.323242
30
gcm: -0.436413 1.24213 -1.25319
H: -2.65242 -0.704422 -0.720438
L: -0.0510029 0.0460231 0.334849
31
gcm: -0.437402 1.2432 -1.24694
H: -3.08967 -0.697359 -0.577014
L: -0.0514355 0.0557085 0.325029
32
gcm: -0.438342 1.24377 -1.24102
H: -3.40802 -0.655114 -0.294731
L: -0.0488752 0.0295942 0.30778
33
gcm: -0.439161 1.24449 -1.23478
H: -3.09325 -0.601244 -0.217719
L: -0.0425916 0.0374333 0.324329
34
gcm: -0.43999 1.24523 -1.22824
H: -3.43324 -0.552635 -0.700751
L: -0.0431126 0.0384674 0.340322
35
gcm: -0.440642 1.24531 -1.22216
H: -4.11476 -0.639217 -0.801634
L: -0.0339198 0.00401812 0.316221
36
gcm: -0.441401 1.24548 -1.21575
H: -3.23654 -0.533348 -0.2227
L: -0.0394611 0.00885901 0.333043
37
gcm: -0.442083 1.24581 -1.20912
H: -3.31375 -0.481251 0.265245
L: -0.0354676 0.0171898 0.34465
38
gcm: -0.443027 1.24601 -1.203
H: -3.37744 -0.402396 0.701574
L: -0.0490783 0.0105815 0.318467
39
gcm: -0.443561 1.24648 -1.19675
H: -3.61972 -0.379288 0.131425
L: -0.027776 0.024163 0.325027
40
gcm: -0.443736 1.24642 -1.19055
H: -3.7326 -0.415582 0.118728
L: -0.00907603 -0.00298883 0.322191
41
gcm: -0.443879 1.24677 -1.18408
H: -3.46021 -0.236064 0.350105
L: -0.00746188 0.0181717 0.336792
42
gcm: -0.445036 1.24778 -1.17825
H: -3.94451 0.00112109 1.42193
L: -0.0601633 0.0527642 0.302828
43
gcm: -0.445476 1.24822 -1.1717
H: -3.58131 -0.000825525 0.823993
L: -0.0228741 0.0230515 0.340634
44
gcm: -0.445552 1.24822 -1.16523
H: -3.53599 -0.23525 0.520686
L: -0.00394519 -0.000147694 0.336597
45
gcm: -0.44608 1.24848 -1.15888
H: -3.41776 -0.249435 0.866538
L: -0.0274833 0.0132959 0.330364
46
gcm: -0.446763 1.24865 -1.1526
H: -2.99671 -0.00273906 1.18322
L: -0.0354866 0.00908149 0.326491
47
gcm: -0.447431 1.24913 -1.14622
H: -2.80878 -0.032275 1.08384
L: -0.0347386 0.0249852 0.331564
48
gcm: -0.447829 1.25025 -1.1394
H: -3.10071 0.033411 0.692878
L: -0.0206793 0.0581726 0.354851
49
gcm: -0.448159 1.25124 -1.13264
H: -2.2376 0.0875641 0.855323
L: -0.0171721 0.0511402 0.35121
50
gcm: -0.448478 1.25139 -1.12589
H: -0.511712 -0.0968839 0.586309
L: -0.0165732 0.00786281 0.351316
51
gcm: -0.448766 1.25144 -1.11905
H: -1.8562 0.171748 0.870839
L: -0.015009 0.00274692 0.355303
52
gcm: -0.448835 1.25035 -1.11156
H: -0.139572 -0.0702991 0.858571
L: -0.00358573 -0.0565843 0.389413
53
gcm: -0.448795 1.25075 -1.10412
H: 0.104684 -0.0360446 0.757391
L: 0.00206778 0.0205174 0.387248
54
gcm: -0.448897 1.25076 -1.09653
H: -0.882772 0.140615 0.608332
L: -0.00526805 0.000733988 0.394472
55
gcm: -0.44894 1.25029 -1.08873
H: -1.23128 0.316975 0.283183
L: -0.00225758 -0.0244228 0.405883
56
gcm: -0.448638 1.25022 -1.08093
H: -0.255155 0.260476 0.219492
L: 0.0157325 -0.00370856 0.405197
57
gcm: -0.448467 1.25113 -1.07115
H: 1.6616 0.751495 -0.112289
L: 0.00886071 0.047329 0.50897
58
gcm: -0.448213 1.25162 -1.06177
H: 1.04025 0.546092 -0.0889157
L: 0.0132422 0.0256346 0.487382
59
gcm: -0.447679 1.25215 -1.05238
H: 1.21991 0.514163 -0.326778
L: 0.0277333 0.0273808 0.488385
60
gcm: -0.447047 1.25227 -1.04332
H: 2.12512 0.389276 -0.119132
L: 0.0328917 0.00622033 0.471288
61
gcm: -0.446309 1.25254 -1.03468
H: 3.12319 0.202321 -0.30734
L: 0.0383548 0.0141804 0.449147
62
gcm: -0.445763 1.25282 -1.0257
H: 2.25619 0.20779 -0.108262
L: 0.0283715 0.0142687 0.467158
63
gcm: -0.445221 1.25322 -1.01655
H: 2.76056 0.157692 0.25861
L: 0.0282026 0.0212317 0.47563
64
gcm: -0.444869 1.25323 -1.00742
H: 2.67678 0.0371455 -0.197906
L: 0.0183077 9.04572e-05 0.474824
65
gcm: -0.444043 1.25336 -0.997907
H: 2.9571 0.0161334 -0.413059
L: 0.0429506 0.00682972 0.494607
66
gcm: -0.443242 1.2527 -0.988506
H: 3.4606 -0.115366 -0.0255318
L: 0.0416297 -0.0343879 0.488861
67
gcm: -0.442477 1.25184 -0.979125
H: 3.50251 -0.194998 0.143542
L: 0.0398111 -0.0442113 0.487848
68
gcm: -0.441684 1.25116 -0.969876
H: 3.35956 -0.148098 0.184404
L: 0.0412161 -0.0357456 0.48095
69
gcm: -0.440763 1.25058 -0.960644
H: 3.50997 -0.10948 -0.138373
L: 0.0479009 -0.029866 0.480063
70
gcm: -0.439876 1.2502 -0.951336
H: 3.47003 -0.198687 -0.0248428
L: 0.0461088 -0.0200378 0.483978
71
gcm: -0.439271 1.24989 -0.942008
H: 2.9111 -0.175432 0.895125
L: 0.0314758 -0.0162078 0.485064
72
gcm: -0.438467 1.24961 -0.932504
H: 3.03349 -0.100776 0.9641
L: 0.0418301 -0.0145937 0.494198
73
gcm: -0.437423 1.24937 -0.922896
H: 3.52095 -0.0931565 0.583383
L: 0.0542785 -0.0120856 0.499613
74
gcm: -0.436491 1.24918 -0.913241
H: 3.56408 -0.0724286 0.65389
L: 0.0484427 -0.0102757 0.502081
75
gcm: -0.435559 1.24905 -0.903544
H: 3.58564 -0.125158 0.49606
L: 0.0484851 -0.00661567 0.504241
76
gcm: -0.434782 1.24883 -0.893639
H: 3.43497 -0.0341368 0.489183
L: 0.0403835 -0.0114494 0.515072
77
gcm: -0.433784 1.24856 -0.882798
H: 4.02125 0.112277 -0.0670694
L: 0.0518874 -0.0139353 0.563711
78
gcm: -0.432908 1.24842 -0.872193
H: 4.10134 -0.0274869 0.744678
L: 0.045558 -0.00723443 0.551496
79
gcm: -0.432226 1.24805 -0.861771
H: 4.36928 -0.0976307 0.693468
L: 0.035464 -0.0194176 0.5419
80
gcm: -0.431333 1.24773 -0.851508
H: 3.94177 0.0109016 0.0350124
L: 0.0464419 -0.01654 0.533687
81
gcm: -0.430109 1.24736 -0.841467
H: 4.04175 -0.00507934 -0.40731
L: 0.0636684 -0.0192466 0.522148
82
gcm: -0.429275 1.24725 -0.831262
H: 4.13195 0.204224 -0.251122
L: 0.0433612 -0.00569918 0.530674
83
gcm: -0.428696 1.2469 -0.820899
H: 4.48805 0.0945926 0.414787
L: 0.0300937 -0.018169 0.538859
84
gcm: -0.427926 1.24641 -0.810823
H: 4.6359 -0.0889748 0.345132
L: 0.0400631 -0.0256792 0.523928
85
gcm: -0.426946 1.24571 -0.801219
H: 3.73902 0.0276373 -0.354046
L: 0.0509582 -0.0361544 0.499411
86
gcm: -0.425898 1.24548 -0.791261
H: 3.90426 0.135963 -0.688749
L: 0.0544998 -0.0119273 0.517837
87
gcm: -0.425163 1.24508 -0.781584
H: 3.61213 0.0945877 0.110107
L: 0.0382188 -0.0209117 0.503179
88
gcm: -0.424685 1.24389 -0.772224
H: 3.74948 -0.236565 1.18504
L: 0.024816 -0.0619986 0.486732
89
gcm: -0.424017 1.24433 -0.76294
H: 4.55453 -0.343037 0.593184
L: 0.0347574 0.0227624 0.482791
90
gcm: -0.423119 1.24465 -0.753842
H: 3.31657 -0.00104129 -0.17802
L: 0.0466885 0.0166825 0.473097
91
gcm: -0.422171 1.24464 -0.744621
H: 3.25314 0.198879 -0.851642
L: 0.0492912 -0.000111043 0.479505
92
gcm: -0.42143 1.24492 -0.735348
H: 2.81863 0.293685 -0.663144
L: 0.0385303 0.0143485 0.482148
93
gcm: -0.420827 1.24596 -0.726044
H: 2.75511 0.225152 -0.418032
L: 0.0313491 0.0542751 0.483828
94
gcm: -0.420296 1.24695 -0.717338
H: 2.09398 0.142964 -0.360062
L: 0.0276469 0.0511431 0.452697
95
gcm: -0.419672 1.24807 -0.708576
H: 2.61396 0.29216 -0.964871
L: 0.0324246 0.058408 0.455649
96
gcm: -0.419123 1.24878 -0.700341
H: 1.79891 0.210167 -0.332062
L: 0.0285819 0.0366972 0.428229
97
gcm: -0.418662 1.24933 -0.692058
H: 2.2244 0.1661 -0.376749
L: 0.0239438 0.0285894 0.43069
98
gcm: -0.418426 1.25045 -0.68395
H: 1.87308 0.251395 -0.64071
L: 0.0122714 0.0585836 0.421616
99
gcm: -0.418105 1.25212 -0.676279
H: 0.888337 0.313876 -0.447295
L: 0.0167016 0.0867984 0.398906
100
gcm: -0.418186 1.25391 -0.668146
H: 1.32235 0.259225 0.150804
L: -0.00418771 0.0929743 0.422911
101
gcm: -0.41797 1.25489 -0.660246
H: 0.544736 0.277535 -0.0272186
L: 0.0112189 0.0507771 0.4108
102
gcm: -0.417998 1.25615 -0.652393
H: 0.714508 0.378086 0.157361
L: -0.001476 0.0657069 0.408355
103
gcm: -0.417812 1.25818 -0.644834
H: 0.407861 0.449936 0.519467
L: 0.00966094 0.105455 0.39305
104
gcm: -0.417374 1.25993 -0.637313
H: 0.175245 0.475125 -0.729925
L: 0.0227908 0.091279 0.391135
105
gcm: -0.417293 1.26174 -0.63021
H: -0.554145 0.653045 -0.298256
L: 0.00420736 0.0940753 0.369349
106
gcm: -0.416866 1.26313 -0.623054
H: -0.149322 0.469113 -0.657424
L: 0.0222288 0.0719985 0.372115
107
gcm: -0.416473 1.26481 -0.614777
H: 0.386573 0.406894 -0.42388
L: 0.0204228 0.0872862 0.430408
108
gcm: -0.416501 1.26599 -0.608002
H: -1.18547 0.610708 0.252658
L: -0.00145595 0.0617673 0.352251
109
gcm: -0.416474 1.26776 -0.600576
H: -1.04423 0.721365 0.0622885
L: 0.00137604 0.0917098 0.386173
110
gcm: -0.416611 1.26852 -0.593481
H: -1.02496 0.683319 -0.000128223
L: -0.00712429 0.0395638 0.368949
111
gcm: -0.416474 1.26977 -0.586574
H: -1.17052 0.743164 0.136708
L: 0.00716667 0.0651825 0.359134
112
gcm: -0.416475 1.27103 -0.579554
H: -0.759099 0.571669 0.424438
L: -4.48745e-05 0.0653167 0.365087
113
gcm: -0.416491 1.27154 -0.572407
H: 0.253662 0.420125 0.59202
L: -0.000862692 0.0264284 0.371639
114
gcm: -0.416423 1.27171 -0.565778
H: -1.27568 0.644758 0.0472744
L: 0.00353263 0.00912089 0.344708
115
gcm: -0.416179 1.27307 -0.558227
H: -0.793225 0.616577 0.415506
L: 0.0126915 0.0704199 0.392654
116
gcm: -0.416168 1.27379 -0.551246
H: -0.836659 0.736444 0.912158
L: 0.000581265 0.0375652 0.36299
117
gcm: -0.41643 1.27379 -0.544492
H: -3.47466 1.01944 0.236035
L: -0.0136422 0.000160409 0.35121
118
gcm: -0.416421 1.27357 -0.537876
H: 1.35364 0.48065 1.65941
L: 0.000459064 -0.0112447 0.344044
119
gcm: -0.41596 1.2736 -0.530692
H: 0.476985 0.474392 0.304541
L: 0.0239887 0.00140337 0.373541
120
gcm: -0.416274 1.27322 -0.523774
H: -3.63904 0.809732 -0.0305152
L: -0.0163082 -0.0197911 0.359735
121
gcm: -0.416482 1.27256 -0.516774
H: -2.54958 0.752717 0.271629
L: -0.0108048 -0.0345797 0.364043
122
gcm: -0.416743 1.27152 -0.510082
H: 1.30209 0.559345 1.75693
L: -0.0135798 -0.053659 0.347981
123
gcm: -0.416709 1.27056 -0.503
H: -3.48681 0.721082 -0.607842
L: 0.00173707 -0.0500355 0.368233
124
gcm: -0.416756 1.27009 -0.496233
H: 0.0944718 0.546102 0.90307
L: -0.00243339 -0.0246725 0.351911
125
gcm: -0.416959 1.2694 -0.489527
H: -3.28208 0.661394 -0.000683559
L: -0.0105716 -0.0355789 0.348697
126
gcm: -0.417158 1.26748 -0.482731
H: 1.39303 0.427732 1.47347
L: -0.0103432 -0.0999431 0.353405
127
gcm: -0.41721 1.26567 -0.476041
H: -4.67758 0.548779 -0.740968
L: -0.00267666 -0.0944101 0.347864
128
gcm: -0.417259 1.2641 -0.469337
H: -1.98472 0.539684 -0.111564
L: -0.00257228 -0.081302 0.348607
129
gcm: -0.417413 1.2622 -0.462704
H: -1.59475 0.440502 0.399961
L: -0.00799535 -0.0990533 0.344901
130
gcm: -0.417505 1.26015 -0.455641
H: -1.44 0.496724 0.544717
L: -0.00476116 -0.106281 0.367289
131
gcm: -0.417932 1.25754 -0.449028
H: -1.81375 0.408296 0.702999
L: -0.0222324 -0.136004 0.343876
132
gcm: -0.418295 1.25484 -0.442454
H: -1.84474 0.583062 0.418535
L: -0.01889 -0.140188 0.341852
133
gcm: -0.418639 1.25147 -0.435778
H: -1.27105 0.348569 0.516624
L: -0.0178737 -0.175112 0.347174
134
gcm: -0.419141 1.25009 -0.429063
H: -1.32255 0.384038 0.812877
L: -0.0260873 -0.0717544 0.349183
135
gcm: -0.419534 1.2481 -0.422467
H: -0.822024 0.384488 0.220999
L: -0.0204404 -0.103868 0.342988
136
gcm: -0.419753 1.24519 -0.415783
H: -0.451005 0.383148 -0.104881
L: -0.0113779 -0.150975 0.34755
137
gcm: -0.419962 1.24179 -0.408759
H: -0.44504 0.247709 -0.306952
L: -0.0109051 -0.177074 0.365244
138
gcm: -0.420354 1.23878 -0.401982
H: -0.760181 0.178669 -0.278034
L: -0.0203748 -0.156368 0.352411
139
gcm: -0.421174 1.23648 -0.394835
H: -0.264977 0.345273 1.02369
L: -0.0426204 -0.119538 0.371643
140
gcm: -0.422053 1.23348 -0.387561
H: 0.132791 0.269114 1.04063
L: -0.0457144 -0.156026 0.378219
141
gcm: -0.422595 1.22954 -0.380664
H: 0.149004 0.00901627 -0.150076
L: -0.0282067 -0.205098 0.358647
142
gcm: -0.423123 1.22599 -0.373648
H: 0.332485 0.111038 -0.380556
L: -0.0274262 -0.184647 0.364877
143
gcm: -0.423815 1.22231 -0.366319
H: 0.973869 0.120745 0.246555
L: -0.0359878 -0.191155 0.381078
144
gcm: -0.424494 1.21814 -0.35888
H: 0.797421 0.23249 0.872826
L: -0.0352896 -0.21696 0.386832
145
gcm: -0.42508 1.21404 -0.35158
H: -0.358275 0.162653 0.199461
L: -0.030496 -0.213023 0.379591
146
gcm: -0.425909 1.2101 -0.344257
H: -0.369699 0.113612 -0.212703
L: -0.0431243 -0.205143 0.38082
147
gcm: -0.426969 1.20615 -0.336908
H: 1.04128 0.265823 0.685068
L: -0.0550994 -0.205371 0.382116
148
gcm: -0.427751 1.20179 -0.329474
H: 1.25697 0.216306 -0.0399057
L: -0.0406844 -0.226743 0.386586
149
gcm: -0.428287 1.19693 -0.321661
H: 3.11234 0.131297 1.03552
L: -0.02787 -0.252448 0.406282
150
gcm: -0.42888 1.19243 -0.313264
H: 4.00286 0.31233 1.20125
L: -0.0308136 -0.234078 0.436653
151
gcm: -0.429453 1.18741 -0.305219
H: 1.66008 0.188677 -0.0508161
L: -0.0298314 -0.261221 0.418329
152
gcm: -0.430196 1.18126 -0.297997
H: 1.98074 0.0564771 0.867926
L: -0.0386029 -0.31942 0.375538
153
gcm: -0.430909 1.17737 -0.288528
H: 3.55465 -0.0542844 1.36282
L: -0.0371058 -0.202421 0.492401
154
gcm: -0.431548 1.16995 -0.28115
H: 3.5483 0.679676 -0.0511385
L: -0.0332078 -0.385904 0.383631
155
gcm: -0.432017 1.16365 -0.272774
H: 0.886325 0.407734 -0.560019
L: -0.0243725 -0.327682 0.435586
156
gcm: -0.432818 1.15678 -0.264761
H: -0.0915296 0.0236161 0.638348
L: -0.0416658 -0.357221 0.416657
157
gcm: -0.433003 1.15039 -0.255373
H: 1.95753 0.284321 -0.131038
L: -0.00961705 -0.332307 0.488168
158
gcm: -0.433625 1.14383 -0.247772
H: -3.34361 -0.475611 -1.55808
L: -0.0323346 -0.341052 0.395268
159
gcm: -0.433971 1.13505 -0.239986
H: 5.78906 0.901086 -0.43902
L: -0.0179796 -0.456364 0.404862
160
gcm: -0.434227 1.12851 -0.231632
H: 3.9445 0.152803 0.545302
L: -0.0133224 -0.340483 0.434389
161
gcm: -0.433607 1.12198 -0.221615
H: 6.48356 0.088815 0.873277
L: 0.0322118 -0.339533 0.520912
162
gcm: -0.433924 1.11571 -0.213927
H: 4.4958 0.0511741 0.91403
L: -0.0164558 -0.325708 0.399784
163
gcm: -0.434477 1.11012 -0.205999
H: 4.96883 0.226476 2.20581
L: -0.0287802 -0.290652 0.412247
164
gcm: -0.434638 1.10371 -0.198666
H: 7.19415 0.785543 1.16668
L: -0.00837305 -0.333467 0.381304
165
gcm: -0.434717 1.09986 -0.193063
H: 1.67973 -0.773973 -0.005279
L: -0.00407095 -0.200189 0.291381
166
gcm: -0.434667 1.09498 -0.184384
H: 5.91083 -0.0616059 0.918676
L: 0.00255216 -0.254059 0.451286
167
gcm: -0.43464 1.09069 -0.175797
H: 5.151 0.237695 0.0281599
L: 0.00144936 -0.222724 0.446535
168
gcm: -0.434146 1.08729 -0.167716
H: 5.07878 0.335689 -1.06932
L: 0.0256569 -0.176713 0.420218
169
gcm: -0.433919 1.08417 -0.159854
H: 4.99759 0.115857 0.193499
L: 0.0118266 -0.162625 0.408807
170
gcm: -0.433662 1.08312 -0.153567
H: 0.0730306 -0.46714 0.0684395
L: 0.0133596 -0.0542237 0.326933
171
gcm: -0.433265 1.08237 -0.147514
H: -0.224591 -0.179768 0.695009
L: 0.0206238 -0.0389766 0.314768
172
gcm: -0.433744 1.08154 -0.13924
H: 1.89768 0.590736 0.363116
L: -0.0248884 -0.043129 0.430211
173
gcm: -0.434337 1.08123 -0.130505
H: 2.55572 0.788882 2.74527
L: -0.0308355 -0.0163019 0.454222
174
gcm: -0.433768 1.08197 -0.125291
H: -1.56284 -0.533482 0.745955
L: 0.0295593 0.0384764 0.271124
175
gcm: -0.433589 1.08291 -0.118703
H: -0.498939 0.0486061 0.90302
L: 0.0093266 0.0488068 0.34262
176
gcm: -0.433412 1.08433 -0.113041
H: -0.402176 0.0317245 2.25962
L: 0.00918739 0.0737882 0.294419
177
gcm: -0.433362 1.08615 -0.107698
H: -3.21299 -0.363072 1.53127
L: 0.00263845 0.0946339 0.277807
178
gcm: -0.432441 1.08836 -0.100245
H: 0.478842 -0.639776 -0.219136
L: 0.0478716 0.115242 0.387584
179
gcm: -0.432835 1.08966 -0.0937746
H: -2.28606 0.00830966 1.03502
L: -0.0205096 0.0673976 0.336444
180
gcm: -0.432945 1.09286 -0.0864609
H: -1.16717 -0.755013 1.20986
L: -0.00568572 0.166605 0.380312
181
gcm: -0.431605 1.09649 -0.0825163
H: -5.02785 -1.25242 -0.0712403
L: 0.0696777 0.188382 0.205119
182
gcm: -0.431286 1.0994 -0.0756835
H: -2.35644 -0.587173 -0.493993
L: 0.0165886 0.151303 0.355308
183
gcm: -0.430903 1.10225 -0.0690117
H: -2.80891 -0.555939 -0.297474
L: 0.0199288 0.148355 0.346933
184
gcm: -0.430713 1.1053 -0.0621461
H: -2.76862 -0.290367 0.686989
L: 0.00983728 0.158339 0.357012
185
gcm: -0.430413 1.10815 -0.0568673
H: -3.38804 -0.877788 1.23445
L: 0.0156044 0.148602 0.274497
186
gcm: -0.429664 1.11185 -0.0507366
H: -3.84787 -0.793112 -1.09084
L: 0.0389695 0.192469 0.318797
187
gcm: -0.429527 1.11495 -0.0438646
H: -3.885 -0.763073 -2.09554
L: 0.00710594 0.161184 0.357342
188
gcm: -0.429426 1.11776 -0.0370722
H: -3.03122 -0.492154 -0.138979
L: 0.00525545 0.145697 0.353203
189
gcm: -0.429288 1.11958 -0.0319302
H: -4.25714 -1.02404 0.223997
L: 0.00719775 0.0950859 0.267387
190
gcm: -0.428784 1.12138 -0.0277863
H: -4.42733 -1.3357 0.427241
L: 0.026188 0.0932707 0.215481
191
gcm: -0.42794 1.12535 -0.0190655
H: 0.25147 -0.212944 -0.838644
L: 0.0438722 0.206777 0.453485
192
gcm: -0.42764 1.12575 -0.013801
H: -4.70109 -1.30683 -0.252782
L: 0.0156004 0.0204693 0.273753
193
gcm: -0.426841 1.12811 -0.0064738
H: -1.47418 -0.743471 -0.739611
L: 0.0415803 0.123066 0.381013
194
gcm: -0.426693 1.12981 -0.00141467
H: -3.92199 -0.863765 0.899007
L: 0.00767254 0.087976 0.263075
195
gcm: -0.426687 1.13082 0.00617952
H: -1.60419 -0.675184 0.730844
L: 0.000317218 0.0527792 0.394898
196
gcm: -0.42562 1.13236 0.0105724
H: -4.54858 -1.27998 0.433435
L: 0.0555078 0.080047 0.228432
197
gcm: -0.424651 1.1344 0.0173188
H: -2.76546 -1.01219 -1.93102
L: 0.0503519 0.105839 0.350809
198
gcm: -0.423727 1.13641 0.025094
H: -0.832268 -0.664147 -0.970295
L: 0.0480648 0.104668 0.40431
199
gcm: -0.42337 1.13725 0.0304688
H: -2.46608 -0.896528 1.78475
L: 0.0185522 0.0436458 0.279492
200
gcm: -0.422574 1.13819 0.0374563
H: -1.44915 -0.828534 -0.00846546
L: 0.0413869 0.0487554 0.36335
201
gcm: -0.421998 1.13906 0.0439496
H: -1.20689 -0.784212 0.501682
L: 0.0299795 0.0453097 0.33765
202
gcm: -0.421516 1.14045 0.0506879
H: -2.70717 -0.6656 -0.285472
L: 0.0250434 0.0725057 0.350395
203
gcm: -0.420626 1.14243 0.056591
H: -3.33388 -1.10505 0.139463
L: 0.0463125 0.102883 0.30696
204
gcm: -0.419721 1.14372 0.0620827
H: -3.13867 -0.925784 -0.118915
L: 0.0470142 0.0671903 0.285571
205
gcm: -0.419165 1.14384 0.0691107
H: -1.8294 -0.686597 -0.350952
L: 0.0289445 0.00632118 0.365452
206
gcm: -0.418288 1.14424 0.0751345
H: -3.15704 -0.848943 0.386703
L: 0.0455924 0.0207075 0.313237
207
gcm: -0.417905 1.14538 0.0808138
H: -3.46273 -0.644649 0.695869
L: 0.0199207 0.0594213 0.295327
208
gcm: -0.416906 1.14626 0.0866854
H: -4.77029 -0.741494 -0.495479
L: 0.0519724 0.0455133 0.305325
209
gcm: -0.415583 1.14698 0.0929823
H: -2.71113 -0.825274 -0.737746
L: 0.0687763 0.0375889 0.327436
210
gcm: -0.414686 1.14702 0.0993473
H: -1.93343 -0.706347 0.427079
L: 0.0466395 0.00206924 0.330979
211
gcm: -0.413477 1.14709 0.105916
H: -3.00967 -0.623475 0.187493
L: 0.0628634 0.0033085 0.34156
212
gcm: -0.412057 1.14766 0.11191
H: -3.624 -0.471144 -0.797427
L: 0.0738423 0.0296444 0.311713
213
gcm: -0.411621 1.14787 0.118545
H: -3.53716 -0.3171 1.009
L: 0.0226596 0.0110438 0.344988
214
gcm: -0.410339 1.14807 0.125279
H: 0.290164 -0.388485 -0.430237
L: 0.0666809 0.0106863 0.350197
215
gcm: -0.409251 1.14805 0.131751
H: -3.12979 -0.29665 0.939925
L: 0.0565841 -0.00118075 0.336555
216
gcm: -0.40823 1.14771 0.138396
H: -1.32089 -0.264227 0.970889
L: 0.0530917 -0.0175875 0.345529
217
gcm: -0.406909 1.14753 0.14486
H: -1.05366 -0.242591 1.04347
L: 0.0686843 -0.00963062 0.336131
218
gcm: -0.405318 1.14748 0.151541
H: -1.58922 -0.116199 -0.63748
L: 0.0827462 -0.00236406 0.347407
219
gcm: -0.403981 1.14723 0.157823
H: -1.89002 -0.0252862 -0.195603
L: 0.0694831 -0.0133714 0.326657
220
gcm: -0.402732 1.14668 0.16426
H: -0.874862 -0.000594441 0.799873
L: 0.0649934 -0.0284184 0.334724
221
gcm: -0.400969 1.14642 0.171367
H: 0.085462 -0.0865296 0.203444
L: 0.0916753 -0.0133012 0.369549
222
gcm: -0.399078 1.14615 0.178376
H: 0.00515452 0.00224656 -0.498784
L: 0.0982947 -0.0141943 0.364499
223
gcm: -0.397312 1.14579 0.185325
H: -0.223385 0.109661 -0.194218
L: 0.0918681 -0.0188006 0.361317
224
gcm: -0.395454 1.14521 0.192689
H: 0.532371 0.138652 -0.0618895
L: 0.0965839 -0.030037 0.382944
225
gcm: -0.394011 1.1445 0.199856
H: 0.38631 0.27841 0.572337
L: 0.0750728 -0.0370902 0.372702
226
gcm: -0.392267 1.14455 0.20708
H: 0.504421 0.268261 0.347321
L: 0.0906721 0.00274905 0.375633
227
gcm: -0.390439 1.14487 0.214614
H: 0.558082 0.0757722 0.916419
L: 0.0950639 0.0164526 0.391775
228
gcm: -0.388263 1.14516 0.22222
H: 0.928514 0.047317 0.623528
L: 0.113148 0.0150959 0.395529
229
gcm: -0.385753 1.14565 0.230634
H: 1.01312 0.203037 -0.216829
L: 0.130524 0.0254578 0.437505
230
gcm: -0.383542 1.14567 0.238298
H: 1.86977 0.0923616 -0.366831
L: 0.114953 0.00123876 0.398551
231
gcm: -0.382447 1.14537 0.245
H: 0.241439 0.242141 0.76903
L: 0.0569608 -0.0157287 0.348503
232
gcm: -0.380407 1.14573 0.252537
H: 1.21243 0.0521122 0.31439
L: 0.106069 0.0185889 0.391923
233
gcm: -0.377967 1.14655 0.261242
H: 3.33841 -0.19452 -0.017695
L: 0.126862 0.042801 0.452622
234
gcm: -0.375156 1.14752 0.270386
H: 2.6338 -0.219514 -0.412585
L: 0.146181 0.0505508 0.475522
235
gcm: -0.373606 1.14873 0.277843
H: 2.26764 -0.25791 1.15416
L: 0.0806053 0.0631137 0.387744
236
gcm: -0.371196 1.15018 0.285965
H: 2.01822 -0.115098 -0.0375422
L: 0.125311 0.0751499 0.422351
237
gcm: -0.369459 1.15167 0.293448
H: 1.16199 0.103936 0.295706
L: 0.0903362 0.0776798 0.389093
238
gcm: -0.367049 1.15305 0.302314
H: 3.73547 -0.212234 -0.222009
L: 0.125291 0.0718126 0.461036
239
gcm: -0.364746 1.15369 0.309669
H: 2.88598 -0.234542 -0.0492754
L: 0.119799 0.0331027 0.382455
240
gcm: -0.362694 1.15438 0.317381
H: 2.82201 -0.354099 0.78131
L: 0.106705 0.0357619 0.401025
241
gcm: -0.360712 1.15518 0.325348
H: 1.63204 -0.109736 0.569539
L: 0.103036 0.0418957 0.414304
242
gcm: -0.358794 1.15563 0.333619
H: 4.21823 -0.312834 0.20375
L: 0.0997534 0.0231726 0.430115
243
gcm: -0.357112 1.15621 0.341867
H: 5.14607 -0.600006 1.16402
L: 0.0874534 0.0300971 0.428846
244
gcm: -0.355215 1.15717 0.349386
H: 1.887 0.0980937 -0.756763
L: 0.0986589 0.049998 0.391028
245
gcm: -0.353332 1.1578 0.357065
H: 2.44309 -0.0780659 -0.39032
L: 0.0978911 0.032807 0.399317
246
gcm: -0.351227 1.15832 0.364583
H: 3.08421 -0.252879 -0.78981
L: 0.109453 0.0271528 0.390916
247
gcm: -0.349035 1.15931 0.371861
H: 4.02622 -0.358055 -0.822664
L: 0.114013 0.0512904 0.378458
248
gcm: -0.347137 1.16067 0.379179
H: 4.84164 -0.685007 0.392178
L: 0.0986727 0.07085 0.38051
249
gcm: -0.345325 1.16183 0.386425
H: 2.82038 -0.25779 -0.437097
L: 0.0942256 0.0601686 0.376812
250
gcm: -0.343678 1.16299 0.393613
H: 3.75659 -0.235643 -0.281113
L: 0.0856382 0.0601869 0.37376
251
gcm: -0.342186 1.16439 0.401021
H: 1.99418 0.0701893 -0.272581
L: 0.0776231 0.0727981 0.385209
252
gcm: -0.340453 1.16587 0.408365
H: 1.69378 0.03625 -0.287889
L: 0.0900772 0.0772914 0.381888
253
gcm: -0.338626 1.16741 0.415822
H: 4.73471 -0.207354 -1.40942
L: 0.0950213 0.080105 0.387788
254
gcm: -0.336779 1.16899 0.423252
H: 4.36341 -0.236271 -1.11694
L: 0.0960183 0.0818818 0.386349
255
gcm: -0.335148 1.17042 0.43059
H: 1.56448 0.0320955 -0.587766
L: 0.0848402 0.0741949 0.38157
256
gcm: -0.334265 1.17161 0.436909
H: 2.23491 0.360476 -0.536568
L: 0.0458938 0.0620941 0.32859
257
gcm: -0.332548 1.17352 0.443191
H: 1.7733 0.0871569 -0.770422
L: 0.0892879 0.0995134 0.326692
258
gcm: -0.331848 1.17524 0.449991
H: 1.91946 0.239554 0.35592
L: 0.0364064 0.0894191 0.353566
259
gcm: -0.330721 1.17712 0.456842
H: 1.89229 0.242651 -0.810989
L: 0.0585868 0.0973677 0.356271
260
gcm: -0.32978 1.17841 0.462732
H: 0.400423 0.534286 -0.645361
L: 0.0489358 0.0674569 0.306294
261
gcm: -0.328094 1.18202 0.469917
H: 1.19656 0.233987 -1.5648
L: 0.0876824 0.187529 0.37362
262
gcm: -0.32681 1.18498 0.47648
H: 0.472365 0.296009 -0.169038
L: 0.0667597 0.154076 0.341248
263
gcm: -0.325941 1.18704 0.482633
H: 0.737813 0.362279 -0.161482
L: 0.0452112 0.107061 0.319976
264
gcm: -0.325164 1.18914 0.488895
H: 1.15485 0.355492 0.115006
L: 0.0403922 0.10893 0.325591
265
gcm: -0.324353 1.19161 0.495018
H: 0.810692 0.372957 0.232731
L: 0.0421544 0.128704 0.318416
266
gcm: -0.323491 1.19397 0.5007
H: -0.277883 0.499913 -0.457804
L: 0.044832 0.122721 0.295489
267
gcm: -0.322645 1.1962 0.506413
H: -0.579675 0.53999 -0.349726
L: 0.0440114 0.115823 0.297056
268
gcm: -0.321765 1.19871 0.512947
H: -0.211996 0.473938 0.733713
L: 0.0457715 0.130678 0.339767
269
gcm: -0.319727 1.20121 0.518574
H: -0.814135 0.276312 -2.91291
L: 0.105978 0.129972 0.292593
270
gcm: -0.318637 1.2036 0.524333
H: -1.19482 0.552213 -1.07896
L: 0.0566519 0.124079 0.299492
271
gcm: -0.318432 1.20566 0.530293
H: -1.75851 0.80592 0.215659
L: 0.0106589 0.107367 0.309913
272
gcm: -0.317274 1.20768 0.535537
H: -1.03213 0.413201 -0.19376
L: 0.0602409 0.104941 0.272709
273
gcm: -0.31621 1.21026 0.541339
H: -0.495656 0.525731 0.0459543
L: 0.0553204 0.134311 0.301699
274
gcm: -0.31517 1.21239 0.547876
H: -1.67961 0.531567 -1.5664
L: 0.054079 0.110874 0.339928
275
gcm: -0.314005 1.21398 0.553257
H: -0.801723 0.269417 -0.521206
L: 0.0605541 0.0824428 0.279764
276
gcm: -0.313227 1.21621 0.559195
H: -1.55973 0.652259 0.00341107
L: 0.0404952 0.11609 0.308777
277
gcm: -0.312753 1.21742 0.564937
H: -2.27698 0.819829 0.69237
L: 0.024627 0.0625281 0.298602
278
gcm: -0.312083 1.2183 0.570486
H: -2.15716 0.797694 -0.370614
L: 0.0348525 0.0462705 0.288545
279
gcm: -0.311338 1.21958 0.575739
H: -2.27596 0.655684 -0.0356046
L: 0.0387255 0.0660752 0.273163
280
gcm: -0.310773 1.22067 0.58148
H: -1.6131 0.643556 -0.0596264
L: 0.0293692 0.0568668 0.298533
281
gcm: -0.309723 1.22228 0.587616
H: -1.79951 0.439581 -0.762439
L: 0.0546285 0.083939 0.319063
282
gcm: -0.309315 1.22309 0.593609
H: -2.13183 0.623416 1.28023
L: 0.0212036 0.041947 0.311655
283
gcm: -0.308774 1.2236 0.599731
H: -2.57847 0.728893 -0.489201
L: 0.0281391 0.0266046 0.318327
284
gcm: -0.307898 1.22445 0.605719
H: -1.624 0.452235 0.401497
L: 0.0455527 0.0441291 0.311372
285
gcm: -0.307247 1.22509 0.611472
H: -2.48626 0.730497 -0.523945
L: 0.0338421 0.0331304 0.299153
286
gcm: -0.30675 1.22511 0.616841
H: -2.49734 0.671826 1.27909
L: 0.0258566 0.00124131 0.279217
287
gcm: -0.306027 1.2253 0.622003
H: -2.159 0.603627 -0.266488
L: 0.0376041 0.00990441 0.268403
288
gcm: -0.305458 1.22538 0.629231
H: 1.50058 0.0758897 1.17232
L: 0.0295839 0.00404363 0.375886
289
gcm: -0.304279 1.2252 0.634325
H: -5.68543 0.693554 -2.06067
L: 0.0612755 -0.00914199 0.264873
290
gcm: -0.303709 1.22446 0.639272
H: -3.2843 0.661835 0.840744
L: 0.0296793 -0.0386409 0.25723
291
gcm: -0.303844 1.22418 0.644495
H: -2.44969 0.789218 2.22491
L: -0.0070368 -0.0145798 0.271578
292
gcm: -0.302838 1.22376 0.650043
H: -1.29277 0.249539 0.375911
L: 0.0523271 -0.0218052 0.288507
293
gcm: -0.30205 1.22258 0.655867
H: -2.10792 0.360641 0.0334044
L: 0.0409447 -0.0612038 0.302856
294
gcm: -0.301714 1.22128 0.661783
H: -2.70298 0.566002 0.213288
L: 0.0174784 -0.0680652 0.307629
295
gcm: -0.30141 1.22025 0.667695
H: -1.859 0.500007 0.719132
L: 0.0158113 -0.0533406 0.307404
296
gcm: -0.300924 1.21936 0.673214
H: -1.01121 0.428864 0.265795
L: 0.0252525 -0.0462325 0.28701
297
gcm: -0.300327 1.21852 0.679006
H: -1.11048 0.407964 0.759737
L: 0.0310663 -0.0435838 0.301177
298
gcm: -0.299692 1.21679 0.6847
H: -0.674113 0.316968 0.731767
L: 0.0329949 -0.0900802 0.296089
299
gcm: -0.298975 1.2146 0.689796
H: -0.350029 0.141849 1.58044
L: 0.0373039 -0.113627 0.264989
300
gcm: -0.29844 1.2129 0.695962
H: -0.177596 0.195232 0.263258
L: 0.0278452 -0.0886955 0.320652
301
gcm: -0.29815 1.21124 0.702035
H: 0.235608 0.225719 1.57338
L: 0.0150768 -0.0860593 0.315789
302
gcm: -0.297791 1.20926 0.709375
H: -1.09439 0.351379 -2.81406
L: 0.0186594 -0.103416 0.381703
303
gcm: -0.29713 1.20739 0.715556
H: -0.189804 0.0913775 -0.868368
L: 0.0343656 -0.0970856 0.321363
304
gcm: -0.297281 1.20518 0.72205
H: -1.45212 0.394301 -1.08549
L: -0.00782821 -0.114917 0.337737
305
gcm: -0.297226 1.20341 0.728596
H: 0.441472 0.146591 0.79433
L: 0.00282099 -0.0918947 0.34037
306
gcm: -0.296593 1.20128 0.735367
H: 1.46483 -0.0515192 0.0935086
L: 0.0329366 -0.110688 0.352064
307
gcm: -0.295808 1.19834 0.74207
H: 0.929084 -0.0339666 -0.408194
L: 0.0407882 -0.152915 0.348564
308
gcm: -0.29577 1.19552 0.749022
H: 0.772302 0.0618206 1.07471
L: 0.00198723 -0.146833 0.361517
309
gcm: -0.296059 1.19219 0.75568
H: 0.225829 0.117067 1.19237
L: -0.0150277 -0.173167 0.34623
310
gcm: -0.295607 1.1899 0.762961
H: 1.7347 0.146719 -0.359341
L: 0.0235064 -0.119169 0.378615
311
gcm: -0.295431 1.18718 0.769846
H: 1.79061 0.101594 0.444782
L: 0.00916577 -0.141357 0.358023
312
gcm: -0.295587 1.18389 0.776777
H: 1.20744 0.159961 1.18805
L: -0.00811981 -0.170962 0.360373
313
gcm: -0.295631 1.1804 0.783998
H: 1.59217 0.200154 0.641028
L: -0.00227193 -0.18145 0.37551
314
gcm: -0.295243 1.17701 0.791093
H: 2.00587 0.0638331 -0.380788
L: 0.0201805 -0.176475 0.368922
315
gcm: -0.294997 1.17361 0.798199
H: 2.36519 0.0988164 0.430415
L: 0.012802 -0.17673 0.369551
316
gcm: -0.295123 1.17009 0.806113
H: 2.27634 0.174696 1.50685
L: -0.00659763 -0.182813 0.411517
317
gcm: -0.295031 1.16608 0.813909
H: 2.95374 0.0844615 1.14527
L: 0.0048021 -0.208847 0.405374
318
gcm: -0.294572 1.16135 0.821293
H: 2.9454 0.042222 0.220097
L: 0.0238551 -0.245955 0.383989
319
gcm: -0.294263 1.15665 0.82917
H: 2.26238 0.1178 -0.107564
L: 0.0160787 -0.244142 0.409575
320
gcm: -0.294044 1.15216 0.837076
H: 3.18651 0.136481 0.60249
L: 0.0114093 -0.233672 0.411132
321
gcm: -0.293692 1.14729 0.844911
H: 3.22521 0.0141553 0.514591
L: 0.0182835 -0.25318 0.407404
322
gcm: -0.293648 1.14187 0.852966
H: 0.707555 -0.00331086 0.499955
L: 0.00229355 -0.281888 0.418858
323
gcm: -0.293853 1.13628 0.860955
H: -3.09622 0.14867 0.94681
L: -0.0106551 -0.290535 0.415428
324
gcm: -0.293873 1.13043 0.86924
H: 2.16614 -0.254699 -0.902689
L: -0.00107008 -0.304132 0.430819
325
gcm: -0.293356 1.12505 0.877701
H: -0.0339127 -0.224253 -2.72583
L: 0.0268934 -0.279743 0.439965
326
gcm: -0.292857 1.12025 0.886411
H: 5.08698 -0.0795251 -0.232351
L: 0.0259661 -0.249926 0.452958
327
gcm: -0.292954 1.11483 0.894351
H: 1.76376 0.111911 0.466862
L: -0.00504456 -0.281658 0.412886
328
gcm: -0.292469 1.10971 0.902409
H: 2.96649 0.026443 -0.162104
L: 0.0252021 -0.266277 0.418995
329
gcm: -0.29205 1.10561 0.909996
H: 4.57558 0.106048 -0.558408
L: 0.0217866 -0.213208 0.394531
330
gcm: -0.292669 1.10134 0.917574
H: 3.18229 0.252487 0.971391
L: -0.0321967 -0.222192 0.39404
331
gcm: -0.292568 1.09714 0.92473
H: 2.76803 -0.185488 -0.00445367
L: 0.0052881 -0.218142 0.372115
332
gcm: -0.291913 1.09328 0.932051
H: 3.19922 -0.150236 -1.81493
L: 0.0340461 -0.200663 0.38068
333
gcm: -0.291908 1.08993 0.939491
H: 4.92176 0.233663 0.480316
L: 0.000249893 -0.174307 0.386916
334
gcm: -0.291208 1.08689 0.946474
H: 3.20064 -0.242707 -1.35492
L: 0.0364273 -0.158046 0.363101
335
gcm: -0.290239 1.08408 0.953381
H: 1.57602 -0.655717 -3.00828
L: 0.0503949 -0.145912 0.359172
336
gcm: -0.28951 1.08206 0.959761
H: 2.04637 -0.388758 -1.90923
L: 0.0379088 -0.105025 0.331775
337
gcm: -0.288837 1.08075 0.965835
H: 2.57881 -0.204571 -0.850591
L: 0.0349543 -0.0682666 0.315809
338
gcm: -0.28803 1.08001 0.972003
H: 2.73077 -0.120604 0.165675
L: 0.0419791 -0.0387548 0.32076
339
gcm: -0.287235 1.08011 0.978477
H: 1.15202 -0.0848193 0.911595
L: 0.0413585 0.00532763 0.336621
340
gcm: -0.286459 1.0809 0.984767
H: 0.533441 0.0956024 2.22155
L: 0.0403331 0.0408801 0.327081
341
gcm: -0.285144 1.08191 0.989838
H: 0.91297 0.105388 0.419093
L: 0.0684002 0.0526622 0.263704
342
gcm: -0.283798 1.08288 0.99438
H: 0.804571 -0.188631 0.43294
L: 0.0699918 0.0505584 0.23619
343
gcm: -0.282828 1.08373 0.999696
H: -2.63778 -0.01757 1.03007
L: 0.0504063 0.0443843 0.276438
344
gcm: -0.281791 1.08487 1.00484
H: 0.487281 -0.0120622 2.09827
L: 0.0539232 0.0591137 0.26744
345
gcm: -0.279909 1.08716 1.00991
H: -0.975103 -0.121367 -0.835526
L: 0.0978774 0.118863 0.263547
346
gcm: -0.27827 1.08935 1.01372
H: -1.25731 -0.403853 0.208374
L: 0.0852259 0.114099 0.198278
347
gcm: -0.276373 1.09214 1.01891
H: -0.408048 0.0508688 0.784355
L: 0.0986745 0.144867 0.269969
348
gcm: -0.274576 1.09482 1.02357
H: 1.02961 -0.0430283 1.20244
L: 0.0934047 0.139368 0.242346
349
gcm: -0.272995 1.09731 1.02891
H: -0.116274 -0.0343789 2.10857
L: 0.0822531 0.129586 0.277675
350
gcm: -0.270348 1.09928 1.03156
H: -2.18272 -0.596889 -3.5728
L: 0.137611 0.10272 0.137594
351
gcm: -0.268742 1.10108 1.03587
H: 0.144056 -0.0877858 0.864254
L: 0.0835177 0.0935258 0.223959
352
gcm: -0.267083 1.10342 1.04061
H: -0.473787 -0.0436118 0.952822
L: 0.0862671 0.121598 0.246749
353
gcm: -0.265111 1.10554 1.04453
H: -0.174069 -0.264337 0.836148
L: 0.102565 0.110115 0.20401
354
gcm: -0.262651 1.10777 1.04749
H: -2.79692 -1.01877 -2.81597
L: 0.127916 0.116134 0.153698
355
gcm: -0.260439 1.10865 1.0503
H: -1.8535 -0.471479 -2.86641
L: 0.114999 0.0458401 0.146067
356
gcm: -0.258299 1.11077 1.0555
H: 0.144706 -0.49415 1.05865
L: 0.11128 0.10982 0.270364
357
gcm: -0.256455 1.11228 1.06034
H: -1.25039 -0.0517389 3.13366
L: 0.0958753 0.0785246 0.252041
358
gcm: -0.253932 1.11324 1.06275
H: 0.340407 -0.664251 -3.0552
L: 0.131243 0.0499136 0.124894
359
gcm: -0.251864 1.11467 1.06751
H: 0.0253348 -0.179292 1.30117
L: 0.107519 0.074361 0.24745
360
gcm: -0.248738 1.11634 1.06954
H: -2.07563 -0.908444 -3.82319
L: 0.162573 0.0873144 0.10595
361
gcm: -0.246896 1.11656 1.07376
H: 0.902252 0.0511015 1.80129
L: 0.0957366 0.0113237 0.219292
362
gcm: -0.244364 1.11792 1.07765
H: -3.15124 -0.520422 -0.563037
L: 0.131666 0.0704972 0.202151
363
gcm: -0.241478 1.11892 1.08058
H: 0.376047 -0.455569 -1.89689
L: 0.150077 0.0522556 0.152258
364
gcm: -0.238772 1.12017 1.08473
H: -2.1799 -0.61772 1.68583
L: 0.14072 0.0647165 0.216162
365
gcm: -0.236042 1.12038 1.08735
H: -1.34661 -0.627106 -1.77381
L: 0.141944 0.0108878 0.136041
366
gcm: -0.233423 1.12097 1.09126
H: 0.238663 -0.357826 0.239484
L: 0.136192 0.03063 0.203574
367
gcm: -0.230365 1.1219 1.09417
H: -2.95706 -0.812217 -1.10366
L: 0.159012 0.0485191 0.151265
368
gcm: -0.2274 1.12193 1.09624
H: -0.580621 -0.521248 -0.903693
L: 0.154187 0.00176289 0.107692
369
gcm: -0.224864 1.12288 1.10104
H: -1.00022 -0.350591 2.95737
L: 0.131882 0.0494655 0.24957
370
gcm: -0.221711 1.12432 1.10363
H: -1.98408 -0.838527 -1.94198
L: 0.163967 0.074581 0.134343
371
gcm: -0.218273 1.12539 1.10577
H: -1.01723 -0.86836 -0.889849
L: 0.178788 0.0557777 0.111507
372
gcm: -0.214993 1.12613 1.1085
H: -2.26336 -1.02939 0.547043
L: 0.170558 0.0386219 0.142114
