:metadata
 
Skeleton: /Network/Servers/duerer/Volumes/duerer/laturnus/workspace/new_acm/mocapPlayer/mocapPlayer/07-walk.asf
Motion: /Network/Servers/duerer/Volumes/duerer/laturnus/workspace/new_acm/amc/03_01-walk on uneven terrain.amc
Mass Distribution: /Network/Servers/duerer/Volumes/duerer/laturnus/workspace/new_acm/amd/clauser1969.amd
 
Inital skeleton translation: 0 0 0
Initial skeleton rotation: 0 0 0
 
:data
1
gcm: 0.977419 1.4452 -0.463059
H: 6.15644 0.0850688 -0.593381
L: 0.0539174 -0.00043061 0.387119
2
gcm: 0.978533 1.44611 -0.453842
H: 4.05861 0.0265703 0.0159439
L: 0.05792 0.0473275 0.479285
3
gcm: 0.97915 1.4472 -0.447587
H: 4.28 -0.326683 1.31845
L: 0.0320793 0.0564202 0.325233
4
gcm: 0.98006 1.44825 -0.442613
H: 2.57274 -0.3135 0.785043
L: 0.0472945 0.0547488 0.258663
5
gcm: 0.982346 1.44901 -0.437527
H: -1.27595 -0.702844 1.08558
L: 0.118903 0.0394606 0.26445
6
gcm: 0.982426 1.45019 -0.429373
H: 7.43876 0.070456 -0.701978
L: 0.0041512 0.0611749 0.424024
7
gcm: 0.983478 1.45176 -0.423161
H: 3.83908 -0.00994741 -1.02797
L: 0.0546799 0.0816768 0.323031
8
gcm: 0.983736 1.45306 -0.415664
H: 7.5669 -0.463729 0.876813
L: 0.0134215 0.0679236 0.389859
9
gcm: 0.984497 1.45495 -0.41132
H: 1.06992 -0.381786 0.788354
L: 0.0395584 0.0983833 0.22588
10
gcm: 0.985144 1.45667 -0.40493
H: 0.698413 0.243458 -0.429584
L: 0.0336463 0.0892535 0.332282
11
gcm: 0.986104 1.45833 -0.39892
H: 4.09174 -0.255594 -0.513495
L: 0.0499437 0.0863867 0.312505
12
gcm: 0.986744 1.46024 -0.393709
H: 4.23393 -0.290828 0.897311
L: 0.0332922 0.0993584 0.271001
13
gcm: 0.987267 1.46266 -0.388385
H: 0.342906 0.338021 0.213627
L: 0.0271801 0.125811 0.276843
14
gcm: 0.98789 1.46529 -0.38208
H: 4.61046 0.0257171 -1.28886
L: 0.0324061 0.136845 0.327862
15
gcm: 0.988182 1.46707 -0.37563
H: 2.23456 -0.192782 1.47696
L: 0.0151859 0.0925933 0.335356
16
gcm: 0.988608 1.46968 -0.369924
H: 3.40289 0.372207 -1.9244
L: 0.022135 0.13539 0.296751
17
gcm: 0.989234 1.47271 -0.364685
H: 4.64868 0.0821715 -2.85062
L: 0.032584 0.157752 0.272415
18
gcm: 0.98936 1.47555 -0.358578
H: 2.63584 0.417443 -2.39248
L: 0.00655228 0.147801 0.317553
19
gcm: 0.98982 1.47877 -0.354383
H: 6.23249 -0.899791 3.19868
L: 0.023914 0.167204 0.218153
20
gcm: 0.98991 1.4819 -0.350055
H: -1.64581 0.862477 -2.31542
L: 0.00463937 0.162927 0.225067
21
gcm: 0.98981 1.48665 -0.343275
H: 6.29083 -0.192102 -0.344543
L: -0.00516128 0.246652 0.352548
22
gcm: 0.990807 1.49077 -0.337815
H: -0.930182 -0.260751 0.416563
L: 0.0518067 0.214489 0.283903
23
gcm: 0.990129 1.49466 -0.332769
H: 3.84775 0.49468 -1.43828
L: -0.0352326 0.202238 0.262381
24
gcm: 0.9899 1.49911 -0.328978
H: 2.00026 0.359691 0.205512
L: -0.011934 0.231347 0.197183
25
gcm: 0.989376 1.50323 -0.324286
H: -0.396757 0.655891 -2.56257
L: -0.0272364 0.214152 0.243973
26
gcm: 0.989461 1.5069 -0.318857
H: 6.59997 -0.546173 0.265283
L: 0.00441873 0.190915 0.282313
27
gcm: 0.989711 1.51105 -0.314061
H: 2.27624 0.01726 -1.02802
L: 0.0130178 0.216099 0.249365
28
gcm: 0.989526 1.51492 -0.310416
H: -1.18549 0.57195 -0.92207
L: -0.00964718 0.201083 0.189548
29
gcm: 0.988907 1.51886 -0.305537
H: 3.39287 0.168744 0.658187
L: -0.0321842 0.204877 0.253722
30
gcm: 0.988199 1.52223 -0.299369
H: 0.261372 0.660389 1.02975
L: -0.0368164 0.175057 0.320742
31
gcm: 0.987333 1.52589 -0.295388
H: 0.916482 0.374983 -0.114181
L: -0.0450137 0.190469 0.207013
32
gcm: 0.986643 1.52827 -0.291085
H: -0.67093 0.712494 0.151114
L: -0.0358831 0.123589 0.223759
33
gcm: 0.986959 1.53269 -0.285713
H: -0.611231 0.411183 -2.66134
L: 0.0164384 0.229785 0.279325
34
gcm: 0.986702 1.53589 -0.283073
H: -3.73447 0.981401 -1.63653
L: -0.0133912 0.166784 0.137255
35
gcm: 0.987268 1.53786 -0.277723
H: -1.27338 0.00178302 -0.0913325
L: 0.0294412 0.102038 0.27821
36
gcm: 0.986189 1.53971 -0.272752
H: -1.42272 1.65097 -1.38115
L: -0.0561041 0.0963773 0.258484
37
gcm: 0.9862 1.54153 -0.268856
H: -1.49046 0.649051 0.157342
L: 0.000573088 0.094704 0.202599
38
gcm: 0.986018 1.54325 -0.264366
H: -1.50753 0.987308 -4.53145
L: -0.00947016 0.0893311 0.233499
39
gcm: 0.986135 1.54445 -0.260713
H: 0.226995 -0.0732883 4.33099
L: 0.00609303 0.0625297 0.189967
40
gcm: 0.985655 1.54535 -0.256284
H: -2.02458 0.973467 0.955764
L: -0.0249764 0.0465368 0.230298
41
gcm: 0.986021 1.54667 -0.252526
H: -0.799992 0.337048 0.886191
L: 0.0190751 0.0688667 0.195385
42
gcm: 0.985058 1.54686 -0.24723
H: -1.93754 1.60732 -0.378108
L: -0.0500892 0.0095975 0.2754
43
gcm: 0.984559 1.54844 -0.242056
H: -1.6256 1.04658 -2.15128
L: -0.0259382 0.0826563 0.269082
44
gcm: 0.984664 1.54815 -0.237203
H: 1.43682 0.360624 3.31771
L: 0.00544522 -0.0153243 0.252314
45
gcm: 0.984673 1.54771 -0.232725
H: -1.52609 0.68461 0.937246
L: 0.000442586 -0.0230236 0.23287
46
gcm: 0.984549 1.54712 -0.22829
H: -0.661697 0.746617 1.27219
L: -0.00644773 -0.0303038 0.230627
47
gcm: 0.98457 1.54721 -0.223185
H: -1.37037 0.690596 0.314321
L: 0.00109717 0.00447535 0.265441
48
gcm: 0.983892 1.5459 -0.217203
H: -0.814016 1.06486 0.425894
L: -0.035263 -0.068167 0.311063
49
gcm: 0.984197 1.54442 -0.212744
H: -4.58 1.01355 -1.98188
L: 0.0158916 -0.0768875 0.231875
50
gcm: 0.984985 1.54308 -0.209017
H: -2.19423 0.635115 0.681009
L: 0.0409758 -0.0699374 0.193837
51
gcm: 0.984087 1.54171 -0.203885
H: 0.299191 1.06673 0.57845
L: -0.0466816 -0.0709991 0.266864
52
gcm: 0.983962 1.53989 -0.199571
H: -1.4236 0.718706 1.75824
L: -0.00650966 -0.0947319 0.224323
53
gcm: 0.984312 1.53872 -0.193509
H: -4.58712 0.977612 -2.62504
L: 0.0182143 -0.0606361 0.315203
54
gcm: 0.984192 1.53539 -0.190014
H: -1.39531 0.373452 3.38071
L: -0.00627806 -0.173572 0.181758
55
gcm: 0.98415 1.5335 -0.18533
H: -4.3328 0.820702 0.426646
L: -0.00219714 -0.0981253 0.243534
56
gcm: 0.984322 1.5314 -0.179753
H: -3.78518 0.592511 -1.0623
L: 0.0089667 -0.109323 0.290037
57
gcm: 0.983965 1.52893 -0.173606
H: -3.03487 0.692569 -0.205448
L: -0.0185769 -0.128006 0.319609
58
gcm: 0.984026 1.52672 -0.168714
H: -5.00069 0.728233 0.202071
L: 0.0031934 -0.114944 0.254417
59
gcm: 0.983665 1.52461 -0.16496
H: -6.47598 1.21171 -0.747123
L: -0.0187673 -0.110074 0.195223
60
gcm: 0.983097 1.52201 -0.159488
H: -3.51315 0.656689 2.0997
L: -0.0295655 -0.134807 0.284522
61
gcm: 0.982664 1.51985 -0.154345
H: -5.17736 0.77585 0.271093
L: -0.022506 -0.112618 0.267458
62
gcm: 0.983187 1.51779 -0.14963
H: -7.55316 0.75701 -0.454537
L: 0.0272155 -0.107201 0.245134
63
gcm: 0.982341 1.51612 -0.143766
H: -4.46761 0.648361 0.583997
L: -0.0439904 -0.0868021 0.304951
64
gcm: 0.981635 1.51341 -0.139402
H: -6.37327 0.963078 0.0621033
L: -0.0367039 -0.140975 0.226949
65
gcm: 0.981255 1.51145 -0.133981
H: -4.53801 0.666543 0.985951
L: -0.0197687 -0.101945 0.281873
66
gcm: 0.981221 1.50937 -0.128801
H: -4.95822 0.516076 1.12189
L: -0.00178554 -0.108038 0.269359
67
gcm: 0.980484 1.50701 -0.123142
H: -4.81395 0.617241 0.767071
L: -0.0383147 -0.122399 0.294256
68
gcm: 0.979469 1.5047 -0.11836
H: -4.0336 0.610447 0.466846
L: -0.0527742 -0.120485 0.24866
69
gcm: 0.978966 1.50277 -0.113328
H: -3.87885 0.31603 -0.0770618
L: -0.026153 -0.100463 0.261695
70
gcm: 0.97836 1.50107 -0.108375
H: -3.62557 0.258264 -0.341022
L: -0.0315481 -0.088321 0.257551
71
gcm: 0.977645 1.49951 -0.102847
H: -3.93338 0.311029 0.280935
L: -0.0371369 -0.081063 0.287463
72
gcm: 0.976968 1.49791 -0.0975147
H: -2.64472 0.218478 0.90911
L: -0.0352119 -0.0833276 0.27726
73
gcm: 0.976303 1.49661 -0.0920246
H: -0.564616 -0.0110947 0.392917
L: -0.0345649 -0.0675259 0.285484
74
gcm: 0.975216 1.49532 -0.0864651
H: 2.08848 0.0831121 0.0207345
L: -0.05656 -0.0669843 0.289097
75
gcm: 0.97423 1.4936 -0.0801785
H: 1.52234 -0.294683 0.54859
L: -0.0512719 -0.0892371 0.326902
76
gcm: 0.97331 1.49172 -0.074298
H: 1.80164 -0.18823 0.153666
L: -0.0478037 -0.0981107 0.305786
77
gcm: 0.972162 1.49007 -0.068093
H: 3.63794 -0.116078 1.28277
L: -0.0597404 -0.0853792 0.322659
78
gcm: 0.97153 1.48863 -0.0618196
H: 0.761841 -0.179246 -0.343185
L: -0.032845 -0.0749547 0.326219
79
gcm: 0.970715 1.48723 -0.0552136
H: 1.6926 -0.199512 -0.379102
L: -0.0423887 -0.0729439 0.343511
80
gcm: 0.969311 1.48593 -0.0482081
H: 1.53394 -0.153739 0.206137
L: -0.0730201 -0.0674541 0.364286
81
gcm: 0.967787 1.48502 -0.0412768
H: 2.36533 -0.00781914 -0.766843
L: -0.0792449 -0.0475762 0.360426
82
gcm: 0.966738 1.48376 -0.0340286
H: 2.62546 -0.205327 -0.225804
L: -0.0545159 -0.0655393 0.37691
83
gcm: 0.966099 1.48231 -0.0280038
H: 1.05698 -0.232579 -0.484443
L: -0.033242 -0.075039 0.313289
84
gcm: 0.964764 1.4811 -0.0201917
H: 2.18295 0.112391 -1.43183
L: -0.0694137 -0.0629057 0.406226
85
gcm: 0.963978 1.48034 -0.0125758
H: 6.75497 0.178409 -2.22838
L: -0.0408795 -0.0397707 0.39603
86
gcm: 0.962905 1.47897 -0.00502353
H: 4.94645 -0.137144 -0.553348
L: -0.0557715 -0.0712338 0.392716
87
gcm: 0.962111 1.47745 0.0027451
H: 4.00304 -0.0952845 -2.05242
L: -0.0413352 -0.0791591 0.403969
88
gcm: 0.960811 1.47657 0.0102927
H: 5.3036 -0.0199173 0.368974
L: -0.0675727 -0.045651 0.392476
89
gcm: 0.959207 1.47582 0.0166731
H: 2.0886 0.181687 0.477383
L: -0.0834374 -0.0391718 0.331781
90
gcm: 0.958405 1.47503 0.0230663
H: 3.74335 0.0918267 0.717225
L: -0.0417011 -0.0408824 0.332444
91
gcm: 0.956879 1.47428 0.0301667
H: 3.45031 0.40676 -0.0396155
L: -0.0793134 -0.0391005 0.369221
92
gcm: 0.955303 1.47341 0.0376023
H: 2.84884 0.319502 0.75989
L: -0.0819856 -0.0451392 0.386655
93
gcm: 0.954398 1.47288 0.0445475
H: 3.62315 -0.0350028 1.33277
L: -0.0470529 -0.027634 0.361147
94
gcm: 0.953585 1.47259 0.0516008
H: 2.74012 0.122682 -1.0011
L: -0.0422776 -0.0149756 0.366775
95
gcm: 0.952759 1.47191 0.0580038
H: 3.52354 0.216754 -0.530731
L: -0.0429621 -0.0356658 0.332953
96
gcm: 0.951952 1.47067 0.0645534
H: 4.06427 0.314675 -0.0702368
L: -0.0419187 -0.0641086 0.340578
97
gcm: 0.95071 1.46977 0.0714449
H: 5.31307 0.118082 1.80887
L: -0.0646215 -0.0467976 0.35836
98
gcm: 0.950011 1.4696 0.0778128
H: 3.29932 0.116123 0.0853035
L: -0.0363216 -0.00878154 0.331132
99
gcm: 0.949538 1.46939 0.0841185
H: 2.75105 -0.15102 0.660415
L: -0.0246319 -0.0113458 0.327893
100
gcm: 0.949139 1.46886 0.0910408
H: 1.08961 -0.172461 -1.6458
L: -0.0207245 -0.0272274 0.35996
101
gcm: 0.948604 1.46893 0.0969167
H: 3.85834 -0.0888595 0.694749
L: -0.0278123 0.00357996 0.305548
102
gcm: 0.947764 1.46906 0.102917
H: 0.785123 0.0262062 -0.133746
L: -0.0436843 0.00659821 0.312019
103
gcm: 0.94658 1.46882 0.109175
H: 1.53603 -0.118138 2.003
L: -0.0615757 -0.0125235 0.325436
104
gcm: 0.945802 1.46864 0.115241
H: 1.32047 -0.378273 1.57261
L: -0.0404579 -0.00925056 0.315386
105
gcm: 0.945379 1.46898 0.121226
H: -0.339139 -0.503982 -0.195829
L: -0.0220047 0.0176446 0.311237
106
gcm: 0.94569 1.46885 0.126856
H: -0.0700279 -0.491837 -0.427169
L: 0.0161693 -0.00673535 0.292776
107
gcm: 0.944209 1.46854 0.134543
H: 1.7173 -0.324374 2.34253
L: -0.0770106 -0.0159896 0.399701
108
gcm: 0.943823 1.46733 0.138623
H: 1.66915 -0.0359366 0.34683
L: -0.0200473 -0.0627337 0.212179
109
gcm: 0.943471 1.46904 0.144943
H: -0.980289 -0.676313 0.230103
L: -0.018302 0.0886541 0.328642
110
gcm: 0.943381 1.4687 0.150425
H: -1.39569 -0.455427 1.02129
L: -0.00471415 -0.0175251 0.28508
111
gcm: 0.942613 1.46788 0.15593
H: 1.18233 -0.05394 -0.177935
L: -0.0399212 -0.0427696 0.286227
112
gcm: 0.942025 1.46813 0.162148
H: 0.404044 -0.291479 0.393592
L: -0.030587 0.0127976 0.323329
113
gcm: 0.94187 1.4686 0.167797
H: -0.651415 -0.779275 0.806479
L: -0.0080268 0.0244297 0.293778
114
gcm: 0.942045 1.46861 0.172928
H: -1.84775 -0.85264 0.0728938
L: 0.00910273 0.000988976 0.266821
115
gcm: 0.940921 1.46866 0.178654
H: 1.16015 -0.377717 1.04057
L: -0.0584626 0.00209603 0.297724
116
gcm: 0.940693 1.46852 0.184153
H: -0.777973 -0.427056 0.55693
L: -0.0118715 -0.00706542 0.285947
117
gcm: 0.940489 1.46812 0.189731
H: -1.00744 -0.728759 1.31147
L: -0.0105846 -0.0205773 0.290087
118
gcm: 0.940104 1.46811 0.195586
H: -0.612555 -0.531786 0.008626
L: -0.0200532 -0.000923169 0.304415
119
gcm: 0.940069 1.46834 0.201071
H: -0.796199 -0.669218 -0.0157738
L: -0.00181928 0.0120488 0.285225
120
gcm: 0.940243 1.46818 0.206262
H: -0.839563 -0.638838 0.101797
L: 0.00908864 -0.00803621 0.269958
121
gcm: 0.940113 1.46778 0.212098
H: -1.28549 -0.547176 -0.648798
L: -0.00677621 -0.0209772 0.303468
122
gcm: 0.939803 1.46716 0.218043
H: -1.06043 -0.565832 -1.44208
L: -0.0160963 -0.0322476 0.309154
123
gcm: 0.939778 1.46645 0.222953
H: -1.40587 -0.666623 0.0597308
L: -0.00134231 -0.0366508 0.255275
124
gcm: 0.939622 1.46576 0.228493
H: -1.40198 -0.597974 0.476682
L: -0.00809251 -0.0362062 0.288103
125
gcm: 0.939806 1.46488 0.234224
H: -0.965262 -0.698164 0.255836
L: 0.00957391 -0.0456527 0.298014
126
gcm: 0.93973 1.46375 0.2399
H: -0.5971 -0.53651 -1.49837
L: -0.00394678 -0.0589226 0.295167
127
gcm: 0.939729 1.46243 0.244954
H: -1.10746 -0.617551 0.210113
L: -6.90736e-05 -0.0685695 0.26281
128
gcm: 0.93969 1.46124 0.249897
H: -0.297019 -0.762914 2.04027
L: -0.00202845 -0.0619328 0.257024
129
gcm: 0.939674 1.46029 0.255492
H: -1.13349 -0.655045 -0.476502
L: -0.00082672 -0.0491045 0.290917
130
gcm: 0.939722 1.45866 0.261215
H: -1.54951 -0.591588 -0.875292
L: 0.00247812 -0.0850897 0.29761
131
gcm: 0.939133 1.4568 0.267194
H: -0.939201 -0.374848 0.222658
L: -0.0305873 -0.0964531 0.310912
132
gcm: 0.939375 1.4565 0.272454
H: -1.52776 -0.563791 -1.52752
L: 0.0125684 -0.0154739 0.27352
133
gcm: 0.939961 1.45459 0.276972
H: -2.01306 -0.786987 -0.476919
L: 0.0304888 -0.0996258 0.234927
134
gcm: 0.94001 1.45302 0.283101
H: -0.403844 -0.687711 -0.234445
L: 0.00253905 -0.0817518 0.318706
135
gcm: 0.940198 1.45182 0.289561
H: -1.02775 -0.600619 -0.550648
L: 0.00976135 -0.0621521 0.335915
136
gcm: 0.940475 1.44996 0.295011
H: -0.860487 -0.483536 -1.56234
L: 0.0144249 -0.0970321 0.283392
137
gcm: 0.940356 1.44763 0.300384
H: -0.702153 -0.435776 -0.363959
L: -0.00621322 -0.120868 0.279395
138
gcm: 0.940209 1.44523 0.305761
H: -0.103584 -0.531211 1.41715
L: -0.00761731 -0.12486 0.279645
139
gcm: 0.940284 1.4426 0.311539
H: 0.125801 -0.572379 -0.407543
L: 0.00388732 -0.136679 0.300425
140
gcm: 0.940957 1.43972 0.317302
H: 0.405601 -0.66148 -1.35446
L: 0.0349843 -0.149741 0.299666
141
gcm: 0.940936 1.43648 0.321198
H: -2.98596 -0.0664031 -2.59799
L: -0.00109338 -0.168604 0.202624
142
gcm: 0.941473 1.43326 0.328296
H: 1.43109 -0.684444 -0.867752
L: 0.0279475 -0.167412 0.369088
143
gcm: 0.941887 1.43014 0.333988
H: -0.0738181 -0.38634 -1.80129
L: 0.0215283 -0.162133 0.295989
144
gcm: 0.941782 1.42608 0.338057
H: -3.49795 0.00489443 -2.14949
L: -0.00545679 -0.21145 0.211571
145
gcm: 0.942422 1.42251 0.345421
H: 1.56588 -0.853455 0.953699
L: 0.0332418 -0.185388 0.382935
146
gcm: 0.942335 1.41881 0.349679
H: -2.36104 0.119 -1.40896
L: -0.00451752 -0.192648 0.221441
147
gcm: 0.942486 1.41433 0.354578
H: -2.85153 0.0361752 -1.58159
L: 0.00784191 -0.232485 0.254732
148
gcm: 0.942905 1.40968 0.359647
H: 0.0518306 -0.266215 0.520283
L: 0.0218108 -0.242149 0.263584
149
gcm: 0.943353 1.40528 0.366389
H: 3.66738 -0.538385 -0.904002
L: 0.0233013 -0.228716 0.350604
150
gcm: 0.943802 1.40022 0.373907
H: 0.898453 -0.414209 1.88535
L: 0.0233225 -0.262939 0.390895
151
gcm: 0.944328 1.39524 0.379628
H: 0.460296 -0.100169 -0.685482
L: 0.027363 -0.259368 0.297525
152
gcm: 0.944559 1.39004 0.385502
H: 1.92398 -0.0360494 0.34277
L: 0.0119909 -0.270321 0.305434
153
gcm: 0.945038 1.38453 0.391413
H: -0.339931 -0.0928967 -1.2792
L: 0.0249374 -0.286435 0.307356
154
gcm: 0.945635 1.37871 0.398013
H: 2.09183 -0.187173 -1.22995
L: 0.03104 -0.302722 0.343229
155
gcm: 0.946151 1.37243 0.404343
H: 2.65202 -0.219679 -1.34471
L: 0.0268515 -0.326271 0.329131
156
gcm: 0.947215 1.36603 0.410397
H: 3.35991 -0.600796 -2.03334
L: 0.0552822 -0.332844 0.314842
157
gcm: 0.947535 1.3591 0.41706
H: 2.67554 -0.0705847 -0.426135
L: 0.0166437 -0.360214 0.346436
158
gcm: 0.947874 1.35202 0.42359
H: 2.42025 -0.236296 -0.296697
L: 0.0176296 -0.368151 0.339582
159
gcm: 0.948516 1.34422 0.429463
H: 1.90071 -0.155851 -1.2662
L: 0.0334103 -0.40597 0.305425
160
gcm: 0.949441 1.33568 0.435271
H: 1.93992 -0.203204 -2.67439
L: 0.0480717 -0.443811 0.30201
161
gcm: 0.950471 1.32649 0.441648
H: 2.2688 -0.301941 -2.95306
L: 0.0535866 -0.478046 0.331576
162
gcm: 0.950928 1.31872 0.448835
H: 2.61742 -0.303614 -0.301464
L: 0.0237476 -0.404001 0.373717
163
gcm: 0.950622 1.30825 0.455638
H: 3.8168 0.0121265 1.71414
L: -0.0159179 -0.544692 0.353776
164
gcm: 0.950778 1.29827 0.462577
H: 3.38963 -0.0222746 0.855767
L: 0.00812759 -0.518752 0.360847
165
gcm: 0.951053 1.28514 0.46874
H: 1.33177 0.299333 -1.32556
L: 0.0142991 -0.682578 0.320428
166
gcm: 0.951386 1.2771 0.475898
H: 1.08077 -0.176414 -0.442605
L: 0.0173085 -0.418145 0.372228
167
gcm: 0.951622 1.26666 0.482396
H: 1.66737 -0.18558 1.18438
L: 0.0122899 -0.543136 0.337921
168
gcm: 0.951805 1.25865 0.489361
H: 2.54824 -0.158555 0.080524
L: 0.00951481 -0.416392 0.362149
169
gcm: 0.952384 1.25237 0.496116
H: 2.07747 -0.21131 -0.884813
L: 0.0301175 -0.326325 0.351285
170
gcm: 0.953074 1.24143 0.501887
H: 1.53385 -0.0913275 -0.522226
L: 0.0358823 -0.568935 0.300082
171
gcm: 0.953703 1.23275 0.507591
H: 2.51611 -0.0146984 -0.289528
L: 0.03269 -0.451336 0.296624
172
gcm: 0.954266 1.22872 0.514038
H: 3.44971 -0.0234519 -0.0639842
L: 0.0292566 -0.209473 0.335242
173
gcm: 0.954753 1.22318 0.519485
H: 3.41533 -0.102674 2.79613
L: 0.025345 -0.288564 0.283237
174
gcm: 0.95499 1.21717 0.524841
H: 0.95887 0.191544 1.97595
L: 0.0123026 -0.31233 0.278488
175
gcm: 0.955217 1.21137 0.5295
H: 0.914218 0.296889 1.53912
L: 0.0118216 -0.301487 0.242315
176
gcm: 0.955118 1.20482 0.533922
H: 0.905936 0.39368 1.69163
L: -0.00513737 -0.340708 0.22991
177
gcm: 0.955655 1.20344 0.539688
H: 1.93718 0.0268501 -0.283673
L: 0.0278996 -0.0719346 0.299829
178
gcm: 0.95634 1.20204 0.544729
H: 3.15845 -0.194637 0.222074
L: 0.0356247 -0.072439 0.262142
179
gcm: 0.9567 1.19911 0.549878
H: 1.57523 -0.0921775 0.0540084
L: 0.018725 -0.152674 0.267769
180
gcm: 0.957223 1.19794 0.554867
H: 1.42554 -0.213038 0.0201359
L: 0.0272059 -0.060884 0.259424
181
gcm: 0.957273 1.19492 0.558576
H: 0.613168 0.328143 1.93579
L: 0.00261201 -0.15666 0.192875
182
gcm: 0.957757 1.19201 0.561351
H: -1.28694 0.515616 -1.60009
L: 0.0251715 -0.151412 0.144297
183
gcm: 0.957976 1.18936 0.566975
H: 2.56408 -0.244108 2.10881
L: 0.0113427 -0.138014 0.292411
184
gcm: 0.958825 1.19014 0.571667
H: 0.855306 0.0600159 -0.851018
L: 0.0441742 0.0405247 0.243983
185
gcm: 0.959555 1.19158 0.575994
H: 0.939884 0.00015989 0.226148
L: 0.037944 0.0750868 0.22502
186
gcm: 0.959813 1.19113 0.579558
H: -0.852171 0.385709 0.961912
L: 0.0134297 -0.0236549 0.185321
187
gcm: 0.960296 1.19293 0.583787
H: -0.809789 0.249674 0.296028
L: 0.0251241 0.093898 0.219918
188
gcm: 0.96109 1.19386 0.587508
H: -0.339892 0.0718677 -0.974965
L: 0.0412864 0.0484878 0.19352
189
gcm: 0.960914 1.19518 0.591054
H: 0.0436691 0.215276 0.282352
L: -0.00915813 0.068269 0.184387
190
gcm: 0.960382 1.19982 0.594247
H: -0.886786 0.394181 0.793941
L: -0.0276583 0.241565 0.16599
191
gcm: 0.960513 1.20019 0.597145
H: -1.84341 0.533042 -1.22148
L: 0.0068028 0.0191449 0.150718
192
gcm: 0.960738 1.20274 0.601393
H: -1.5828 0.456994 -3.01375
L: 0.0117156 0.132432 0.220902
193
gcm: 0.961496 1.21101 0.607121
H: 0.377347 -0.124921 -0.705197
L: 0.0394287 0.430214 0.297871
194
gcm: 0.961541 1.21346 0.61064
H: 0.1131 -0.108316 2.69275
L: 0.00229823 0.127204 0.182946
195
gcm: 0.961161 1.2157 0.613891
H: -1.30284 0.277147 1.16319
L: -0.0197607 0.116675 0.169076
196
gcm: 0.960875 1.21779 0.617304
H: -0.746169 0.321297 0.405435
L: -0.0148447 0.108445 0.177472
197
gcm: 0.960796 1.22054 0.621207
H: -1.03231 0.297808 0.40502
L: -0.00409294 0.143377 0.202944
198
gcm: 0.960618 1.22353 0.625116
H: -1.13407 0.216722 0.207882
L: -0.00929149 0.155204 0.203294
199
gcm: 0.960368 1.22605 0.62864
H: -1.70791 0.307724 -0.511248
L: -0.0129718 0.131332 0.183238
200
gcm: 0.960138 1.22851 0.631947
H: -2.57355 0.406899 -0.419767
L: -0.0119689 0.127812 0.171958
201
gcm: 0.960153 1.23125 0.635709
H: -2.50434 0.31496 -1.70961
L: 0.000765067 0.142526 0.195618
202
gcm: 0.960405 1.23425 0.639528
H: -2.46775 0.337145 -1.92422
L: 0.0131153 0.155792 0.198581
203
gcm: 0.960618 1.23688 0.643161
H: -3.27623 0.451108 -1.8474
L: 0.0110821 0.136731 0.188946
204
gcm: 0.960525 1.23925 0.646593
H: -2.24397 0.533172 -0.950296
L: -0.0048632 0.123327 0.178461
205
gcm: 0.960014 1.24092 0.649802
H: -2.70171 0.686886 0.781762
L: -0.0265593 0.0868858 0.166877
206
gcm: 0.959633 1.23951 0.652226
H: -4.42364 0.807395 -0.275476
L: -0.0198141 -0.0735295 0.12605
207
gcm: 0.959697 1.24053 0.65523
H: -3.92911 0.71425 -1.83699
L: 0.00333747 0.0530956 0.156208
208
gcm: 0.95964 1.2426 0.658885
H: -2.92141 0.71205 -1.22072
L: -0.00294131 0.107801 0.190035
209
gcm: 0.959315 1.24474 0.662642
H: -2.53372 0.771352 -0.609187
L: -0.0169282 0.111054 0.195352
210
gcm: 0.958659 1.25016 0.667327
H: -3.77119 0.767628 1.98893
L: -0.034085 0.282223 0.243636
211
gcm: 0.958496 1.25017 0.670229
H: -3.30746 0.873673 -0.909258
L: -0.00849318 0.000249993 0.150909
212
gcm: 0.958392 1.25404 0.674609
H: -1.83311 0.707353 -0.886772
L: -0.00544047 0.201393 0.227763
213
gcm: 0.958332 1.25637 0.678765
H: -2.86461 0.658603 -0.872084
L: -0.00307311 0.121349 0.216111
214
gcm: 0.958163 1.25773 0.681879
H: -4.17181 0.969646 -0.377537
L: -0.00880181 0.0706271 0.161931
215
gcm: 0.957865 1.25943 0.685324
H: -3.73498 0.921283 -0.236903
L: -0.0154808 0.0883751 0.179139
216
gcm: 0.957055 1.25968 0.688505
H: -3.36796 0.955742 -0.13761
L: -0.0421686 0.0128328 0.165401
217
gcm: 0.956406 1.25964 0.691701
H: -2.44646 0.824685 0.532074
L: -0.0337038 -0.00190176 0.166185
218
gcm: 0.95628 1.26087 0.695386
H: -2.99294 0.893501 -0.054573
L: -0.00656835 0.0635944 0.191642
219
gcm: 0.95608 1.26396 0.699298
H: -3.42155 0.938761 0.198231
L: -0.0103841 0.160982 0.203436
220
gcm: 0.955706 1.26501 0.703024
H: -3.91235 0.95063 0.432912
L: -0.0194692 0.0544106 0.193717
221
gcm: 0.955412 1.2648 0.707171
H: -2.81257 0.760939 -0.196625
L: -0.0153107 -0.0107107 0.215648
222
gcm: 0.954775 1.26483 0.710698
H: -2.80425 0.885763 0.3673
L: -0.0331198 0.0012247 0.183411
223
gcm: 0.954037 1.26496 0.713782
H: -3.01277 1.07396 0.471528
L: -0.0383719 0.00715484 0.160383
224
gcm: 0.953291 1.26614 0.717481
H: -2.28286 1.00643 0.734773
L: -0.0387716 0.0611863 0.192322
225
gcm: 0.952503 1.26732 0.721729
H: -2.40231 0.844796 1.37819
L: -0.0409772 0.0614012 0.22092
226
gcm: 0.9518 1.26786 0.725134
H: -4.08992 0.921725 -0.0757655
L: -0.0365557 0.027915 0.177045
227
gcm: 0.951313 1.26872 0.728678
H: -4.1689 0.691269 0.162616
L: -0.0253423 0.0446272 0.184271
228
gcm: 0.950817 1.2701 0.731893
H: -5.61676 0.706471 0.0956404
L: -0.0257591 0.0718568 0.167224
229
gcm: 0.950227 1.27037 0.735767
H: -3.72975 0.799206 0.496483
L: -0.0306833 0.0139123 0.201421
230
gcm: 0.949346 1.2696 0.739436
H: -2.35151 1.03545 -0.276408
L: -0.0458266 -0.0398878 0.190781
231
gcm: 0.948585 1.2718 0.743644
H: -1.92215 0.707196 0.227768
L: -0.0395924 0.114599 0.218842
232
gcm: 0.948027 1.2722 0.747842
H: 0.0281016 0.715454 -0.655851
L: -0.028983 0.0205113 0.218276
233
gcm: 0.947348 1.2724 0.751844
H: -2.21645 0.586111 0.235573
L: -0.0353304 0.0104479 0.20812
234
gcm: 0.9463 1.27222 0.755654
H: -2.91583 0.612614 0.845483
L: -0.0544798 -0.00913905 0.198087
235
gcm: 0.945186 1.27121 0.760129
H: -3.35685 0.431766 1.41776
L: -0.057929 -0.0524519 0.232708
236
gcm: 0.944624 1.27228 0.764134
H: -1.89753 0.388832 0.426727
L: -0.0292086 0.0555891 0.208257
237
gcm: 0.943634 1.27155 0.768111
H: -2.83792 0.598118 -0.286856
L: -0.0514779 -0.0379482 0.206802
238
gcm: 0.942656 1.27182 0.772251
H: -3.42856 0.472741 0.860596
L: -0.0509012 0.0136787 0.215323
239
gcm: 0.942055 1.27429 0.776643
H: -1.48423 0.372292 -0.780717
L: -0.0312393 0.128953 0.228373
240
gcm: 0.941102 1.27454 0.780972
H: -0.399136 0.421647 -0.00754994
L: -0.0495677 0.0125764 0.225087
241
gcm: 0.939723 1.27363 0.784794
H: -1.98799 0.455656 1.29431
L: -0.0716775 -0.0473331 0.198762
242
gcm: 0.939419 1.27303 0.788708
H: -1.87147 0.359661 -1.52344
L: -0.0158173 -0.0307964 0.203537
243
gcm: 0.938489 1.27311 0.792796
H: -1.2194 0.27503 -0.303842
L: -0.048379 0.0039338 0.212585
244
gcm: 0.937284 1.27344 0.797758
H: -0.363562 0.233546 0.201684
L: -0.0626377 0.0169609 0.257977
245
gcm: 0.936173 1.2725 0.802252
H: -0.290576 0.26467 -0.186395
L: -0.0577579 -0.0489289 0.233716
246
gcm: 0.934736 1.27125 0.806422
H: -0.483022 0.191756 0.717451
L: -0.0747558 -0.0644925 0.216816
247
gcm: 0.932965 1.26978 0.810627
H: -0.0254797 0.0588574 1.14936
L: -0.0920891 -0.0764757 0.218674
248
gcm: 0.931605 1.26877 0.814931
H: 1.40157 -0.0259179 -0.517579
L: -0.0707191 -0.0529914 0.223789
249
gcm: 0.9304 1.26887 0.818936
H: 2.18672 -0.0990348 -1.00828
L: -0.062643 0.00537491 0.208288
250
gcm: 0.92905 1.26933 0.822828
H: 0.906831 -0.255012 -0.163981
L: -0.0701839 0.0237857 0.202366
251
gcm: 0.927677 1.269 0.827252
H: 1.279 -0.197843 -0.832628
L: -0.071395 -0.0167061 0.23006
252
gcm: 0.925816 1.26784 0.831773
H: 1.44427 -0.118332 -0.099664
L: -0.0967944 -0.0608166 0.235112
253
gcm: 0.924259 1.26701 0.836267
H: 1.00315 -0.0424874 -0.424965
L: -0.0809495 -0.0430539 0.233646
254
gcm: 0.922935 1.26667 0.841916
H: 2.29654 -0.155415 -0.98656
L: -0.0688367 -0.0175361 0.29375
255
gcm: 0.921789 1.26743 0.846942
H: 1.307 -0.140576 -1.31267
L: -0.0596088 0.0393443 0.261355
256
gcm: 0.920304 1.26794 0.851616
H: 1.15914 -0.194054 -0.382366
L: -0.0772523 0.0268086 0.24307
257
gcm: 0.918434 1.26753 0.856413
H: 0.763687 -0.220752 0.888717
L: -0.097212 -0.0216121 0.249423
258
gcm: 0.916646 1.26703 0.861241
H: 1.27238 0.0380978 0.13463
L: -0.0930052 -0.0258316 0.25109
259
gcm: 0.915429 1.26865 0.866346
H: 2.66251 0.0371321 -1.81504
L: -0.0632768 0.0840134 0.265453
260
gcm: 0.913527 1.26951 0.871428
H: -0.8778 -0.244739 1.55602
L: -0.0989001 0.0447417 0.264258
261
gcm: 0.911423 1.26995 0.876981
H: 1.3001 0.0213648 0.254131
L: -0.109405 0.0232359 0.288772
262
gcm: 0.9099 1.27034 0.882291
H: 1.48942 0.0475603 -1.3376
L: -0.0791726 0.0203456 0.276096
263
gcm: 0.907888 1.27092 0.88701
H: 1.28254 -0.0800043 -0.143417
L: -0.104655 0.029852 0.245379
264
gcm: 0.905962 1.27175 0.892079
H: 0.98743 -0.0864071 -0.588125
L: -0.100121 0.0433065 0.263578
265
gcm: 0.904071 1.27291 0.897644
H: 2.03383 -0.0147122 -0.839767
L: -0.0983241 0.0603854 0.289414
266
gcm: 0.902087 1.27392 0.902576
H: 2.88236 0.371692 -0.87808
L: -0.103178 0.0524946 0.25647
267
gcm: 0.900028 1.27523 0.90806
H: 0.769875 -0.127058 0.621546
L: -0.107052 0.0682416 0.28514
268
gcm: 0.897731 1.27719 0.914001
H: 1.98281 0.190492 0.354241
L: -0.119466 0.101682 0.308964
269
gcm: 0.895582 1.27902 0.919571
H: 1.41603 0.164975 0.141685
L: -0.111755 0.0949503 0.289642
270
gcm: 0.893784 1.28073 0.92486
H: 1.12545 0.0613533 -0.345012
L: -0.0935031 0.0891441 0.275011
271
gcm: 0.891875 1.28256 0.930424
H: 1.82562 0.173076 -1.05037
L: -0.0992705 0.0951804 0.289315
272
gcm: 0.889486 1.28364 0.937095
H: 5.45683 0.464591 -0.382868
L: -0.124221 0.0562569 0.346916
273
gcm: 0.887362 1.28474 0.942835
H: 3.44547 0.141615 1.44834
L: -0.110448 0.0573343 0.298465
274
gcm: 0.885189 1.28632 0.948283
H: 2.70302 0.0732421 1.32342
L: -0.112964 0.0819478 0.283275
275
gcm: 0.883301 1.28856 0.95381
H: 3.23349 0.110407 0.244318
L: -0.0981777 0.11657 0.287422
276
gcm: 0.881444 1.29062 0.959512
H: 1.83238 0.147342 -1.24029
L: -0.0965933 0.107238 0.29649
277
gcm: 0.879563 1.29241 0.966336
H: 2.74306 0.0851788 0.0514864
L: -0.0978272 0.0930374 0.354883
278
gcm: 0.878452 1.29442 0.971558
H: 2.62921 0.0867727 -0.953458
L: -0.0577593 0.104331 0.271539
279
gcm: 0.876419 1.29645 0.976382
H: 1.73119 0.132534 0.606206
L: -0.105723 0.105587 0.250813
280
gcm: 0.874821 1.2991 0.982376
H: 3.2163 0.130328 -0.160539
L: -0.0830581 0.137866 0.311696
281
gcm: 0.872712 1.30081 0.987164
H: 2.84792 0.257265 1.0345
L: -0.109688 0.0886355 0.248995
282
gcm: 0.870555 1.30178 0.991346
H: 2.90003 0.38682 0.724979
L: -0.112175 0.0504593 0.217452
283
gcm: 0.869108 1.30462 0.997817
H: 2.52322 0.0931983 0.608907
L: -0.0752521 0.147979 0.336505
284
gcm: 0.867553 1.3076 1.00347
H: 1.66024 0.262121 -0.598337
L: -0.0808417 0.154616 0.293741
285
gcm: 0.866159 1.31011 1.00858
H: 2.65311 -0.00450621 0.504636
L: -0.0724855 0.130571 0.26581
286
gcm: 0.864588 1.3123 1.01348
H: 2.04949 -0.045154 1.15302
L: -0.0816901 0.113971 0.254926
287
gcm: 0.862807 1.31473 1.01899
H: 3.0731 0.188848 1.0532
L: -0.092595 0.126622 0.286642
288
gcm: 0.861865 1.31673 1.02304
H: 1.68119 0.00433435 -0.332742
L: -0.0489824 0.103907 0.210243
289
gcm: 0.860594 1.31864 1.02837
H: 1.90554 -0.002973 -0.507295
L: -0.0661415 0.0991615 0.277357
290
gcm: 0.859388 1.32037 1.03388
H: 3.08435 -0.052724 0.522064
L: -0.0626832 0.0901907 0.286769
291
gcm: 0.857761 1.32264 1.0385
H: 1.00964 -0.123063 1.53028
L: -0.0845858 0.118054 0.240027
292
gcm: 0.856486 1.32505 1.04348
H: 1.52119 -0.10557 0.434447
L: -0.0663004 0.125151 0.258913
293
gcm: 0.855692 1.3269 1.04776
H: 1.02298 -0.116906 -0.652318
L: -0.0413025 0.0960062 0.222444
294
gcm: 0.854364 1.32976 1.05332
H: 2.19939 -0.0799004 1.14436
L: -0.069056 0.149167 0.289282
295
gcm: 0.85246 1.33232 1.05857
H: 2.16552 -0.000362772 2.37541
L: -0.0990144 0.132912 0.273216
296
gcm: 0.851857 1.3341 1.06283
H: 1.18034 -0.0530159 -0.695623
L: -0.0313483 0.0923211 0.221093
297
gcm: 0.85134 1.33578 1.0671
H: 0.967799 -0.027273 -1.68424
L: -0.0268815 0.0874872 0.222034
298
gcm: 0.849864 1.33826 1.07268
H: 1.85624 -0.190774 1.12278
L: -0.0767439 0.12888 0.290453
299
gcm: 0.848759 1.34023 1.07694
H: 0.441514 -0.37709 2.19533
L: -0.0574808 0.102823 0.221273
300
gcm: 0.848133 1.34204 1.08142
H: 2.81772 -0.0159644 -0.244789
L: -0.0325684 0.0939476 0.233091
301
gcm: 0.847267 1.34416 1.08679
H: -1.99195 -0.456355 0.401804
L: -0.0450308 0.110156 0.279405
302
gcm: 0.846498 1.34624 1.09169
H: 2.10635 -0.189236 -0.348411
L: -0.0399499 0.108078 0.254759
303
gcm: 0.845675 1.34753 1.09601
H: 0.462057 -0.457264 0.302394
L: -0.0428223 0.0673193 0.224734
304
gcm: 0.84503 1.3485 1.10011
H: 0.173731 -0.376578 0.14231
L: -0.0335354 0.0502434 0.212779
305
gcm: 0.844413 1.34969 1.10442
H: -1.33212 -0.51795 0.634659
L: -0.0321046 0.0618664 0.224534
306
gcm: 0.843723 1.35134 1.10888
H: 0.633731 -0.227653 0.546071
L: -0.0358829 0.0856274 0.231856
307
gcm: 0.842666 1.35339 1.1146
H: 0.82777 -0.186408 1.37899
L: -0.0549281 0.106896 0.297177
308
gcm: 0.842247 1.35397 1.11817
H: -3.17306 -1.00671 0.727051
L: -0.0218083 0.0300624 0.185879
309
gcm: 0.841865 1.35429 1.12196
H: -1.57799 -0.765438 0.106342
L: -0.0198805 0.0165614 0.196845
310
gcm: 0.841384 1.35546 1.12741
H: -1.74691 -0.406025 -0.423662
L: -0.0249984 0.0607366 0.283473
311
gcm: 0.841012 1.35669 1.1322
H: -0.128718 -0.455741 0.0555754
L: -0.019333 0.0642266 0.248989
312
gcm: 0.840562 1.35767 1.13695
H: -0.88858 -0.434486 0.244551
L: -0.0234226 0.0506968 0.247094
313
gcm: 0.840316 1.35965 1.14174
H: -1.71624 -0.678759 0.120238
L: -0.012777 0.103037 0.2489
314
gcm: 0.840096 1.36022 1.14618
H: -2.45681 -0.590168 0.394568
L: -0.0114152 0.029562 0.23105
315
gcm: 0.839467 1.36047 1.15081
H: -0.386141 -0.606151 0.020237
L: -0.0327125 0.0133643 0.241033
316
gcm: 0.839186 1.36047 1.15502
H: -1.22089 -0.670068 0.323272
L: -0.014625 -0.000375259 0.218788
317
gcm: 0.838993 1.3606 1.15946
H: -2.64396 -0.762043 -0.413986
L: -0.0100166 0.00677126 0.230847
318
gcm: 0.838789 1.3601 1.16352
H: -3.82638 -0.836007 1.4684
L: -0.0106013 -0.0257539 0.210961
319
gcm: 0.838307 1.36187 1.17039
H: -1.29995 -0.559387 0.893306
L: -0.025071 0.0917937 0.357388
320
gcm: 0.838665 1.36246 1.17437
H: -3.38589 -0.822805 -1.22149
L: 0.0185995 0.0310256 0.206793
321
gcm: 0.837473 1.36253 1.17886
H: -1.79679 -0.629061 3.17531
L: -0.0619857 0.00358953 0.233752
322
gcm: 0.838492 1.36356 1.18309
H: -3.76253 -1.04204 -2.80732
L: 0.0529788 0.0535631 0.219796
323
gcm: 0.838208 1.36352 1.18768
H: -2.75486 -0.777571 1.98652
L: -0.0147565 -0.00222389 0.238575
324
gcm: 0.837991 1.36399 1.19293
H: -3.28685 -0.855133 -0.61072
L: -0.0113073 0.0247621 0.27313
325
gcm: 0.837468 1.36427 1.19802
H: -3.68018 -0.809483 0.460378
L: -0.0271818 0.0145344 0.264552
326
gcm: 0.838075 1.36615 1.20353
H: -4.56263 -0.901212 -1.22852
L: 0.0315501 0.097418 0.286433
327
gcm: 0.838203 1.3655 1.20856
H: -2.26376 -0.565643 -0.465801
L: 0.00668961 -0.0337132 0.261871
328
gcm: 0.838088 1.36529 1.21261
H: -5.38564 -1.00025 0.853352
L: -0.00600165 -0.0109035 0.210387
329
gcm: 0.838332 1.36454 1.21686
H: -3.793 -0.809503 -0.907297
L: 0.0126898 -0.0390353 0.221299
330
gcm: 0.838703 1.36579 1.22299
H: -4.69116 -0.808856 0.142751
L: 0.0193046 0.0648273 0.318561
331
gcm: 0.83829 1.36679 1.22823
H: -5.63632 -1.08217 -0.221059
L: -0.0214889 0.0523992 0.272319
332
gcm: 0.838602 1.36763 1.23322
H: -5.24742 -0.883669 -0.548677
L: 0.0162069 0.0436818 0.259792
333
gcm: 0.838921 1.3683 1.23854
H: -4.17515 -0.773768 -0.185812
L: 0.0166244 0.0348257 0.276655
334
gcm: 0.839448 1.36841 1.24388
H: -3.55911 -0.619773 -1.07267
L: 0.0274107 0.00576828 0.27764
335
gcm: 0.840058 1.36847 1.24948
H: -3.89397 -0.708317 -0.533156
L: 0.0317218 0.00285689 0.290942
336
gcm: 0.840431 1.36836 1.25423
H: -4.06353 -0.808492 0.025073
L: 0.019395 -0.0055268 0.246949
337
gcm: 0.83999 1.36859 1.26016
H: -4.18726 -0.533861 -0.413007
L: -0.0229388 0.0120416 0.308669
338
gcm: 0.840466 1.36851 1.26567
H: -2.67349 -0.592897 0.893288
L: 0.0247336 -0.00455744 0.286252
339
gcm: 0.841123 1.36854 1.27115
H: -2.53524 -0.457544 -0.853676
L: 0.0341518 0.0017527 0.285301
340
gcm: 0.842288 1.36928 1.27793
H: -2.0304 -0.255012 -0.685285
L: 0.0606123 0.0384101 0.352382
341
gcm: 0.843072 1.36853 1.28241
H: -2.47295 -0.357047 0.74197
L: 0.040763 -0.0391832 0.232827
342
gcm: 0.842728 1.36852 1.28866
H: -0.0488285 -0.126623 1.54301
L: -0.0178885 -0.000194037 0.32506
343
gcm: 0.844101 1.36833 1.29356
H: -1.14473 -0.214522 -2.05486
L: 0.0713948 -0.00976568 0.255004
344
gcm: 0.844795 1.3683 1.30024
H: 0.574127 -0.00958507 0.271253
L: 0.0360838 -0.00180611 0.347445
345
gcm: 0.846077 1.3675 1.30595
H: 0.986906 -0.0260836 -0.200356
L: 0.0666832 -0.0417783 0.296926
346
gcm: 0.84591 1.36675 1.31356
H: 0.631669 0.0806003 1.24947
L: -0.00872894 -0.0385565 0.395721
347
gcm: 0.846625 1.365 1.31809
H: 0.964629 -0.0415229 0.172058
L: 0.0372189 -0.0910031 0.235232
348
gcm: 0.848155 1.36381 1.32539
H: 2.59649 0.116286 -0.926109
L: 0.079559 -0.0619102 0.3797
349
gcm: 0.848196 1.36252 1.33027
H: 1.37249 0.072591 1.09712
L: 0.0021136 -0.0675205 0.253997
350
gcm: 0.849104 1.36228 1.3367
H: 1.90135 0.229625 0.00504063
L: 0.0472046 -0.0120112 0.333909
351
gcm: 0.850073 1.36207 1.34288
H: 1.4178 0.0962178 0.941989
L: 0.0504168 -0.0109925 0.321417
352
gcm: 0.851011 1.36187 1.34932
H: 3.1651 0.209086 1.1391
L: 0.0487515 -0.0104487 0.334917
353
gcm: 0.850878 1.36215 1.35686
H: 5.04034 0.21813 2.38312
L: -0.00691337 0.0144532 0.392293
354
gcm: 0.852649 1.36186 1.36413
H: 1.15975 0.0111408 -0.365985
L: 0.0920859 -0.0151752 0.377988
355
gcm: 0.853312 1.36135 1.37072
H: 3.69033 0.0888506 1.5766
L: 0.034512 -0.0262429 0.342772
356
gcm: 0.853999 1.36168 1.37702
H: 3.68975 0.161327 -1.20613
L: 0.0357028 0.0168728 0.327339
357
gcm: 0.856086 1.36127 1.38289
H: 3.48899 -0.064229 -2.40759
L: 0.108496 -0.0209812 0.305399
358
gcm: 0.857399 1.35973 1.39244
H: 10.6214 0.119569 -1.20806
L: 0.0682976 -0.0801944 0.496401
359
gcm: 0.856393 1.35923 1.40027
H: 6.01151 0.155851 4.37892
L: -0.0523147 -0.0263594 0.407204
360
gcm: 0.858943 1.35898 1.40691
H: 3.02956 0.178255 -3.66519
L: 0.132612 -0.0127629 0.345594
361
gcm: 0.859143 1.35917 1.41506
H: 7.09686 0.0929915 1.53152
L: 0.0104199 0.00976414 0.423787
362
gcm: 0.860808 1.35911 1.42183
H: 5.48918 0.196343 -2.13778
L: 0.0865366 -0.00296284 0.351836
363
gcm: 0.860646 1.36012 1.43014
H: 3.96458 0.127017 1.43993
L: -0.00841605 0.0525213 0.432293
364
gcm: 0.861605 1.36052 1.43753
H: 4.27583 0.096596 0.298094
L: 0.049898 0.0206027 0.384237
365
gcm: 0.861988 1.36041 1.44394
H: 3.89851 0.0742026 1.36709
L: 0.0199044 -0.00539342 0.333213
366
gcm: 0.863668 1.36066 1.45021
H: 4.21637 0.211777 -2.9375
L: 0.08736 0.0130315 0.325858
367
gcm: 0.865256 1.36165 1.45886
H: 2.3849 0.369855 -3.81784
L: 0.0825694 0.0513576 0.450204
368
gcm: 0.864075 1.36219 1.46623
H: 2.83429 0.271424 3.22991
L: -0.0614221 0.0282267 0.383194
369
gcm: 0.865519 1.36255 1.47268
H: 2.9611 -0.0173915 -2.13387
L: 0.0751147 0.0184692 0.335296
370
gcm: 0.867052 1.36313 1.47933
H: 2.51459 0.0122053 -3.34457
L: 0.0797057 0.0304429 0.345982
371
gcm: 0.868208 1.36361 1.48603
H: 2.25678 0.166383 -3.49582
L: 0.0600925 0.0247267 0.348359
372
gcm: 0.869046 1.36406 1.49284
H: 2.39255 0.266123 -2.43582
L: 0.0436022 0.0232935 0.354103
373
gcm: 0.868461 1.36435 1.4988
H: -0.845014 0.400581 1.425
L: -0.0304295 0.0152048 0.30977
374
gcm: 0.869365 1.36471 1.50604
H: 1.50986 0.16483 -3.299
L: 0.0469802 0.0187455 0.376509
375
gcm: 0.869466 1.36517 1.51203
H: 0.97759 0.118584 2.4409
L: 0.0052899 0.0238896 0.311681
376
gcm: 0.871086 1.36525 1.51818
H: 2.73297 0.0362084 -3.45593
L: 0.0842084 0.0040467 0.319427
377
gcm: 0.870031 1.3662 1.52547
H: 0.598974 0.499191 1.62889
L: -0.054835 0.0497076 0.379146
378
gcm: 0.869439 1.36672 1.53158
H: -1.01507 0.805521 1.02046
L: -0.0307909 0.0267179 0.317608
379
gcm: 0.869217 1.3676 1.53713
H: 1.14531 0.487469 2.86312
L: -0.0115465 0.0458745 0.289006
380
gcm: 0.86885 1.36929 1.54678
H: 2.00592 0.298442 0.565256
L: -0.0190998 0.0878015 0.501594
381
gcm: 0.869415 1.36971 1.55173
H: 0.285706 0.557148 -1.29344
L: 0.0294138 0.0220204 0.257507
382
gcm: 0.869824 1.37009 1.55616
H: -1.27531 0.576272 -1.53604
L: 0.0212656 0.0194277 0.23011
383
gcm: 0.870823 1.3712 1.56437
H: 0.833974 0.298539 -2.18305
L: 0.0519422 0.0576992 0.427087
384
gcm: 0.869701 1.37159 1.57065
H: -1.5404 0.707539 2.27758
L: -0.0583438 0.0203057 0.326522
385
gcm: 0.870099 1.37118 1.57584
H: -0.675137 0.626049 -1.17785
L: 0.0206843 -0.0210507 0.269946
386
gcm: 0.870556 1.3707 1.58292
H: 0.760007 0.330608 1.58173
L: 0.0237471 -0.0249904 0.368328
387
gcm: 0.871281 1.37007 1.58799
H: -3.02538 0.645803 -5.83666
L: 0.0377258 -0.0325429 0.263452
388
gcm: 0.870468 1.36989 1.5946
H: -1.79518 0.872027 2.0673
L: -0.0422875 -0.00980043 0.343564
389
gcm: 0.869431 1.36977 1.59958
H: -1.29959 1.12061 2.04948
L: -0.0539056 -0.00593432 0.25921
390
gcm: 0.870554 1.3695 1.60782
H: -0.576373 0.216866 -4.22733
L: 0.0583668 -0.0142487 0.428464
391
gcm: 0.869112 1.36872 1.6132
H: -1.52128 0.865392 4.27279
L: -0.074966 -0.0402854 0.279717
392
gcm: 0.868109 1.36786 1.61825
H: -2.1171 0.94522 3.31015
L: -0.0521567 -0.0448452 0.262493
393
gcm: 0.869399 1.36737 1.62648
H: 3.82052 0.203736 -4.74625
L: 0.0670778 -0.0254078 0.42808
394
gcm: 0.868566 1.36557 1.63297
H: -3.72937 1.06094 4.32403
L: -0.0433178 -0.0934863 0.33757
395
gcm: 0.868733 1.36347 1.63768
H: -2.98057 0.766727 -0.581538
L: 0.0086721 -0.109369 0.244756
396
gcm: 0.868248 1.36287 1.64574
H: 0.951686 0.547729 0.526555
L: -0.0251952 -0.0311743 0.419069
397
gcm: 0.866132 1.36034 1.65088
H: -3.13679 1.21121 5.08541
L: -0.110028 -0.131891 0.26721
398
gcm: 0.865134 1.35819 1.65924
H: -0.507567 0.661414 2.37092
L: -0.0519266 -0.11178 0.43498
399
gcm: 0.86576 1.35719 1.6647
H: -1.63409 0.566282 -5.75936
L: 0.0325452 -0.0518502 0.283785
400
gcm: 0.865095 1.3557 1.6724
H: 0.526065 0.729398 2.03894
L: -0.0345469 -0.077602 0.400416
401
gcm: 0.8638 1.3531 1.6774
H: -2.9884 0.972018 2.74143
L: -0.0673342 -0.13494 0.260054
402
gcm: 0.863733 1.34989 1.68424
H: 0.052426 0.667061 -0.914636
L: -0.00347945 -0.167106 0.355387
403
gcm: 0.863492 1.34757 1.69071
H: -2.33078 0.653026 -1.06478
L: -0.0125626 -0.120521 0.33642
404
gcm: 0.863504 1.34552 1.69616
H: -0.692987 0.697295 -2.11899
L: 0.000623001 -0.106547 0.283783
405
gcm: 0.862696 1.34167 1.70171
H: -2.20523 0.680431 1.73242
L: -0.0420178 -0.200129 0.288246
406
gcm: 0.862075 1.3375 1.70742
H: -2.39523 0.672473 0.608873
L: -0.0322761 -0.217216 0.297333
407
gcm: 0.861907 1.33465 1.71531
H: 0.893892 0.640054 -2.23754
L: -0.00875259 -0.147925 0.409784
408
gcm: 0.861152 1.33103 1.72173
H: -1.37298 0.553607 1.37201
L: -0.0392376 -0.188053 0.333992
409
gcm: 0.860911 1.32694 1.72884
H: -1.68027 0.418645 -1.23379
L: -0.0125474 -0.212914 0.369708
410
gcm: 0.858351 1.32232 1.73548
H: -1.81615 0.778917 4.8808
L: -0.133088 -0.240311 0.345192
411
gcm: 0.857622 1.31893 1.74306
H: 0.245582 0.660694 2.98535
L: -0.0379214 -0.176337 0.394123
412
gcm: 0.856196 1.31341 1.74897
H: -0.840115 0.552137 1.74427
L: -0.0741748 -0.286959 0.307478
413
gcm: 0.855428 1.30858 1.7562
H: 0.836423 0.651292 -0.794375
L: -0.0399382 -0.2511 0.376142
414
gcm: 0.85348 1.30284 1.76205
H: 0.399249 0.762985 3.84964
L: -0.101277 -0.298338 0.304068
415
gcm: 0.852976 1.29644 1.76708
H: -2.89396 0.309713 0.223774
L: -0.0262037 -0.332864 0.261681
416
gcm: 0.853783 1.29087 1.77376
H: -1.06689 0.469755 -1.98829
L: 0.041976 -0.289614 0.347405
417
gcm: 0.852292 1.28486 1.78015
H: -1.75332 0.408612 0.556996
L: -0.0775527 -0.312523 0.332301
418
gcm: 0.851558 1.27936 1.78774
H: 3.53431 0.327963 -0.135015
L: -0.0381439 -0.285846 0.394675
419
gcm: 0.848792 1.2721 1.79576
H: 1.22011 0.768766 4.4052
L: -0.143882 -0.377698 0.416987
420
gcm: 0.849259 1.26605 1.80353
H: 5.21254 0.332791 -2.36792
L: 0.0243087 -0.314585 0.403722
421
gcm: 0.848598 1.26071 1.80957
H: -0.024899 0.33393 0.151533
L: -0.034347 -0.277569 0.314303
422
gcm: 0.847763 1.25433 1.81787
H: 4.08159 0.213963 -1.19289
L: -0.0434387 -0.332056 0.431369
423
gcm: 0.844933 1.24598 1.82531
H: 2.90222 0.421065 4.77014
L: -0.147169 -0.434002 0.387204
424
gcm: 0.843115 1.23956 1.83454
H: 5.81423 0.505298 2.19069
L: -0.0945567 -0.334111 0.47985
425
gcm: 0.839169 1.22982 1.84243
H: 2.6996 0.649211 5.26819
L: -0.20515 -0.506087 0.410451
426
gcm: 0.84037 1.22243 1.84885
H: 3.90282 -0.171181 -4.80837
L: 0.0624239 -0.384677 0.333741
427
gcm: 0.836565 1.21272 1.85877
H: 4.24929 0.784441 7.64715
L: -0.197847 -0.504628 0.516004
428
gcm: 0.837147 1.20493 1.86611
H: 0.8446 -0.249916 -5.41781
L: 0.0302741 -0.405304 0.381393
429
gcm: 0.834852 1.19453 1.87384
H: 8.24125 0.677979 3.15351
L: -0.119339 -0.540946 0.401901
430
gcm: 0.835786 1.18631 1.88078
H: 4.0862 -0.355851 -6.80716
L: 0.0485753 -0.427141 0.360932
431
gcm: 0.834597 1.17419 1.88815
H: -1.95126 0.23616 -1.27987
L: -0.0618444 -0.630209 0.383114
431
gcm: 0.834597 1.17419 1.88815
H: 0 0 0
L: 0 0 0
