:metadata
 
Skeleton: /Network/Servers/duerer/Volumes/duerer/laturnus/workspace/new_acm/asf/07-walk.asf
Motion: /Network/Servers/duerer/Volumes/duerer/laturnus/workspace/new_acm/amc/07_04-walk.amc
Mass Distribution: /Network/Servers/duerer/Volumes/duerer/laturnus/workspace/new_acm/amd/clauser1969.amd
 
Inital skeleton translation: 0 0 0
Initial skeleton rotation: 0 0 0
 
:data
1
gcm: 0.511765 1.03037 -1.85975
H: -0.569648 -0.670948 0.346045
L: -0.0418584 0.0382695 0.380934
left
2
gcm: 0.510987 1.03065 -1.85269
H: -1.23083 -0.862884 0.441254
L: -0.0404705 0.0149311 0.366903
left
3
gcm: 0.510257 1.03076 -1.84549
H: -1.77143 -0.923672 0.630694
L: -0.0379513 0.00559033 0.374469
left
4
gcm: 0.509436 1.03096 -1.83842
H: -0.7772 -0.569076 0.264395
L: -0.0427073 0.0101918 0.367694
left
5
gcm: 0.509082 1.0311 -1.83163
H: 1.60312 -0.604984 -1.90232
L: -0.0183932 0.00752221 0.353
left
6
gcm: 0.509035 1.03127 -1.82462
H: -7.12666 -2.14717 0.287699
L: -0.00243987 0.00858652 0.364484
left
7
gcm: 0.508563 1.03106 -1.81745
H: -1.51199 -0.881087 -0.232315
L: -0.0245518 -0.0107866 0.3731
left
8
gcm: 0.507669 1.03047 -1.81054
H: -2.50566 -0.858608 1.12338
L: -0.0464849 -0.0306481 0.359196
left
9
gcm: 0.507066 1.02999 -1.80372
H: -3.11639 -0.977869 0.581807
L: -0.031354 -0.0249154 0.354642
left
10
gcm: 0.506939 1.02967 -1.79663
H: -2.30227 -1.05361 -0.688497
L: -0.00661371 -0.0167713 0.368549
left
11
gcm: 0.506719 1.02927 -1.78952
H: -1.54438 -1.06825 -0.910728
L: -0.0114658 -0.0206634 0.36996
left
12
gcm: 0.506465 1.02856 -1.78255
H: -2.0425 -1.14874 -0.918281
L: -0.0132078 -0.0370794 0.362449
left
13
gcm: 0.506358 1.02774 -1.7755
H: -2.95694 -1.24431 -0.879117
L: -0.00555677 -0.0428379 0.366431
left
14
gcm: 0.506222 1.02719 -1.76845
H: -3.07943 -1.17197 -0.270688
L: -0.00706806 -0.028576 0.366604
left
15
gcm: 0.506031 1.02698 -1.76155
H: -2.73841 -1.10269 -0.197721
L: -0.00994623 -0.0108267 0.35877
left
16
gcm: 0.505791 1.0267 -1.7547
H: -2.69669 -1.07156 -0.638524
L: -0.0124711 -0.0145154 0.356429
left
17
gcm: 0.505344 1.0264 -1.74787
H: -4.75487 -1.14278 0.220115
L: -0.0232428 -0.0153663 0.354799
left
18
gcm: 0.504958 1.02618 -1.74104
H: -4.39504 -1.07676 0.558018
L: -0.0200379 -0.0116054 0.355224
left
19
gcm: 0.504962 1.02544 -1.73423
H: -3.7467 -1.16032 0.221897
L: 0.00016687 -0.0383741 0.35429
left
20
gcm: 0.504947 1.02526 -1.72748
H: -3.53416 -1.24828 -0.621944
L: -0.000758407 -0.00943065 0.351109
left
21
gcm: 0.504766 1.0265 -1.72061
H: -3.22303 -1.30748 -1.35213
L: -0.00941761 0.0644989 0.357124
left
22
gcm: 0.504647 1.02734 -1.71366
H: -3.48025 -1.23266 -0.489708
L: -0.00616587 0.0438228 0.361286
left
23
gcm: 0.504544 1.02676 -1.7068
H: -4.10829 -1.09396 0.746949
L: -0.00537527 -0.0305425 0.357043
left
24
gcm: 0.5045 1.02635 -1.70008
H: -3.86187 -1.14802 -0.140616
L: -0.00227529 -0.0211152 0.349225
left
25
gcm: 0.504582 1.02692 -1.69338
H: -3.78289 -1.28126 -0.855134
L: 0.00423544 0.029586 0.348578
left
26
gcm: 0.504357 1.02767 -1.68667
H: -4.10385 -1.13242 0.338779
L: -0.0116976 0.0390879 0.348789
left
27
gcm: 0.504092 1.02826 -1.68007
H: -4.10582 -1.06809 0.18078
L: -0.0137504 0.0307394 0.34314
left
28
gcm: 0.504308 1.02825 -1.67342
H: -4.32647 -1.19273 -0.866365
L: 0.0112129 -0.000409395 0.346043
left
29
gcm: 0.504398 1.02762 -1.66661
H: -4.29044 -1.08001 0.023163
L: 0.00466104 -0.0328538 0.35383
left
30
gcm: 0.504527 1.0271 -1.65978
H: -4.29306 -1.12581 -0.0462672
L: 0.00675107 -0.0269865 0.355319
left
31
gcm: 0.504929 1.02681 -1.65298
H: -4.38933 -1.22057 -0.555503
L: 0.0208889 -0.0152423 0.353528
left
32
gcm: 0.505031 1.02731 -1.64637
H: -4.12326 -1.0966 0.188136
L: 0.00527429 0.0259496 0.343602
left
33
gcm: 0.504992 1.02821 -1.63989
H: -4.16681 -0.96264 0.309345
L: -0.00198065 0.0467958 0.337103
left
34
gcm: 0.505153 1.02838 -1.63312
H: -4.49892 -0.858661 0.306781
L: 0.00833678 0.00878173 0.352103
left
35
gcm: 0.505444 1.02819 -1.62626
H: -4.47276 -0.820506 0.359276
L: 0.0151367 -0.00972587 0.356519
left
36
gcm: 0.505733 1.02826 -1.6197
H: -3.68846 -0.718547 0.463341
L: 0.0150305 0.00342432 0.34113
left
37
gcm: 0.506288 1.02869 -1.61318
H: -3.1511 -0.419719 0.138824
L: 0.0288731 0.0223378 0.338909
left
38
gcm: 0.506802 1.02876 -1.60643
H: -3.16474 -0.244574 0.377932
L: 0.0267266 0.00400021 0.351022
left
39
gcm: 0.507018 1.02859 -1.59937
H: -2.5968 -0.264088 1.50511
L: 0.0112394 -0.00914163 0.367584
left
40
gcm: 0.507442 1.02827 -1.59233
H: -2.81532 -0.232965 1.70834
L: 0.0220123 -0.0162789 0.365618
left
41
gcm: 0.50795 1.02792 -1.58554
H: -2.84392 0.119228 1.633
L: 0.0264552 -0.0185431 0.353289
left
42
gcm: 0.508484 1.02823 -1.57871
H: -2.27955 0.193171 1.37056
L: 0.0277633 0.0161091 0.355341
left
43
gcm: 0.509041 1.02834 -1.57183
H: -2.28661 0.177589 1.51824
L: 0.0289495 0.00575986 0.35767
left
44
gcm: 0.509475 1.0283 -1.56525
H: -2.55209 0.0672547 1.88239
L: 0.0225532 -0.0017918 0.342192
left
45
gcm: 0.510198 1.02812 -1.55864
H: -2.59328 -0.266175 0.839416
L: 0.0376016 -0.00982304 0.343597
left
46
gcm: 0.511213 1.02758 -1.55109
H: -0.0441469 -0.267293 -0.490562
L: 0.0528055 -0.0276884 0.392758
left
47
gcm: 0.51215 1.02718 -1.54357
H: 0.675536 -0.185127 -0.133431
L: 0.048697 -0.0209642 0.391107
left
48
gcm: 0.51316 1.02622 -1.53601
H: 0.454672 -0.0593327 0.0297327
L: 0.0525414 -0.0500925 0.392756
left
49
gcm: 0.514421 1.02533 -1.52826
H: 0.436434 -0.260485 -1.14617
L: 0.0655853 -0.0459189 0.40303
left
50
gcm: 0.515738 1.02484 -1.52015
H: 2.02022 -0.552693 -2.00104
L: 0.0684785 -0.0257419 0.421887
left
51
gcm: 0.516685 1.0252 -1.512
H: 3.27611 -0.357793 -1.22072
L: 0.04923 0.0186906 0.423709
left
52
gcm: 0.517554 1.02559 -1.50387
H: 3.11531 -0.063907 -0.377013
L: 0.0452063 0.0202694 0.422912
left
53
gcm: 0.518939 1.02409 -1.4955
H: 2.40827 -0.194261 -0.761715
L: 0.0720033 -0.0776515 0.435208
left
54
gcm: 0.520066 1.02281 -1.48724
H: 2.59579 -0.32802 -0.940055
L: 0.0585955 -0.0667897 0.429588
left
55
gcm: 0.521192 1.02136 -1.47908
H: 3.0895 -0.158858 -1.12292
L: 0.058563 -0.0751388 0.424157
left
56
gcm: 0.522736 1.01995 -1.47065
H: 3.25736 -0.110267 -1.46595
L: 0.0802783 -0.073496 0.438289
left
57
gcm: 0.523972 1.01968 -1.46191
H: 3.55245 0.0157785 -0.162567
L: 0.0642904 -0.0143273 0.454686
left
58
gcm: 0.525186 1.02058 -1.45301
H: 3.73106 0.208545 0.427551
L: 0.0631376 0.047007 0.462842
left
59
gcm: 0.526808 1.02166 -1.44389
H: 4.13685 0.0210619 -0.977157
L: 0.0843014 0.0561543 0.473998
left
60
gcm: 0.528566 1.0224 -1.43464
H: 4.18152 -0.0869494 -1.38298
L: 0.0914591 0.0384729 0.480986
left
61
gcm: 0.530245 1.02267 -1.42558
H: 3.62086 0.0478089 -0.24899
L: 0.0873053 0.014179 0.471085
none 
62
gcm: 0.531905 1.02267 -1.41675
H: 3.21931 -0.0493725 -0.284064
L: 0.0862918 4.42058e-05 0.459391
none 
63
gcm: 0.533772 1.0226 -1.40784
H: 3.65685 -0.238285 -1.55408
L: 0.0970916 -0.00387204 0.463006
none 
64
gcm: 0.535667 1.02273 -1.3987
H: 4.24137 -0.216335 -1.68405
L: 0.0985481 0.00666714 0.475645
none 
65
gcm: 0.537337 1.02325 -1.38944
H: 3.55616 -0.154856 -0.770835
L: 0.0868137 0.0269705 0.481127
none 
66
gcm: 0.539055 1.0237 -1.38018
H: 3.00958 -0.176396 -0.566682
L: 0.0893357 0.0233855 0.481576
none 
67
gcm: 0.540648 1.02424 -1.37097
H: 3.51674 0.0224307 -0.421815
L: 0.0828396 0.0282909 0.479067
none 
68
gcm: 0.542031 1.02535 -1.36177
H: 3.79835 0.157062 0.101788
L: 0.0719394 0.0579593 0.478296
none 
69
gcm: 0.543744 1.02688 -1.35252
H: 3.3919 -0.0451941 -0.387582
L: 0.0890645 0.0794448 0.481076
none 
70
gcm: 0.545732 1.0277 -1.3418
H: 8.17841 -0.218078 -1.70551
L: 0.103377 0.0425406 0.557536
right
71
gcm: 0.547929 1.02849 -1.33175
H: 6.99612 -0.39662 -1.92135
L: 0.11425 0.040865 0.522632
right
72
gcm: 0.549814 1.02911 -1.32227
H: 5.93673 -0.300458 -1.05748
L: 0.0979964 0.0325192 0.493155
right
73
gcm: 0.551218 1.02962 -1.31316
H: 5.06776 -0.024383 -0.0186623
L: 0.0730432 0.0266638 0.47358
right
74
gcm: 0.552961 1.03017 -1.30363
H: 5.79401 -0.171586 -1.3407
L: 0.090621 0.0282697 0.495554
right
75
gcm: 0.555144 1.03121 -1.29396
H: 5.97968 -0.474019 -3.07589
L: 0.113531 0.0541117 0.502513
right
76
gcm: 0.55712 1.03261 -1.28504
H: 4.73861 -0.394463 -2.1124
L: 0.102716 0.0728526 0.463897
right
77
gcm: 0.558644 1.03408 -1.27655
H: 4.20459 -0.158289 -0.630839
L: 0.0792586 0.0763068 0.441828
right
78
gcm: 0.560001 1.03491 -1.26797
H: 4.50611 -0.186543 -0.433084
L: 0.0705551 0.0434658 0.445903
right
79
gcm: 0.561616 1.03548 -1.25928
H: 4.65706 -0.390542 -0.612007
L: 0.08402 0.0296667 0.451949
right
80
gcm: 0.563036 1.03692 -1.2506
H: 4.41281 -0.254916 0.364728
L: 0.0738008 0.0745897 0.451502
right
81
gcm: 0.563945 1.03845 -1.24198
H: 3.90464 0.0280141 1.04997
L: 0.0473035 0.0798554 0.448221
right
82
gcm: 0.565069 1.03955 -1.23336
H: 3.39149 -0.0307385 -0.0799784
L: 0.0584522 0.0572301 0.448163
right
83
gcm: 0.566385 1.04063 -1.22503
H: 3.08971 -0.198845 -0.347506
L: 0.0683903 0.0561526 0.433048
right
84
gcm: 0.567345 1.04165 -1.21706
H: 2.45732 -0.0928342 0.519807
L: 0.0499599 0.0526843 0.414244
right
85
gcm: 0.56829 1.04247 -1.20917
H: 1.42522 0.154702 0.211725
L: 0.0491266 0.0429844 0.410694
right
86
gcm: 0.569516 1.0433 -1.20144
H: 0.77673 0.166389 -0.701615
L: 0.0637291 0.0428786 0.401965
right
87
gcm: 0.570888 1.04426 -1.19377
H: 0.608167 0.115045 -0.911274
L: 0.0713732 0.0503009 0.398589
right
88
gcm: 0.572066 1.04532 -1.18586
H: 0.509747 0.35102 -0.189688
L: 0.0612313 0.0548567 0.411429
right
89
gcm: 0.572933 1.04638 -1.1778
H: -0.484373 0.586331 0.208527
L: 0.0451014 0.0551764 0.41905
right
90
gcm: 0.573764 1.04746 -1.16963
H: -1.27679 0.581422 0.297193
L: 0.0431876 0.0562512 0.424835
right
91
gcm: 0.574605 1.04848 -1.16181
H: -0.536204 0.41441 0.373427
L: 0.0437276 0.0526907 0.406546
right
92
gcm: 0.575481 1.04918 -1.15439
H: -0.490675 0.451615 -0.117673
L: 0.0455982 0.0367441 0.385862
right
93
gcm: 0.57643 1.04996 -1.14722
H: -1.71075 0.781304 -0.129131
L: 0.0493462 0.0402013 0.372971
right
94
gcm: 0.577304 1.05062 -1.14004
H: -1.9228 0.722029 0.43889
L: 0.0454205 0.0343441 0.373357
right
95
gcm: 0.577911 1.05095 -1.13239
H: -0.957683 0.778692 0.218088
L: 0.031545 0.017283 0.397689
right
96
gcm: 0.578337 1.05214 -1.12521
H: -0.480261 0.688372 -0.434874
L: 0.0221712 0.0618287 0.373609
right
97
gcm: 0.579249 1.0525 -1.11732
H: -3.68153 0.994182 1.27923
L: 0.0474096 0.0187892 0.410331
right
98
gcm: 0.580089 1.05274 -1.10985
H: -2.72082 0.9376 0.418956
L: 0.0437246 0.0125455 0.388363
right
99
gcm: 0.580815 1.05296 -1.10244
H: -1.82848 0.761767 -1.05094
L: 0.0377077 0.0114027 0.385222
right
100
gcm: 0.581614 1.05279 -1.09513
H: -2.49665 0.817131 -1.28623
L: 0.0415889 -0.00882885 0.379906
right
101
gcm: 0.582457 1.05188 -1.08765
H: -2.33607 0.966701 -0.0992588
L: 0.043799 -0.0474872 0.389266
right
102
gcm: 0.583294 1.05149 -1.08022
H: -2.46013 1.02103 0.348143
L: 0.0435394 -0.0202286 0.386423
right
103
gcm: 0.583806 1.05088 -1.0731
H: -2.80706 1.08272 -0.00134041
L: 0.0266099 -0.0316616 0.370139
right
104
gcm: 0.584042 1.05045 -1.06571
H: -2.24455 1.12235 0.475592
L: 0.0122812 -0.022099 0.384406
right
105
gcm: 0.584528 1.05002 -1.05809
H: -2.10882 0.833895 0.336563
L: 0.0252771 -0.0227912 0.395986
right
106
gcm: 0.585125 1.04935 -1.05054
H: -2.54291 0.83957 0.11032
L: 0.0310528 -0.0347336 0.392887
right
107
gcm: 0.585548 1.04858 -1.04343
H: -2.68228 0.876487 -0.0273791
L: 0.0219954 -0.0397381 0.369468
right
108
gcm: 0.585844 1.04767 -1.0367
H: -2.51076 0.874628 -0.467094
L: 0.0153859 -0.0472283 0.349926
right
109
gcm: 0.586298 1.04698 -1.02939
H: -2.54622 0.832857 -0.248712
L: 0.0236128 -0.0363335 0.380087
right
110
gcm: 0.587018 1.04639 -1.0215
H: -3.31968 0.866268 0.0215085
L: 0.0374185 -0.03072 0.410277
right
111
gcm: 0.587416 1.04574 -1.01365
H: -3.30199 0.975312 -0.0752088
L: 0.0207279 -0.0335868 0.408525
right
112
gcm: 0.587472 1.04542 -1.0063
H: -2.76985 0.939668 0.179942
L: 0.00291598 -0.0168532 0.381964
right
113
gcm: 0.587916 1.04522 -0.999202
H: -3.7292 0.911165 0.28266
L: 0.0230563 -0.0103988 0.369114
right
114
gcm: 0.588419 1.045 -0.991875
H: -4.33411 1.05662 -0.0990302
L: 0.0261447 -0.0110306 0.380984
right
115
gcm: 0.588643 1.04514 -0.984711
H: -4.10665 1.10847 -0.0273467
L: 0.0116834 0.00699037 0.372533
right
116
gcm: 0.589148 1.04536 -0.977516
H: -3.91753 0.893881 -0.511271
L: 0.0262278 0.0114598 0.37414
right
117
gcm: 0.589649 1.04554 -0.970205
H: -4.63742 0.825327 -0.852401
L: 0.0260479 0.0096599 0.380193
right
118
gcm: 0.589647 1.04566 -0.962893
H: -3.93958 1.05179 0.590014
L: -8.6209e-05 0.0058319 0.380219
right
119
gcm: 0.589966 1.04535 -0.954729
H: -5.28845 1.24212 1.49962
L: 0.0165747 -0.0159115 0.424519
right
120
gcm: 0.590609 1.04501 -0.947581
H: -4.8197 0.814458 -0.379901
L: 0.033447 -0.017621 0.371669
right
121
gcm: 0.590978 1.04497 -0.941266
H: -4.32375 0.688224 -1.92362
L: 0.0191968 -0.00227452 0.328421
right
122
gcm: 0.591042 1.0454 -0.933414
H: -5.47147 1.19207 0.465495
L: 0.00330209 0.0226696 0.408291
right
123
gcm: 0.59091 1.04579 -0.925975
H: -4.51839 1.1548 1.3669
L: -0.00686525 0.0202287 0.386826
right
124
gcm: 0.591169 1.04569 -0.91902
H: -4.37083 0.76005 -0.18509
L: 0.0135137 -0.00533985 0.361663
right
125
gcm: 0.591406 1.04571 -0.912497
H: -4.06357 0.667316 -1.61438
L: 0.0122857 0.00126451 0.339174
right
126
gcm: 0.591288 1.04585 -0.906038
H: -4.97061 0.878727 -0.732325
L: -0.00614157 0.00698499 0.33588
right
127
gcm: 0.591022 1.04621 -0.899695
H: -6.53165 0.861382 -0.110095
L: -0.0138048 0.0187992 0.329831
right
128
gcm: 0.590836 1.0468 -0.892678
H: -4.54287 0.672973 -0.398745
L: -0.00965157 0.0307784 0.364899
right
129
gcm: 0.590677 1.04703 -0.884975
H: -2.40854 0.512217 -0.0792544
L: -0.00829537 0.0120467 0.400565
right
130
gcm: 0.590429 1.04681 -0.877513
H: -3.08593 0.266412 -0.345164
L: -0.0128728 -0.011867 0.387992
right
131
gcm: 0.590154 1.04631 -0.869847
H: -2.23263 0.137444 -1.44668
L: -0.0143007 -0.0257598 0.398646
right
132
gcm: 0.590245 1.04593 -0.861999
H: -2.0748 0.0639383 -2.34264
L: 0.00472442 -0.0200086 0.408124
right
133
gcm: 0.59089 1.04524 -0.853822
H: -2.67437 -0.0408563 -2.66943
L: 0.0335376 -0.0358387 0.4252
right
134
gcm: 0.590938 1.0444 -0.845617
H: -2.02417 0.0816058 -1.62457
L: 0.00250834 -0.0433227 0.426661
right
135
gcm: 0.590023 1.04406 -0.838129
H: -2.30186 0.0630089 -0.594801
L: -0.0476145 -0.0177638 0.389345
right
136
gcm: 0.589237 1.0432 -0.830503
H: -2.08408 0.028659 -0.264827
L: -0.0408641 -0.0446996 0.396556
right
137
gcm: 0.588756 1.04146 -0.822199
H: -0.31778 0.32808 0.583705
L: -0.0249995 -0.0903371 0.431811
right
138
gcm: 0.58804 1.04045 -0.813985
H: 0.801285 0.298118 1.05525
L: -0.0372576 -0.0526549 0.42714
right
139
gcm: 0.586981 1.04002 -0.805832
H: 1.07082 0.194192 0.785096
L: -0.0550374 -0.0222193 0.423943
right
140
gcm: 0.586227 1.03886 -0.797297
H: 1.99738 0.391007 0.113434
L: -0.039207 -0.060424 0.443836
right
141
gcm: 0.585669 1.03743 -0.788782
H: 2.3298 0.268318 0.223343
L: -0.0290545 -0.0747187 0.442744
right
142
gcm: 0.584796 1.03651 -0.780369
H: 1.93925 0.178539 1.04863
L: -0.0453878 -0.0478145 0.437489
right
143
gcm: 0.583955 1.03608 -0.771452
H: 3.1407 0.375406 1.12667
L: -0.0437102 -0.0219212 0.463711
right
144
gcm: 0.583178 1.03542 -0.762433
H: 3.98936 0.266719 0.780884
L: -0.0404264 -0.0343625 0.468954
right
145
gcm: 0.582189 1.03438 -0.753384
H: 3.97152 0.215827 1.22118
L: -0.0514178 -0.0541887 0.470579
right
146
gcm: 0.580969 1.03442 -0.744151
H: 3.52841 0.317422 2.09878
L: -0.0634113 0.00182412 0.480084
right
147
gcm: 0.579716 1.0351 -0.735071
H: 3.39538 0.164395 1.60702
L: -0.0651589 0.0357301 0.472182
right
148
gcm: 0.5784 1.03498 -0.725791
H: 4.54903 0.172889 1.05089
L: -0.0684285 -0.00657464 0.482573
right
149
gcm: 0.576666 1.03483 -0.716596
H: 4.94302 0.299693 1.8873
L: -0.0902017 -0.00766174 0.478136
none 
150
gcm: 0.574604 1.03466 -0.707837
H: 3.90221 0.253133 2.42742
L: -0.107197 -0.00868398 0.455475
none 
151
gcm: 0.572993 1.03424 -0.698655
H: 4.23975 0.13534 1.68837
L: -0.0838016 -0.0219746 0.477439
none 
152
gcm: 0.571906 1.03448 -0.689013
H: 4.9011 0.0604668 0.67705
L: -0.0565265 0.0122315 0.501411
none 
153
gcm: 0.57041 1.03518 -0.679647
H: 3.88006 0.179704 1.00815
L: -0.0777714 0.0364694 0.487018
none 
154
gcm: 0.56843 1.03542 -0.670453
H: 3.55555 0.349172 1.90883
L: -0.102972 0.0125542 0.478068
none 
155
gcm: 0.566766 1.03541 -0.661189
H: 3.84322 0.204023 1.25377
L: -0.0865092 -0.000172435 0.481729
none 
156
gcm: 0.565422 1.03605 -0.651831
H: 3.67522 -0.0208444 -0.0193003
L: -0.0698984 0.0327998 0.486616
none 
157
gcm: 0.563856 1.03756 -0.642652
H: 3.48437 0.0101963 0.26451
L: -0.081413 0.0789598 0.477319
none 
158
gcm: 0.562281 1.03926 -0.633995
H: 3.073 -0.0294102 0.348728
L: -0.0818958 0.0884024 0.450186
none 
159
gcm: 0.560539 1.04034 -0.625472
H: 3.04326 0.13321 0.182702
L: -0.0906316 0.0557074 0.443191
none 
160
gcm: 0.55852 1.04124 -0.616634
H: 3.73639 0.432278 0.911601
L: -0.10496 0.0469458 0.45956
none 
161
gcm: 0.557185 1.04164 -0.606428
H: 7.89168 0.269417 1.25493
L: -0.0694408 0.0207735 0.530724
none 
162
gcm: 0.555902 1.04218 -0.596127
H: 7.78866 0.271605 2.05262
L: -0.0667239 0.0283171 0.535619
left
163
gcm: 0.554436 1.0433 -0.586265
H: 5.94174 0.406224 2.42024
L: -0.076216 0.058086 0.512849
left
164
gcm: 0.553189 1.04435 -0.576611
H: 6.58461 0.35862 1.15051
L: -0.0648177 0.0545705 0.501992
left
165
gcm: 0.551864 1.04532 -0.567638
H: 6.3051 0.373173 0.570695
L: -0.068928 0.050516 0.466611
left
166
gcm: 0.550378 1.0467 -0.558714
H: 4.99952 0.505863 1.32867
L: -0.077277 0.0714942 0.464022
left
167
gcm: 0.548795 1.0484 -0.549668
H: 4.07398 0.549046 1.66944
L: -0.0823007 0.0886063 0.470424
left
168
gcm: 0.547477 1.04972 -0.540703
H: 3.40222 0.171725 1.67333
L: -0.0685281 0.0689077 0.466179
left
169
gcm: 0.546607 1.05072 -0.532005
H: 4.04192 0.090836 0.671319
L: -0.045248 0.0516282 0.452263
left
170
gcm: 0.545798 1.05227 -0.523548
H: 3.27716 0.184995 -0.535774
L: -0.0420459 0.0807148 0.439767
left
171
gcm: 0.544739 1.05367 -0.515062
H: 2.72307 0.067941 -0.0679516
L: -0.055087 0.0729206 0.441291
left
172
gcm: 0.543742 1.05442 -0.506761
H: -3.02353 -1.12735 1.89575
L: -0.0518559 0.0389069 0.431629
left
173
gcm: 0.543137 1.05554 -0.498552
H: 5.1564 0.438697 -1.6489
L: -0.0314605 0.0583075 0.426889
left
174
gcm: 0.542455 1.05708 -0.490358
H: -1.32813 -0.725254 0.691479
L: -0.0354385 0.0798684 0.426097
left
175
gcm: 0.541578 1.05895 -0.482108
H: 0.727801 -0.182401 0.608207
L: -0.0456029 0.0974157 0.428994
left
176
gcm: 0.541236 1.06041 -0.473902
H: -1.18631 -0.814566 -0.0739127
L: -0.0178219 0.07569 0.426692
left
177
gcm: 0.541014 1.06084 -0.465812
H: 0.931531 -0.298621 -1.05367
L: -0.0115028 0.0224468 0.420685
left
178
gcm: 0.540444 1.06131 -0.457785
H: -2.12709 -0.953142 0.453495
L: -0.0296654 0.0243366 0.417425
left
179
gcm: 0.539842 1.06215 -0.449987
H: -1.10489 -0.900095 0.0411357
L: -0.0313077 0.0439755 0.405477
left
180
gcm: 0.539139 1.06296 -0.442204
H: 0.223391 -0.481315 0.097357
L: -0.0365637 0.0421727 0.404723
left
181
gcm: 0.538347 1.0636 -0.434506
H: -0.138106 -0.438643 0.730819
L: -0.0411689 0.0332521 0.400275
left
182
gcm: 0.537567 1.0637 -0.426897
H: -2.50626 -0.96099 1.57603
L: -0.0405406 0.00492198 0.395696
left
183
gcm: 0.53719 1.0637 -0.41919
H: 0.618237 -0.565125 -0.854041
L: -0.0196007 0.000157412 0.400774
left
184
gcm: 0.537215 1.06402 -0.411446
H: -1.86237 -1.24941 -0.70294
L: 0.00130453 0.0166514 0.402649
left
185
gcm: 0.537087 1.06403 -0.403579
H: 0.589892 -0.723472 -0.938047
L: -0.00669249 0.000706124 0.40913
left
186
gcm: 0.536791 1.06375 -0.395608
H: -1.75608 -0.920038 -0.22282
L: -0.0153979 -0.0146606 0.414473
left
187
gcm: 0.536623 1.0637 -0.387961
H: -3.60084 -1.24847 -0.21355
L: -0.00869465 -0.00273684 0.397617
left
188
gcm: 0.536374 1.06364 -0.380444
H: -2.51074 -1.15745 0.072921
L: -0.0129572 -0.00301789 0.390896
left
189
gcm: 0.535823 1.06325 -0.372921
H: -2.08903 -0.981101 0.409091
L: -0.0286869 -0.0205156 0.391215
left
190
gcm: 0.535551 1.06238 -0.36556
H: -2.6737 -1.16543 -0.52346
L: -0.0141496 -0.0452491 0.382746
left
191
gcm: 0.535948 1.06128 -0.357862
H: -2.25892 -1.35509 -1.68951
L: 0.0206528 -0.0570707 0.400294
left
192
gcm: 0.536355 1.06031 -0.349893
H: -2.07294 -1.20706 -0.99327
L: 0.0211968 -0.0502492 0.414426
left
193
gcm: 0.536274 1.05997 -0.342207
H: -1.62447 -0.854533 -0.33149
L: -0.00423433 -0.0177805 0.39965
left
194
gcm: 0.536087 1.06011 -0.334575
H: -2.18129 -0.819957 -0.452969
L: -0.0097208 0.00723234 0.39689
left
195
gcm: 0.536058 1.0596 -0.326814
H: -3.11277 -1.14941 0.13167
L: -0.00150145 -0.0262657 0.403564
left
196
gcm: 0.536085 1.05924 -0.319169
H: -2.72534 -1.34753 -0.232883
L: 0.00141814 -0.0189361 0.397552
left
197
gcm: 0.536162 1.05909 -0.31179
H: -3.61032 -1.32318 -0.614025
L: 0.00399026 -0.00805096 0.383694
left
198
gcm: 0.536299 1.05894 -0.304423
H: -5.20038 -1.30132 0.0422327
L: 0.00711332 -0.00767138 0.383091
left
199
gcm: 0.536421 1.06055 -0.296793
H: -4.25758 -1.33881 -0.263245
L: 0.00635342 0.083829 0.396728
left
200
gcm: 0.536496 1.06211 -0.289137
H: -2.72564 -1.1839 -0.545151
L: 0.00387171 0.0809623 0.398113
left
201
gcm: 0.536689 1.06206 -0.281491
H: -2.86996 -1.09855 -0.432205
L: 0.0100664 -0.00223538 0.397588
left
202
gcm: 0.537012 1.06194 -0.273958
H: -4.3521 -1.24203 -0.197785
L: 0.0167713 -0.00624784 0.391724
left
203
gcm: 0.537049 1.06161 -0.26666
H: -5.47768 -1.132 0.971785
L: 0.00194326 -0.0174098 0.379494
left
204
gcm: 0.537293 1.06153 -0.259385
H: -4.79975 -1.14996 0.00935293
L: 0.0126819 -0.00414167 0.378333
left
205
gcm: 0.537869 1.06212 -0.252135
H: -4.09911 -1.33264 -1.33002
L: 0.0299438 0.0306292 0.376993
left
206
gcm: 0.538 1.06237 -0.244682
H: -4.30512 -1.23607 -0.00170001
L: 0.0068513 0.0132602 0.387528
left
207
gcm: 0.538093 1.06206 -0.236991
H: -4.20953 -1.09707 0.153101
L: 0.00479283 -0.0161329 0.399921
left
208
gcm: 0.53861 1.06165 -0.229534
H: -4.13555 -1.11292 -0.207546
L: 0.0268862 -0.0213539 0.38778
left
209
gcm: 0.539254 1.06161 -0.222159
H: -4.12467 -1.13181 0.222314
L: 0.0335063 -0.00236574 0.383517
left
210
gcm: 0.539633 1.06218 -0.214638
H: -3.76296 -1.01039 -0.0890407
L: 0.0197029 0.029577 0.391068
left
211
gcm: 0.539872 1.06273 -0.206974
H: -4.19888 -0.920177 0.152744
L: 0.012453 0.0287606 0.398527
left
212
gcm: 0.540391 1.06197 -0.19965
H: -3.61941 -1.02483 0.11837
L: 0.0269601 -0.0394146 0.380858
left
213
gcm: 0.541044 1.06062 -0.192315
H: -2.97135 -1.01395 0.242576
L: 0.0339578 -0.0703387 0.381415
left
214
gcm: 0.541742 1.06005 -0.184637
H: -3.89304 -0.955226 0.432013
L: 0.0363202 -0.0293411 0.399266
left
215
gcm: 0.542588 1.05999 -0.176937
H: -4.33656 -0.977605 -0.416913
L: 0.0439567 -0.00324205 0.400388
left
216
gcm: 0.543362 1.05978 -0.169422
H: -2.82176 -0.872972 -0.971019
L: 0.0402558 -0.0108694 0.390819
left
217
gcm: 0.544314 1.05916 -0.162
H: -2.14675 -0.857643 -0.559714
L: 0.0494965 -0.0321952 0.385913
left
218
gcm: 0.545578 1.05858 -0.154336
H: -2.63761 -0.940532 -0.72852
L: 0.0657272 -0.0301725 0.398523
left
219
gcm: 0.546391 1.05808 -0.146059
H: -2.16976 -0.355928 1.03981
L: 0.0422836 -0.0259622 0.430404
left
220
gcm: 0.547427 1.0578 -0.138347
H: -2.43201 -0.291413 0.454706
L: 0.0538703 -0.0146261 0.401015
left
221
gcm: 0.548117 1.05676 -0.131207
H: -1.73969 -0.350502 1.40625
L: 0.0358818 -0.0543122 0.371322
left
222
gcm: 0.549105 1.05591 -0.123653
H: -1.72372 -0.511456 -0.443411
L: 0.0513714 -0.0441422 0.3928
left
223
gcm: 0.55024 1.05648 -0.116075
H: -1.40907 -0.502399 -1.21163
L: 0.0590298 0.0295414 0.39403
left
224
gcm: 0.551171 1.05661 -0.108137
H: 0.232721 -0.198392 0.756113
L: 0.0483961 0.0071445 0.412761
left
225
gcm: 0.552525 1.05556 -0.099971
H: -0.271557 -0.207328 0.423796
L: 0.0704516 -0.0546954 0.424657
left
226
gcm: 0.554079 1.05513 -0.0919114
H: -1.20967 -0.327299 -0.872889
L: 0.0807804 -0.0224933 0.419099
left
227
gcm: 0.555157 1.05455 -0.0833245
H: 0.844476 -0.236001 -0.364385
L: 0.0560529 -0.0303948 0.446517
left
228
gcm: 0.556566 1.0539 -0.0746028
H: 1.721 -0.324328 -0.937327
L: 0.0732796 -0.033566 0.453528
left
229
gcm: 0.558549 1.05368 -0.0658329
H: 1.05551 -0.220481 -1.48365
L: 0.103135 -0.0114631 0.456039
left
230
gcm: 0.56007 1.0533 -0.0573204
H: 1.06119 0.0117148 -0.0365627
L: 0.0790417 -0.0197921 0.442646
left
231
gcm: 0.561395 1.05283 -0.0486285
H: 2.35167 0.065146 0.041031
L: 0.0689348 -0.0244357 0.451978
left
232
gcm: 0.563232 1.05222 -0.0393813
H: 3.15357 -0.100447 -1.02791
L: 0.0954948 -0.0317901 0.480859
left
233
gcm: 0.565164 1.05119 -0.0298491
H: 3.62826 -0.0755639 -1.0002
L: 0.100509 -0.0535344 0.495673
left
234
gcm: 0.566964 1.05073 -0.0205246
H: 4.40564 -0.0289381 -1.07886
L: 0.0935556 -0.0238824 0.484874
left
235
gcm: 0.568855 1.05159 -0.0114296
H: 4.43066 -0.00731031 -0.729208
L: 0.0983766 0.0446191 0.472937
left
236
gcm: 0.571 1.05241 -0.00208543
H: 4.12644 -0.148461 -0.41556
L: 0.111501 0.0430191 0.485899
left
237
gcm: 0.573133 1.05269 0.00757308
H: 4.14509 -0.06738 -0.8515
L: 0.110922 0.0142726 0.502243
left
238
gcm: 0.575426 1.05336 0.0175059
H: 4.39655 0.085276 -1.31831
L: 0.119263 0.0349946 0.516504
none 
239
gcm: 0.578401 1.05461 0.0275861
H: 4.59946 -0.114121 -1.84495
L: 0.154704 0.0647213 0.524174
none 
240
gcm: 0.581254 1.05579 0.0372902
H: 3.77887 -0.431795 -1.40874
L: 0.148316 0.061791 0.504613
none 
241
gcm: 0.583429 1.05659 0.047101
H: 3.41207 -0.41075 -0.33081
L: 0.113118 0.0410951 0.510161
none 
242
gcm: 0.584916 1.0559 0.0557578
H: 5.79222 -0.269105 0.552471
L: 0.0773468 -0.0355955 0.450155
left
243
gcm: 0.586838 1.0557 0.0650326
H: 5.86088 -0.143442 0.322928
L: 0.0999186 -0.0106457 0.482286
right
244
gcm: 0.589523 1.05638 0.0759151
H: 6.74957 -0.206091 -1.76475
L: 0.139603 0.0358102 0.565894
right
245
gcm: 0.591726 1.05769 0.0854711
H: 5.38794 -0.229604 0.04143
L: 0.114558 0.0677701 0.496908
right
246
gcm: 0.593935 1.05859 0.0945181
H: 4.86423 -0.227963 0.116245
L: 0.114897 0.0469682 0.470446
right
247
gcm: 0.596159 1.05898 0.103702
H: 5.18683 -0.276937 -0.532242
L: 0.115617 0.0201306 0.477585
right
248
gcm: 0.598301 1.05986 0.113163
H: 5.77265 -0.27374 -0.838377
L: 0.111402 0.0458494 0.491967
right
249
gcm: 0.600557 1.06152 0.122679
H: 5.1015 -0.201065 -1.37715
L: 0.117307 0.0864654 0.49484
right
250
gcm: 0.602884 1.06311 0.131979
H: 4.19915 -0.447124 -0.809896
L: 0.121011 0.0823912 0.483554
right
251
gcm: 0.605209 1.06472 0.141191
H: 3.93094 -0.507747 -0.495289
L: 0.120898 0.0836218 0.479037
right
252
gcm: 0.607431 1.06669 0.150063
H: 3.60712 -0.367842 -1.39064
L: 0.115539 0.102786 0.461348
right
253
gcm: 0.609425 1.06845 0.158715
H: 3.32806 -0.227982 -0.91867
L: 0.10368 0.0914363 0.44991
right
254
gcm: 0.611372 1.06961 0.167321
H: 3.19022 -0.167072 -0.242732
L: 0.101267 0.0600852 0.447513
right
255
gcm: 0.613215 1.07061 0.175616
H: 2.55375 -0.0455772 -0.508303
L: 0.0958159 0.0523999 0.43132
right
256
gcm: 0.614891 1.07225 0.183959
H: 2.22599 -0.275557 -0.332659
L: 0.0871656 0.0850799 0.433843
right
257
gcm: 0.6166 1.07415 0.192529
H: 1.89907 -0.0828744 0.0984741
L: 0.0888911 0.0987704 0.445631
right
258
gcm: 0.618164 1.07526 0.200625
H: 0.695745 0.386415 0.846587
L: 0.0813164 0.0576886 0.421026
right
259
gcm: 0.619524 1.07553 0.208418
H: 0.273946 0.598301 1.0005
L: 0.0707197 0.0139411 0.405201
right
260
gcm: 0.620966 1.07637 0.216656
H: 0.890813 0.438242 0.243197
L: 0.0749867 0.0439813 0.428416
right
261
gcm: 0.622395 1.07798 0.22539
H: 1.37793 0.354006 0.145378
L: 0.0742786 0.0838126 0.454136
right
262
gcm: 0.623498 1.07895 0.233765
H: 0.469159 0.54524 1.20536
L: 0.0573443 0.0499897 0.435501
right
263
gcm: 0.624507 1.07959 0.241504
H: -1.40502 0.797067 0.949031
L: 0.0524934 0.0334952 0.402431
right
264
gcm: 0.625745 1.08063 0.249251
H: -0.903075 0.538057 -0.212107
L: 0.0643827 0.0538969 0.402833
right
265
gcm: 0.627112 1.08201 0.257037
H: -1.18251 0.58113 -0.638893
L: 0.0710978 0.0717049 0.404916
right
266
gcm: 0.628517 1.08302 0.265036
H: -1.17467 0.627021 -0.399697
L: 0.073065 0.0529585 0.415938
right
267
gcm: 0.629807 1.08294 0.273159
H: -0.78418 0.697173 -0.0755084
L: 0.067032 -0.00417259 0.422405
right
268
gcm: 0.631183 1.08246 0.281183
H: -1.66206 0.847379 -0.479147
L: 0.0715886 -0.0251867 0.417215
right
269
gcm: 0.632357 1.08251 0.289016
H: -1.66404 0.937403 0.0509937
L: 0.0610488 0.00274762 0.407336
right
270
gcm: 0.633298 1.08287 0.29682
H: -0.906506 0.882386 0.886709
L: 0.0489414 0.0184243 0.405784
right
271
gcm: 0.634545 1.08278 0.304635
H: -1.27921 0.717646 -0.581639
L: 0.0648143 -0.00426135 0.406388
right
272
gcm: 0.635807 1.08223 0.312233
H: -2.29208 0.760826 -1.37337
L: 0.0656123 -0.0289373 0.395078
right
273
gcm: 0.636898 1.08176 0.319732
H: -2.7524 0.941722 -0.528858
L: 0.0567491 -0.0244599 0.38997
right
274
gcm: 0.638257 1.08124 0.327458
H: -2.25631 0.726729 -1.28192
L: 0.0706662 -0.0270383 0.401755
right
275
gcm: 0.639382 1.08035 0.335613
H: -2.06327 0.841274 0.202138
L: 0.0584774 -0.0461822 0.424046
right
276
gcm: 0.640722 1.07916 0.343446
H: -2.59586 0.732419 -0.941074
L: 0.0696879 -0.0620269 0.407312
right
277
gcm: 0.641113 1.0781 0.351311
H: -1.80512 1.25301 1.93768
L: 0.020349 -0.0547458 0.408989
right
278
gcm: 0.641699 1.07693 0.359076
H: -1.99652 1.11645 0.508607
L: 0.030495 -0.0612053 0.403788
right
279
gcm: 0.642567 1.07633 0.366859
H: -2.91427 0.992809 -0.149932
L: 0.0451089 -0.0310615 0.404731
right
280
gcm: 0.643401 1.07605 0.374621
H: -3.15623 0.933218 0.464839
L: 0.0433655 -0.0143299 0.403588
right
281
gcm: 0.644174 1.07523 0.382356
H: -2.86383 0.904939 -0.0574167
L: 0.0402139 -0.0428326 0.402262
right
282
gcm: 0.645313 1.07419 0.38983
H: -3.43389 0.675615 -2.17958
L: 0.0592246 -0.0542758 0.388644
right
283
gcm: 0.645538 1.07381 0.397693
H: -2.95128 1.18571 1.8954
L: 0.0116968 -0.019539 0.408837
right
284
gcm: 0.646314 1.07337 0.405429
H: -3.43075 0.852169 -0.241728
L: 0.0403362 -0.0227676 0.402291
right
285
gcm: 0.646983 1.0735 0.413062
H: -4.05481 0.920037 -0.20183
L: 0.0348033 0.00679671 0.396937
right
286
gcm: 0.647349 1.07384 0.420631
H: -4.00755 1.03345 0.750577
L: 0.0190117 0.0172622 0.393547
right
287
gcm: 0.647916 1.0738 0.428433
H: -3.13668 0.826467 -0.354455
L: 0.0295246 -0.00175884 0.405723
right
288
gcm: 0.649004 1.07442 0.43618
H: -3.21811 0.51935 -1.94642
L: 0.0565734 0.03205 0.402846
right
289
gcm: 0.649107 1.07521 0.443691
H: -4.4091 1.09678 1.07259
L: 0.00535433 0.0414523 0.390568
right
290
gcm: 0.649408 1.07541 0.451203
H: -4.49054 1.01995 0.307998
L: 0.0156464 0.0100942 0.390626
right
291
gcm: 0.649952 1.07585 0.458903
H: -4.5146 0.969472 -0.0480914
L: 0.0282552 0.0230529 0.40042
right
292
gcm: 0.650528 1.0759 0.466634
H: -4.66411 0.978696 0.0925581
L: 0.0299924 0.00246371 0.401997
right
293
gcm: 0.650989 1.07634 0.47433
H: -4.03276 0.88875 -0.00771355
L: 0.0239513 0.0229898 0.400198
right
294
gcm: 0.650933 1.0772 0.482213
H: -3.54733 0.955677 0.828519
L: -0.00291252 0.0447998 0.409894
right
295
gcm: 0.651846 1.07727 0.489791
H: -4.10877 0.563383 -2.11741
L: 0.047456 0.00323049 0.39406
right
296
gcm: 0.650974 1.07726 0.49523
H: -7.31271 1.29228 2.48276
L: -0.0453222 -0.000284479 0.282818
right
297
gcm: 0.653379 1.07786 0.504238
H: -2.7629 0.0638935 -5.43601
L: 0.125052 0.0314471 0.468453
right
298
gcm: 0.653147 1.07889 0.51159
H: -4.49131 0.879622 0.691953
L: -0.0120636 0.0535513 0.382311
right
299
gcm: 0.653339 1.07929 0.517912
H: -7.57395 0.635502 -1.51963
L: 0.00999191 0.0204009 0.328705
right
300
gcm: 0.653652 1.07913 0.525283
H: -5.28852 0.294228 -1.78031
L: 0.0162911 -0.00826549 0.383308
right
301
gcm: 0.654197 1.07907 0.534177
H: -1.25941 0.241185 -1.25861
L: 0.0283411 -0.00308446 0.462486
right
302
gcm: 0.654768 1.07874 0.542693
H: -1.51861 0.333326 -1.61011
L: 0.0296543 -0.0173382 0.442814
right
303
gcm: 0.65483 1.07824 0.550222
H: -3.02032 0.221536 -1.81289
L: 0.00321641 -0.0256868 0.391526
right
304
gcm: 0.654765 1.07785 0.557998
H: -4.42416 -0.298857 -2.62893
L: -0.00334389 -0.0205352 0.404378
right
305
gcm: 0.654729 1.07724 0.565952
H: -3.5553 0.177921 -1.1178
L: -0.00188108 -0.0312916 0.413601
right
306
gcm: 0.654501 1.07657 0.574172
H: -1.82828 0.332178 0.192886
L: -0.0118682 -0.0348728 0.427445
right
307
gcm: 0.654129 1.07577 0.582581
H: -0.718305 0.291466 0.510497
L: -0.0193368 -0.0416033 0.437269
right
308
gcm: 0.654325 1.07447 0.590937
H: 0.671278 0.217902 -1.10272
L: 0.0102134 -0.0678783 0.434509
right
309
gcm: 0.654321 1.07302 0.599128
H: 1.49662 0.51381 -0.34531
L: -0.000245753 -0.0751655 0.425896
right
310
gcm: 0.653652 1.07236 0.607505
H: -0.949934 0.210019 0.834711
L: -0.0347611 -0.0345331 0.435601
right
311
gcm: 0.652904 1.07139 0.61647
H: 2.0434 0.856279 2.59307
L: -0.0389085 -0.0505418 0.466199
right
312
gcm: 0.652403 1.06989 0.625834
H: 3.00391 0.766671 1.95558
L: -0.0260383 -0.0776792 0.486933
right
313
gcm: 0.652167 1.06836 0.63486
H: 2.57411 0.169452 0.453949
L: -0.0122767 -0.07951 0.469339
right
314
gcm: 0.651754 1.06697 0.643518
H: 1.19191 0.224072 0.466989
L: -0.021465 -0.0725655 0.450223
right
315
gcm: 0.650838 1.06575 0.652567
H: 1.97742 0.445556 1.88803
L: -0.0476515 -0.0631799 0.470567
right
316
gcm: 0.650101 1.06483 0.661985
H: 2.73671 0.372044 1.47071
L: -0.0383306 -0.0480731 0.489735
right
317
gcm: 0.649937 1.06341 0.671243
H: 3.01932 0.147642 0.246643
L: -0.00850145 -0.0736386 0.481372
right
318
gcm: 0.649555 1.06145 0.680411
H: 3.25992 0.230253 0.442978
L: -0.0198757 -0.102243 0.476744
right
319
gcm: 0.648895 1.06014 0.689907
H: 3.61636 0.286661 1.11467
L: -0.0343192 -0.0677465 0.493832
right
320
gcm: 0.648127 1.05918 0.699609
H: 4.26776 0.287466 1.39441
L: -0.0399584 -0.0500923 0.504474
right
321
gcm: 0.647039 1.05821 0.70931
H: 4.70701 0.0710743 2.17735
L: -0.0565695 -0.0503511 0.504472
right
322
gcm: 0.646232 1.0576 0.719661
H: 5.09822 0.376018 1.29475
L: -0.0419265 -0.0319063 0.538217
right
323
gcm: 0.645575 1.05763 0.73017
H: 5.19242 0.410361 0.36719
L: -0.0341975 0.00152373 0.546473
right
324
gcm: 0.644385 1.05802 0.740291
H: 4.34386 0.0542047 1.20972
L: -0.0618642 0.0201567 0.526318
right
325
gcm: 0.642839 1.05804 0.750399
H: 4.59716 0.113895 2.00495
L: -0.0803896 0.00136849 0.525613
none 
326
gcm: 0.641433 1.05776 0.760296
H: 5.19756 0.209491 1.81213
L: -0.073146 -0.0147902 0.514658
none 
327
gcm: 0.640384 1.05747 0.770388
H: 4.56248 0.210572 0.595353
L: -0.0545149 -0.0151535 0.524745
none 
328
gcm: 0.639181 1.05733 0.780648
H: 3.69816 0.377815 0.753938
L: -0.0625733 -0.00684952 0.533521
none 
329
gcm: 0.638007 1.05741 0.790569
H: 3.82618 0.25336 0.992485
L: -0.0610287 0.00375399 0.515935
none 
330
gcm: 0.637082 1.05786 0.80041
H: 5.6119 0.462843 0.392063
L: -0.0481229 0.0235683 0.51171
none 
331
gcm: 0.635752 1.05818 0.809534
H: 5.00482 0.143137 0.929845
L: -0.0691557 0.0164097 0.47442
none 
332
gcm: 0.634323 1.05834 0.819258
H: 3.74411 0.162092 0.624617
L: -0.0743034 0.00832781 0.505658
none 
333
gcm: 0.633255 1.05895 0.829077
H: 4.11942 0.29376 -0.727855
L: -0.0555261 0.0321625 0.510628
none 
334
gcm: 0.632811 1.05851 0.840293
H: 10.6114 0.383304 0.115301
L: -0.0230872 -0.0229675 0.583228
left
335
gcm: 0.632071 1.05896 0.851209
H: 7.94655 0.191384 0.879168
L: -0.0384911 0.0232433 0.567626
left
336
gcm: 0.631152 1.06049 0.861837
H: 6.38165 0.133091 1.27092
L: -0.0477872 0.0796886 0.552628
left
337
gcm: 0.630162 1.06176 0.871814
H: 5.71073 0.301954 1.39846
L: -0.0514567 0.0657795 0.518804
left
338
gcm: 0.629318 1.06262 0.881187
H: 5.17036 0.391939 1.23547
L: -0.0439091 0.0448248 0.487428
left
339
gcm: 0.628561 1.06355 0.890736
H: 4.29697 0.330756 1.15329
L: -0.03938 0.048445 0.496537
left
340
gcm: 0.627644 1.06524 0.900614
H: 3.73191 0.340352 1.20655
L: -0.0476639 0.0880418 0.513667
left
341
gcm: 0.626588 1.0674 0.910421
H: 4.22845 0.449107 1.32099
L: -0.0549226 0.112311 0.509937
left
342
gcm: 0.625438 1.06859 0.91922
H: 3.51395 0.641923 1.53293
L: -0.0598033 0.0615904 0.457562
left
343
gcm: 0.624536 1.06863 0.927009
H: 2.58502 0.509908 0.531951
L: -0.0468906 0.00208495 0.405005
left
344
gcm: 0.624415 1.06959 0.935788
H: 2.90402 0.00511624 -1.6176
L: -0.00627543 0.0498049 0.456516
left
345
gcm: 0.624767 1.07181 0.945809
H: 1.3922 -0.551498 -2.06015
L: 0.0182863 0.115798 0.521084
left
346
gcm: 0.624719 1.07414 0.955429
H: 1.3734 -0.185709 -1.15865
L: -0.00250947 0.12079 0.500266
left
347
gcm: 0.624209 1.07643 0.964479
H: -0.886566 -0.474252 0.210997
L: -0.0265278 0.119194 0.470576
left
348
gcm: 0.623812 1.07759 0.973444
H: 0.461657 -0.426279 -0.947017
L: -0.0206099 0.0602481 0.466174
left
349
gcm: 0.623747 1.07826 0.982178
H: 0.0463958 -0.532858 -1.13495
L: -0.0033945 0.0348192 0.45417
left
350
gcm: 0.623594 1.0795 0.990597
H: -1.18085 -0.601851 0.0565468
L: -0.00793808 0.064936 0.437796
left
351
gcm: 0.623179 1.08059 0.998746
H: -1.05751 -0.476091 0.364358
L: -0.0216221 0.0562338 0.423738
left
352
gcm: 0.622777 1.082 1.00698
H: 0.244184 -0.298396 -0.122765
L: -0.0208873 0.0736872 0.427986
left
353
gcm: 0.622516 1.08332 1.01571
H: -2.25483 -0.727327 0.880913
L: -0.0135787 0.0686233 0.454277
left
354
gcm: 0.622499 1.08475 1.02453
H: -1.38293 -0.973483 -0.353612
L: -0.000857995 0.0744341 0.458462
left
355
gcm: 0.622503 1.08579 1.03266
H: -0.101507 -1.31742 -3.38164
L: 0.000210776 0.0540761 0.422817
left
356
gcm: 0.622141 1.08573 1.04083
H: -2.37135 -1.05562 0.774641
L: -0.0188144 -0.00341075 0.424823
left
357
gcm: 0.621904 1.08579 1.04892
H: -3.00613 -0.890774 1.37892
L: -0.0123492 0.00343671 0.420571
left
358
gcm: 0.621841 1.08633 1.0568
H: -3.21272 -1.11164 -0.134015
L: -0.00327753 0.0279722 0.409932
left
359
gcm: 0.621711 1.08674 1.06539
H: -1.50373 -1.17687 -1.76706
L: -0.00673896 0.0209369 0.446673
left
360
gcm: 0.621551 1.0868 1.07397
H: -0.30858 -1.13442 -2.05839
L: -0.00836227 0.00319177 0.44611
left
361
gcm: 0.621439 1.08649 1.08165
H: -3.20111 -1.04469 0.429191
L: -0.00581771 -0.0159019 0.399137
left
362
gcm: 0.621432 1.08672 1.08952
H: -5.21486 -1.08665 1.1964
L: -0.000371681 0.0119193 0.409319
left
363
gcm: 0.621458 1.08662 1.09778
H: -2.15303 -1.33734 -1.09916
L: 0.00137704 -0.00524731 0.42982
left
364
gcm: 0.621611 1.08624 1.10545
H: -1.79378 -1.45869 -2.60537
L: 0.00795747 -0.0195951 0.398756
left
365
gcm: 0.621953 1.08616 1.11386
H: -2.06507 -1.25907 -1.2081
L: 0.0177993 -0.0043209 0.437008
left
366
gcm: 0.62183 1.08584 1.1222
H: -4.37361 -1.02066 0.961348
L: -0.00641475 -0.0165279 0.433895
left
367
gcm: 0.621509 1.08537 1.13008
H: -3.80146 -0.981426 1.40166
L: -0.0166892 -0.0247525 0.40962
left
368
gcm: 0.621421 1.08516 1.13807
H: -2.56184 -1.1601 -0.324428
L: -0.0045953 -0.0107356 0.415711
left
369
gcm: 0.621596 1.08511 1.14582
H: -3.76746 -1.35999 -1.11604
L: 0.0090993 -0.00273246 0.40287
left
370
gcm: 0.621785 1.08514 1.15364
H: -4.48811 -1.32976 -0.27062
L: 0.0098369 0.0017573 0.406727
left
371
gcm: 0.622029 1.08569 1.16208
H: -4.93458 -1.31527 -0.466049
L: 0.0126969 0.0287646 0.438767
left
372
gcm: 0.622316 1.08625 1.17025
H: -4.79336 -1.31219 -0.773241
L: 0.0149169 0.0291544 0.42511
left
373
gcm: 0.622482 1.08655 1.17824
H: -4.05275 -1.17224 -0.25735
L: 0.00862442 0.015226 0.415194
left
374
gcm: 0.622453 1.08703 1.18658
H: -3.89811 -1.0403 0.330954
L: -0.00147011 0.0252744 0.433659
left
375
gcm: 0.62247 1.08801 1.19419
H: -5.63314 -1.18024 0.23219
L: 0.000882003 0.0505475 0.395611
left
376
gcm: 0.622504 1.08918 1.20204
H: -5.16483 -1.31254 0.263774
L: 0.00174689 0.0608401 0.408652
left
377
gcm: 0.622392 1.08923 1.20938
H: -5.28658 -1.30315 0.205109
L: -0.00580839 0.00298416 0.381355
left
378
gcm: 0.622665 1.08835 1.21675
H: -5.69222 -1.23394 -0.745671
L: 0.0141614 -0.045926 0.383243
left
379
gcm: 0.622971 1.08723 1.2247
H: -6.14294 -0.925398 1.02138
L: 0.0159452 -0.0581192 0.413293
left
380
gcm: 0.622938 1.08601 1.23256
H: -4.663 -1.13176 0.788083
L: -0.00171349 -0.0635089 0.408826
left
381
gcm: 0.623532 1.08636 1.24049
H: -4.17605 -1.17224 -0.902669
L: 0.0308758 0.0179763 0.412349
left
382
gcm: 0.624549 1.08659 1.2485
H: -4.41482 -1.24078 -2.36103
L: 0.052874 0.0123196 0.416696
left
383
gcm: 0.625005 1.08564 1.2564
H: -5.27737 -1.00354 -0.497734
L: 0.0237166 -0.0495538 0.410609
left
384
gcm: 0.62504 1.08546 1.26405
H: -5.60966 -0.829938 1.20915
L: 0.00182505 -0.00941581 0.397873
left
385
gcm: 0.625318 1.08616 1.27134
H: -4.59324 -0.72454 0.811786
L: 0.0144775 0.0366987 0.379186
left
386
gcm: 0.62584 1.08667 1.27879
H: -4.14207 -0.613963 0.201824
L: 0.0271396 0.0264297 0.387574
left
387
gcm: 0.626008 1.08695 1.28579
H: -5.84507 -0.44714 1.10596
L: 0.00870453 0.0143497 0.363819
left
388
gcm: 0.626337 1.08699 1.29474
H: -2.41273 -0.134076 1.59826
L: 0.0171333 0.00229289 0.46541
left
389
gcm: 0.626899 1.08637 1.30241
H: -2.99447 -0.246708 1.10532
L: 0.0292245 -0.032195 0.398842
left
390
gcm: 0.627308 1.08591 1.30986
H: -2.8203 -5.8762e-05 1.76537
L: 0.0212549 -0.0243254 0.387224
left
391
gcm: 0.627361 1.08544 1.3175
H: -2.67882 0.0866129 2.90736
L: 0.00275898 -0.0244074 0.397272
left
392
gcm: 0.628153 1.08513 1.32527
H: -2.56048 -0.130692 1.6102
L: 0.0412012 -0.0159672 0.404024
left
393
gcm: 0.629408 1.0856 1.33404
H: -1.64011 -0.164669 -0.397148
L: 0.065241 0.0242769 0.456363
left
394
gcm: 0.629741 1.08486 1.34125
H: -1.02049 0.388285 2.46015
L: 0.0173091 -0.0384473 0.374566
left
395
gcm: 0.630483 1.08372 1.34992
H: 0.533213 0.116088 1.36663
L: 0.0385915 -0.0589685 0.451256
left
396
gcm: 0.631479 1.08267 1.35892
H: 0.8621 -0.327022 -0.689627
L: 0.0517682 -0.0546698 0.467965
left
397
gcm: 0.632508 1.08186 1.36794
H: 2.30661 -0.650462 -1.64462
L: 0.0535261 -0.0423765 0.468757
left
398
gcm: 0.633453 1.08074 1.37616
H: 2.17856 -0.709285 -2.12844
L: 0.0491291 -0.0581085 0.427485
left
399
gcm: 0.63441 1.07986 1.38437
H: -3.1676 -0.0657592 2.4348
L: 0.049797 -0.0457079 0.426982
left
400
gcm: 0.635374 1.07871 1.39263
H: 2.53085 -0.382902 -2.19183
L: 0.0501099 -0.0598945 0.429261
left
401
gcm: 0.636813 1.07693 1.40233
H: 4.02235 -0.31994 -0.859354
L: 0.074834 -0.0925536 0.504574
left
402
gcm: 0.638362 1.07555 1.41223
H: 3.18339 -0.106798 -0.165804
L: 0.0805519 -0.071556 0.515089
left
403
gcm: 0.639622 1.07473 1.42088
H: 2.01045 0.00390745 -1.08207
L: 0.0655051 -0.0429437 0.44946
left
404
gcm: 0.640832 1.07473 1.43047
H: 6.2152 -0.0871452 -1.9081
L: 0.0629077 2.91292e-06 0.498709
left
405
gcm: 0.642266 1.0756 1.44101
H: 10.282 -0.358051 -2.05972
L: 0.0745911 0.0454949 0.548103
left
406
gcm: 0.643383 1.07655 1.45154
H: 3.92914 0.0772678 0.257593
L: 0.0580837 0.0493869 0.547439
left
407
gcm: 0.645659 1.07736 1.46162
H: 5.03815 -0.381504 -3.71127
L: 0.118347 0.0422773 0.524124
left
408
gcm: 0.647495 1.07797 1.47195
H: 4.7574 0.00907724 1.1613
L: 0.0954725 0.0316211 0.53737
left
409
gcm: 0.649069 1.07853 1.48006
H: 1.87445 0.0508405 -1.1206
L: 0.0818582 0.0288013 0.421729
none 
410
gcm: 0.650944 1.07897 1.49084
H: 6.45643 -0.26584 -1.19619
L: 0.097508 0.023108 0.560454
none 
411
gcm: 0.652534 1.07965 1.49945
H: 2.9971 -0.338355 -1.43688
L: 0.082665 0.0352809 0.44807
none 
412
gcm: 0.654426 1.08066 1.50962
H: 3.88172 -0.291277 -1.09205
L: 0.0983545 0.0526735 0.528519
none 
413
gcm: 0.656041 1.08165 1.5185
H: 1.85339 -0.311868 -0.282569
L: 0.0839859 0.0511748 0.461645
none 
414
gcm: 0.65753 1.08289 1.52874
H: 3.24073 -0.178312 1.39931
L: 0.0774649 0.0644409 0.532918
none 
415
gcm: 0.659386 1.08363 1.53965
H: 8.40656 -0.134137 0.508586
L: 0.0965165 0.0384562 0.567297
right
416
gcm: 0.661329 1.08471 1.55047
H: 5.81173 -0.201378 -0.340363
L: 0.101035 0.0563666 0.562673
right
417
gcm: 0.66318 1.0857 1.56058
H: 10.0779 -0.713116 -3.87462
L: 0.0962212 0.0516262 0.525464
right
418
gcm: 0.664997 1.0862 1.57059
H: 6.53988 -0.245319 -0.934509
L: 0.0945128 0.0259254 0.520357
right
419
gcm: 0.667284 1.08777 1.58175
H: 8.23697 -0.438552 -2.09995
L: 0.118903 0.0815424 0.580678
right
420
gcm: 0.668887 1.08948 1.59145
H: 5.72302 -0.243422 -0.752899
L: 0.0833668 0.0888403 0.504051
right
421
gcm: 0.670138 1.09112 1.60018
H: 1.31238 0.0693191 1.68686
L: 0.0650601 0.0852301 0.454328
right
422
gcm: 0.672387 1.09206 1.61028
H: 4.56671 -0.650799 -1.76873
L: 0.116929 0.049281 0.525249
right
423
gcm: 0.673607 1.09304 1.61792
H: 3.11716 -0.282621 2.06216
L: 0.0634551 0.0505431 0.397237
right
424
gcm: 0.677113 1.09519 1.62978
H: 7.43389 -0.767566 -6.34607
L: 0.182305 0.112111 0.616424
right
425
gcm: 0.677863 1.09801 1.63813
H: 3.45919 -0.192201 2.05671
L: 0.0389842 0.146385 0.434121
right
426
gcm: 0.679096 1.09906 1.64658
H: 5.35767 -0.553495 -0.517721
L: 0.0641476 0.0545649 0.439383
right
427
gcm: 0.680177 1.1011 1.6567
H: 1.52794 0.44056 0.262833
L: 0.0561972 0.10651 0.52654
right
428
gcm: 0.680731 1.10099 1.665
H: -0.760032 0.47349 3.56685
L: 0.0288041 -0.00610943 0.4314
right
429
gcm: 0.683424 1.10149 1.67546
H: 4.12074 -0.328416 -4.45716
L: 0.140055 0.0263524 0.543897
right
430
gcm: 0.683391 1.10261 1.68167
H: -3.54281 0.90931 5.96444
L: -0.00175441 0.057937 0.323189
right
431
gcm: 0.684884 1.10444 1.69059
H: 1.42895 0.326923 -2.01275
L: 0.0776477 0.0951918 0.463889
right
432
gcm: 0.686047 1.10731 1.6996
H: 0.714605 0.478279 -1.33193
L: 0.0605042 0.149211 0.468378
right
433
gcm: 0.685448 1.10809 1.70892
H: 0.262569 0.898667 3.85231
L: -0.0311938 0.0409031 0.484518
right
434
gcm: 0.686851 1.10675 1.71518
H: -0.295096 0.32509 -0.642645
L: 0.0729803 -0.069775 0.325774
right
435
gcm: 0.688296 1.11038 1.72573
H: 2.20976 0.201674 -2.92408
L: 0.0751234 0.188553 0.548651
right
436
gcm: 0.689505 1.10957 1.73234
H: -0.899686 0.275229 -1.07556
L: 0.0628655 -0.042267 0.343538
right
437
gcm: 0.689745 1.11096 1.74071
H: -0.439417 0.910038 0.923343
L: 0.0125006 0.0726704 0.435286
right
438
gcm: 0.692403 1.11059 1.74916
H: -0.393238 -0.0117891 -7.48452
L: 0.138208 -0.0192822 0.43953
right
439
gcm: 0.691075 1.11228 1.75597
H: 4.27499 1.32662 3.90264
L: -0.0690598 0.0877547 0.353651
right
440
gcm: 0.692008 1.11351 1.76567
H: -9.36718 1.13988 3.17873
L: 0.0485009 0.06416 0.504545
right
441
gcm: 0.692983 1.11388 1.77294
H: 0.556401 0.773517 -1.73784
L: 0.0507206 0.019006 0.378199
right
442
gcm: 0.693636 1.11348 1.78176
H: -3.97616 1.18065 1.96181
L: 0.033946 -0.0205368 0.458613
right
443
gcm: 0.694131 1.11289 1.78881
H: -3.42921 1.3057 2.68904
L: 0.0257699 -0.0307607 0.366399
right
444
gcm: 0.694727 1.11266 1.79684
H: -1.76042 1.00568 0.197851
L: 0.0309487 -0.0120272 0.417559
right
445
gcm: 0.695859 1.11206 1.80557
H: -2.6953 0.827 -1.1413
L: 0.0589059 -0.0311698 0.453979
right
446
gcm: 0.696615 1.11068 1.81315
H: -0.794495 0.951324 -0.937065
L: 0.0393162 -0.0719685 0.394414
right
447
gcm: 0.697149 1.10995 1.82181
H: -3.60116 1.1186 1.34011
L: 0.027768 -0.0378634 0.450361
right
448
gcm: 0.697529 1.10875 1.82974
H: -1.33262 0.881193 0.773611
L: 0.0197307 -0.0622502 0.412109
right
448
gcm: 0.697529 1.10875 1.82974
H: 0 0 0
L: 0 0 0
none 
