:metadata
 
Skeleton: /Network/Servers/duerer/Volumes/duerer/laturnus/workspace/new_acm/asf/07-walk.asf
Motion: /Network/Servers/duerer/Volumes/duerer/laturnus/workspace/new_acm/amc/07_02-walk.amc
Mass Distribution: /Network/Servers/duerer/Volumes/duerer/laturnus/workspace/new_acm/amd/clauser1969.amd
 
Inital skeleton translation: 0 0 0
Initial skeleton rotation: 0 0 0
 
:data
1
gcm: 0.525519 1.01903 -1.95717
H: 5.90633 0.229516 -0.0996376
L: -0.0717668 0.0332476 0.512006
left
2
gcm: 0.523934 1.0202 -1.94745
H: 5.73273 0.13845 -0.0357799
L: -0.0824026 0.061013 0.505214
left
3
gcm: 0.522871 1.02102 -1.93755
H: 4.97602 0.251467 1.04934
L: -0.0552749 0.0424773 0.515133
left
4
gcm: 0.521987 1.02169 -1.92758
H: 4.29312 0.349504 2.57765
L: -0.0459928 0.0350028 0.518139
left
5
gcm: 0.520952 1.02305 -1.91775
H: 3.6505 0.180547 2.19766
L: -0.0538263 0.0704573 0.511471
left
6
gcm: 0.519981 1.02451 -1.90815
H: 3.20094 -0.00648498 0.757465
L: -0.0504577 0.076196 0.499076
left
7
gcm: 0.518963 1.02537 -1.89892
H: 2.64287 -0.0929863 0.756701
L: -0.052981 0.0443958 0.480022
left
8
gcm: 0.517763 1.02616 -1.88976
H: 1.92777 -0.186232 1.11128
L: -0.0623886 0.04118 0.476004
left
9
gcm: 0.516802 1.02763 -1.88041
H: 0.970896 -0.411275 0.414474
L: -0.0499386 0.0763796 0.486448
left
10
gcm: 0.516401 1.02913 -1.87094
H: 0.099921 -0.773976 -0.611441
L: -0.0208987 0.0779418 0.492285
left
11
gcm: 0.516159 1.03011 -1.86187
H: -0.381993 -0.948568 -0.71885
L: -0.0125728 0.0512688 0.471756
left
12
gcm: 0.515667 1.03111 -1.8532
H: -0.510241 -0.796591 -0.609569
L: -0.0255687 0.0518672 0.450784
left
13
gcm: 0.515026 1.03219 -1.84417
H: -0.018218 -0.607386 -0.0565691
L: -0.0333494 0.0563154 0.46948
left
14
gcm: 0.514476 1.03322 -1.83502
H: -0.120787 -0.684345 0.266342
L: -0.0286063 0.053261 0.475774
left
15
gcm: 0.513889 1.03379 -1.82637
H: -0.901036 -0.87295 -0.0504892
L: -0.0305251 0.0297088 0.449765
left
16
gcm: 0.51321 1.03404 -1.81794
H: -1.06456 -0.928393 0.166702
L: -0.0352823 0.0130319 0.438655
left
17
gcm: 0.512618 1.03446 -1.80933
H: -0.874943 -0.89803 0.330331
L: -0.0307829 0.0220351 0.447488
left
18
gcm: 0.51169 1.03497 -1.80071
H: -1.45807 -0.747939 0.732131
L: -0.0482561 0.0264891 0.448143
left
19
gcm: 0.511611 1.03544 -1.79197
H: -1.44395 -1.1659 -0.407294
L: -0.00413598 0.0242911 0.45441
left
20
gcm: 0.511588 1.03575 -1.78357
H: -1.88646 -1.31781 -1.71122
L: -0.00114979 0.016031 0.436821
left
21
gcm: 0.5114 1.03566 -1.77512
H: -1.90192 -1.24765 -0.750653
L: -0.0097906 -0.00463488 0.439541
left
22
gcm: 0.510756 1.03554 -1.76655
H: -1.58387 -0.987295 0.8801
L: -0.0334882 -0.0058449 0.445567
left
23
gcm: 0.510149 1.03565 -1.75782
H: -1.76157 -0.914173 0.538235
L: -0.0315873 0.00531054 0.453851
left
24
gcm: 0.509974 1.03564 -1.74911
H: -1.51052 -1.08042 -0.847733
L: -0.00906726 -0.000111543 0.453343
left
25
gcm: 0.509848 1.03501 -1.74048
H: -1.74142 -1.102 -0.569687
L: -0.00659131 -0.0329566 0.448742
left
26
gcm: 0.509423 1.03394 -1.7319
H: -2.17638 -0.986055 0.371753
L: -0.0220655 -0.055583 0.445929
left
27
gcm: 0.508825 1.03319 -1.7235
H: -2.40796 -0.934263 0.228289
L: -0.0310855 -0.0389621 0.436787
left
28
gcm: 0.508368 1.03267 -1.71526
H: -3.41499 -0.990499 0.122604
L: -0.0237628 -0.0272485 0.428791
left
29
gcm: 0.508384 1.03181 -1.707
H: -3.97311 -1.21229 -0.414878
L: 0.000795358 -0.0446923 0.42917
left
30
gcm: 0.508253 1.03072 -1.69872
H: -3.39219 -1.19484 -0.336137
L: -0.00681298 -0.0565219 0.430668
left
31
gcm: 0.50769 1.03069 -1.69035
H: -3.62513 -1.4204 0.192387
L: -0.0292853 -0.00179325 0.435448
left
32
gcm: 0.507571 1.03173 -1.68213
H: -3.90308 -1.10825 -0.841119
L: -0.00614602 0.0541037 0.427169
left
33
gcm: 0.507788 1.03198 -1.67404
H: -4.25637 -1.19992 -0.43492
L: 0.0112614 0.0131733 0.420828
left
34
gcm: 0.507914 1.03158 -1.66569
H: -3.84786 -1.16539 0.381693
L: 0.00653239 -0.0207545 0.433915
left
35
gcm: 0.50791 1.03183 -1.65742
H: -3.67332 -1.12416 -0.373578
L: -0.000207723 0.0126186 0.430377
left
36
gcm: 0.507655 1.03192 -1.6493
H: -4.60408 -1.0567 -0.129999
L: -0.0132313 0.00498375 0.422112
left
37
gcm: 0.507568 1.03223 -1.64112
H: -5.24325 -1.11046 -0.366813
L: -0.00450659 0.0162307 0.425529
left
38
gcm: 0.507862 1.0332 -1.63302
H: -4.83012 -1.1482 -0.923123
L: 0.0152415 0.0501464 0.420796
left
39
gcm: 0.507879 1.03383 -1.62494
H: -4.60744 -1.06495 0.137588
L: 0.000922648 0.0329333 0.420191
left
40
gcm: 0.507772 1.03377 -1.61681
H: -4.89035 -1.09043 0.159698
L: -0.00555947 -0.00334355 0.422959
left
41
gcm: 0.507929 1.03375 -1.60884
H: -4.8143 -1.11593 -0.603978
L: 0.00811835 -0.000797215 0.414184
left
42
gcm: 0.508011 1.03406 -1.60102
H: -4.56614 -1.03378 -0.392475
L: 0.00430191 0.0159747 0.40675
left
43
gcm: 0.508073 1.03437 -1.59307
H: -4.29509 -1.00737 -0.194636
L: 0.00322981 0.0160047 0.413478
left
44
gcm: 0.508211 1.03487 -1.585
H: -4.77999 -0.976819 -0.178107
L: 0.0071343 0.0261467 0.419555
left
45
gcm: 0.508401 1.03539 -1.57687
H: -5.14539 -0.886609 -0.42788
L: 0.00990905 0.0271279 0.423136
left
46
gcm: 0.508597 1.03573 -1.56876
H: -4.78823 -0.753268 -0.121673
L: 0.0101675 0.0174938 0.421602
left
47
gcm: 0.508835 1.03609 -1.56069
H: -4.20629 -0.666662 0.476786
L: 0.0123875 0.0186362 0.419388
left
48
gcm: 0.509125 1.03658 -1.55268
H: -3.31638 -0.541454 0.519046
L: 0.0150689 0.0259437 0.41683
left
49
gcm: 0.509365 1.03704 -1.54483
H: -2.72449 -0.191575 1.14497
L: 0.0125232 0.0236066 0.407799
left
50
gcm: 0.509726 1.0373 -1.53691
H: -3.50306 0.0413097 2.27826
L: 0.0187348 0.0137397 0.411868
left
51
gcm: 0.510275 1.03737 -1.52905
H: -4.52395 -0.0699429 1.93278
L: 0.028544 0.00342505 0.408741
left
52
gcm: 0.510884 1.03726 -1.52105
H: -1.93069 -0.0898919 0.702818
L: 0.0316766 -0.00559307 0.416294
left
53
gcm: 0.511589 1.0376 -1.51269
H: 1.71486 -0.362167 -1.0954
L: 0.0366742 0.0177924 0.434461
left
54
gcm: 0.512294 1.03769 -1.50338
H: 3.97989 -0.433988 -1.99453
L: 0.0366337 0.00443139 0.484369
left
55
gcm: 0.513197 1.03669 -1.49368
H: -1.90696 0.118574 3.88293
L: 0.0469559 -0.0518397 0.504336
left
56
gcm: 0.514004 1.03584 -1.4846
H: 3.15702 -0.221074 -0.995887
L: 0.0419711 -0.0440439 0.47218
left
57
gcm: 0.514694 1.03584 -1.47569
H: 3.04622 -0.134337 -0.724368
L: 0.035912 -0.000247017 0.463048
none 
58
gcm: 0.5154 1.03558 -1.46667
H: 3.85813 -0.132646 0.053887
L: 0.0367144 -0.0133039 0.469341
left
59
gcm: 0.516508 1.03525 -1.45723
H: 4.71282 -0.323246 -0.553349
L: 0.0575784 -0.0175707 0.490676
left
60
gcm: 0.517759 1.03609 -1.4476
H: 5.19963 -0.0807424 -0.641499
L: 0.0650859 0.043873 0.501054
left
61
gcm: 0.518769 1.03668 -1.4381
H: 5.71407 -0.036746 -0.766723
L: 0.0525247 0.0309037 0.493896
left
62
gcm: 0.519768 1.03761 -1.42884
H: 4.73292 -0.228086 -2.20432
L: 0.0519208 0.0479757 0.481636
left
63
gcm: 0.52135 1.03912 -1.41908
H: 1.90257 -0.090958 0.351083
L: 0.0822834 0.0789336 0.507306
none 
64
gcm: 0.523097 1.04025 -1.40931
H: 4.18344 -0.525131 -2.57593
L: 0.0908514 0.0587561 0.508037
none 
65
gcm: 0.525008 1.04069 -1.39834
H: 6.04909 -0.373279 -1.09608
L: 0.0993365 0.0227202 0.570723
none 
66
gcm: 0.526773 1.0414 -1.38728
H: 7.36439 -0.662054 -2.12449
L: 0.0917775 0.0366115 0.575112
none 
67
gcm: 0.528623 1.04198 -1.37662
H: 6.88357 -0.62917 -2.53884
L: 0.0962056 0.0304982 0.553887
right
68
gcm: 0.530483 1.04247 -1.3665
H: 5.97628 -0.378641 -2.21012
L: 0.0967517 0.0252762 0.526493
right
69
gcm: 0.532073 1.04298 -1.35663
H: 6.23077 -0.374026 -1.48421
L: 0.0826566 0.0267997 0.513305
right
70
gcm: 0.533575 1.04493 -1.34662
H: 6.33211 -0.474819 -1.81656
L: 0.0781242 0.10121 0.520387
right
71
gcm: 0.535124 1.0455 -1.33691
H: 5.25545 -0.531674 -1.99593
L: 0.0805287 0.0298163 0.504719
right
72
gcm: 0.536909 1.0458 -1.32753
H: 4.08155 -0.570506 -1.82537
L: 0.092843 0.0156997 0.488157
right
73
gcm: 0.538712 1.04616 -1.31801
H: 4.37827 -0.343911 -1.8484
L: 0.0937576 0.0182445 0.494796
right
74
gcm: 0.540107 1.04734 -1.30816
H: 4.83173 -0.0967387 -1.35015
L: 0.0724959 0.0616156 0.512016
right
75
gcm: 0.541302 1.04872 -1.29855
H: 4.80701 -0.0923283 -0.257237
L: 0.0621599 0.0715142 0.500074
right
76
gcm: 0.542463 1.04976 -1.28936
H: 4.3363 -0.139804 0.538568
L: 0.0603564 0.0543212 0.477611
right
77
gcm: 0.543647 1.05059 -1.27993
H: 3.65655 -0.0759266 -0.200691
L: 0.0615683 0.043127 0.490308
right
78
gcm: 0.544798 1.05076 -1.27036
H: 3.29056 0.128176 -0.761679
L: 0.0598483 0.00893778 0.497714
right
79
gcm: 0.545844 1.0507 -1.2611
H: 2.59345 0.339529 -0.3612
L: 0.0544201 -0.0031784 0.481754
right
80
gcm: 0.546735 1.05145 -1.25201
H: 1.64323 0.361817 0.199611
L: 0.0463276 0.0389209 0.472448
right
81
gcm: 0.547615 1.05276 -1.24316
H: 0.504612 0.479852 -0.334231
L: 0.0457306 0.068163 0.460146
right
82
gcm: 0.54891 1.05342 -1.23449
H: -0.256191 0.317812 -1.32476
L: 0.067359 0.0343658 0.451138
right
83
gcm: 0.550382 1.05379 -1.22575
H: 0.597487 0.134015 -1.7833
L: 0.0765407 0.0194209 0.454606
right
84
gcm: 0.551716 1.05394 -1.21708
H: 1.04493 0.346925 -1.69107
L: 0.0693654 0.00750906 0.45071
right
85
gcm: 0.552686 1.05392 -1.20866
H: 0.218709 0.788629 -0.784477
L: 0.0504593 -0.00123498 0.437683
right
86
gcm: 0.553363 1.05435 -1.20023
H: -0.64808 0.925849 0.107385
L: 0.0351907 0.0226651 0.438439
right
87
gcm: 0.554321 1.05496 -1.19158
H: -0.585464 0.854103 -0.0449068
L: 0.0497979 0.0314189 0.449714
right
88
gcm: 0.555116 1.05561 -1.18324
H: -1.33655 0.860456 0.384521
L: 0.0413854 0.0339782 0.433948
right
89
gcm: 0.555399 1.05616 -1.17513
H: -2.37485 1.13891 1.07166
L: 0.0146924 0.0284786 0.421251
right
90
gcm: 0.555831 1.05615 -1.16665
H: -1.35094 1.07283 0.845488
L: 0.0224908 -0.000329597 0.441229
right
91
gcm: 0.556623 1.05606 -1.15773
H: -0.359489 0.837853 0.413877
L: 0.0411537 -0.00474394 0.463916
right
92
gcm: 0.557355 1.05632 -1.149
H: -1.50741 1.22138 0.0448112
L: 0.0380834 0.0135948 0.454099
right
93
gcm: 0.557862 1.05644 -1.14087
H: -3.36529 1.34152 -0.503853
L: 0.0263597 0.00632971 0.422306
right
94
gcm: 0.558415 1.05629 -1.13267
H: -3.30738 1.09458 -0.694399
L: 0.0287435 -0.00807948 0.426646
right
95
gcm: 0.5592 1.05615 -1.12408
H: -1.71285 0.915106 -0.180453
L: 0.040849 -0.00705808 0.446918
right
96
gcm: 0.559945 1.05558 -1.11579
H: -1.69968 0.996948 0.4633
L: 0.0387131 -0.0296484 0.431046
right
97
gcm: 0.560505 1.05424 -1.10775
H: -1.97418 1.13359 0.80777
L: 0.0291361 -0.0699146 0.417933
right
98
gcm: 0.561052 1.05405 -1.09942
H: -2.44115 1.12606 0.63511
L: 0.0284396 -0.00961291 0.433222
right
99
gcm: 0.561543 1.05346 -1.09098
H: -2.7716 1.16484 0.427447
L: 0.0254959 -0.0305354 0.438996
right
100
gcm: 0.562146 1.0522 -1.08255
H: -2.83368 0.965724 -0.15579
L: 0.0313863 -0.0657551 0.438057
right
101
gcm: 0.562874 1.05144 -1.07405
H: -3.00526 0.963136 -0.374316
L: 0.0378561 -0.0395062 0.442196
right
102
gcm: 0.563347 1.05097 -1.06553
H: -2.76985 1.05408 0.720058
L: 0.0246168 -0.0241832 0.442894
right
103
gcm: 0.56356 1.05052 -1.05716
H: -3.02239 1.19097 1.51573
L: 0.0110341 -0.0238158 0.435416
right
104
gcm: 0.56377 1.05009 -1.04898
H: -3.38594 1.0299 1.28766
L: 0.0109199 -0.0220042 0.425064
right
105
gcm: 0.564217 1.04994 -1.04062
H: -3.42362 0.881091 0.556354
L: 0.0232644 -0.00813284 0.434959
right
106
gcm: 0.564727 1.05051 -1.03197
H: -4.07835 0.951876 -0.432437
L: 0.0265365 0.029535 0.44958
right
107
gcm: 0.565105 1.05098 -1.0235
H: -5.02632 1.08099 -0.320951
L: 0.019642 0.0249455 0.440397
right
108
gcm: 0.56569 1.05037 -1.01555
H: -4.88614 0.897959 -0.427313
L: 0.0304315 -0.031931 0.413496
right
109
gcm: 0.566131 1.04999 -1.00759
H: -4.24299 0.840953 -0.34643
L: 0.0229215 -0.0196456 0.413785
right
110
gcm: 0.566071 1.05098 -0.999166
H: -5.04171 1.0369 0.949228
L: -0.00313119 0.0515299 0.438222
right
111
gcm: 0.566081 1.05131 -0.990853
H: -5.90286 1.22878 0.739355
L: 0.000533073 0.0171204 0.432269
right
112
gcm: 0.566324 1.05033 -0.982866
H: -4.85029 0.780654 -0.145206
L: 0.0126389 -0.0513735 0.41536
right
113
gcm: 0.566688 1.05028 -0.974753
H: -4.60156 0.838296 -0.309179
L: 0.0189294 -0.00245114 0.421865
right
114
gcm: 0.567035 1.05119 -0.966678
H: -5.05072 0.820491 -0.157552
L: 0.0180138 0.0474333 0.41987
right
115
gcm: 0.567339 1.05146 -0.958802
H: -5.81657 0.833087 -0.0511269
L: 0.015838 0.0137859 0.409597
right
116
gcm: 0.567495 1.05119 -0.950963
H: -6.59153 0.952481 -0.0929831
L: 0.00809272 -0.0137569 0.4076
right
117
gcm: 0.56741 1.05152 -0.943097
H: -6.34084 0.896324 -0.0867656
L: -0.0044002 0.0170089 0.409045
right
118
gcm: 0.567436 1.0522 -0.935692
H: -6.72908 0.815771 -0.648585
L: 0.00134645 0.0356828 0.385065
right
119
gcm: 0.567728 1.05239 -0.92691
H: -2.11592 0.482806 -0.805222
L: 0.0151748 0.00969234 0.456675
right
120
gcm: 0.567899 1.05312 -0.918099
H: -3.25463 0.375629 -1.03317
L: 0.00890809 0.0381851 0.45815
right
121
gcm: 0.567991 1.05371 -0.908997
H: -3.1812 0.263087 -0.845892
L: 0.00475782 0.0303877 0.473286
right
122
gcm: 0.568011 1.05358 -0.899903
H: -1.88106 0.196688 -0.863572
L: 0.00102569 -0.0065249 0.472886
right
123
gcm: 0.568093 1.05344 -0.890903
H: -1.78848 0.177155 -1.3809
L: 0.00428858 -0.00747832 0.467994
right
124
gcm: 0.568347 1.05289 -0.881979
H: -1.89958 0.10398 -1.52445
L: 0.0132238 -0.0286012 0.464074
right
125
gcm: 0.568336 1.05151 -0.872998
H: -0.851189 0.198585 -0.0678086
L: -0.000577671 -0.0718473 0.466982
right
126
gcm: 0.567715 1.05011 -0.864056
H: -0.220755 0.356696 1.05495
L: -0.0323191 -0.072606 0.46502
right
127
gcm: 0.56706 1.04915 -0.855227
H: 0.156019 0.407677 0.384918
L: -0.0340639 -0.0499174 0.459119
right
128
gcm: 0.566482 1.04851 -0.846172
H: 0.960509 0.478667 1.08577
L: -0.0300217 -0.0335112 0.470834
right
129
gcm: 0.565654 1.04771 -0.837047
H: 1.72275 0.587622 2.55667
L: -0.0430911 -0.0414774 0.474491
right
130
gcm: 0.564797 1.0468 -0.827945
H: 2.41008 0.541998 2.51535
L: -0.0445359 -0.0472617 0.473305
right
131
gcm: 0.564141 1.046 -0.818851
H: 2.98466 0.425647 1.31836
L: -0.034135 -0.0414392 0.472883
right
132
gcm: 0.563509 1.04516 -0.809851
H: 3.25456 0.204023 0.201751
L: -0.0328367 -0.0440251 0.468042
right
133
gcm: 0.562867 1.04427 -0.800498
H: 3.87589 0.174585 0.0830604
L: -0.0333691 -0.0463188 0.486348
right
134
gcm: 0.562038 1.04287 -0.790867
H: 4.31911 0.367784 1.24302
L: -0.0431099 -0.0725596 0.500785
right
135
gcm: 0.56082 1.04203 -0.781137
H: 4.47733 0.449329 2.5881
L: -0.0633499 -0.0438098 0.505976
right
136
gcm: 0.559624 1.04253 -0.771173
H: 4.37993 0.251199 1.57193
L: -0.0621822 0.0263103 0.518139
right
137
gcm: 0.558561 1.04318 -0.761199
H: 4.42232 0.00867149 0.365715
L: -0.0553089 0.0338099 0.51862
right
138
gcm: 0.557694 1.04349 -0.750951
H: 5.44775 0.0440855 0.638346
L: -0.0450841 0.01562 0.532888
none 
139
gcm: 0.556677 1.04312 -0.740616
H: 5.59376 0.1656 1.40021
L: -0.0528702 -0.0191768 0.537456
none 
140
gcm: 0.555167 1.04257 -0.730634
H: 5.15159 0.257645 2.29942
L: -0.0785126 -0.0283509 0.519039
none 
141
gcm: 0.553764 1.04305 -0.721101
H: 5.21032 0.260781 1.54249
L: -0.0729441 0.0250361 0.495724
none 
142
gcm: 0.552636 1.04408 -0.71188
H: 5.05419 0.218589 0.20643
L: -0.0586738 0.0534714 0.47947
none 
143
gcm: 0.551845 1.04401 -0.700267
H: 11.8791 0.123866 0.758551
L: -0.0411333 -0.00368449 0.6039
left
144
gcm: 0.550251 1.04445 -0.689218
H: 7.56078 0.497385 2.86845
L: -0.0829052 0.0226315 0.574545
left
145
gcm: 0.548646 1.04436 -0.678373
H: 6.66427 0.596488 2.9796
L: -0.0834594 -0.00450157 0.563959
left
146
gcm: 0.548087 1.04449 -0.668123
H: 7.07299 0.0562173 -0.486138
L: -0.0290372 0.00684481 0.532973
left
147
gcm: 0.547434 1.04479 -0.657511
H: 7.75026 0.159332 0.146137
L: -0.0339486 0.0157247 0.551818
left
148
gcm: 0.546463 1.04544 -0.647305
H: 6.15922 0.213094 0.805691
L: -0.0505216 0.0336084 0.530744
left
149
gcm: 0.545491 1.0464 -0.637441
H: 4.93431 -0.0995427 0.048717
L: -0.0505616 0.0498216 0.512916
left
150
gcm: 0.54445 1.04787 -0.627581
H: 4.54428 0.340432 0.430021
L: -0.0540837 0.0764212 0.512699
left
151
gcm: 0.543497 1.04943 -0.617551
H: 5.08504 0.234752 0.926574
L: -0.049558 0.081154 0.521563
left
152
gcm: 0.542713 1.0508 -0.607465
H: 4.11172 0.553533 0.838297
L: -0.0408139 0.0713821 0.524469
left
153
gcm: 0.541823 1.05194 -0.597625
H: 3.20564 0.0708932 1.21467
L: -0.0462425 0.0591939 0.511675
left
154
gcm: 0.540874 1.05306 -0.588066
H: 2.30349 -0.00335941 1.17763
L: -0.0493502 0.0584114 0.49711
left
155
gcm: 0.54003 1.05481 -0.578755
H: 1.10501 -0.505521 0.318169
L: -0.0439077 0.0909144 0.48415
left
156
gcm: 0.539155 1.05657 -0.569411
H: 1.68671 -0.106524 0.271791
L: -0.0454843 0.0913078 0.485906
left
157
gcm: 0.538313 1.05749 -0.560134
H: 4.10648 0.333364 0.239851
L: -0.0438143 0.0480546 0.482395
left
158
gcm: 0.537856 1.05826 -0.551084
H: -2.18367 -1.12984 0.59818
L: -0.0237371 0.0398857 0.470576
left
159
gcm: 0.537329 1.05911 -0.542102
H: 1.02432 -0.530326 -0.0969947
L: -0.027432 0.0443291 0.467067
left
160
gcm: 0.536707 1.06 -0.53331
H: -1.76645 -0.893193 1.28202
L: -0.0323408 0.0463477 0.457175
left
161
gcm: 0.536825 1.06123 -0.524353
H: -0.355587 -0.767326 -1.23934
L: 0.0061734 0.0641462 0.465804
left
162
gcm: 0.537047 1.06216 -0.51558
H: 0.60127 -0.554873 -2.04047
L: 0.0115338 0.0482635 0.456189
left
163
gcm: 0.536434 1.06301 -0.507134
H: -3.482 -1.17964 0.650398
L: -0.0319065 0.0442342 0.439188
left
164
gcm: 0.535806 1.06373 -0.498463
H: -1.63334 -1.00164 0.17583
L: -0.0326061 0.0370514 0.450899
left
165
gcm: 0.535567 1.064 -0.4899
H: -1.27296 -0.89778 -0.298172
L: -0.012431 0.014198 0.445282
left
166
gcm: 0.535189 1.06441 -0.481376
H: -1.21256 -0.831226 -0.0115361
L: -0.0196661 0.0213874 0.443205
left
167
gcm: 0.535016 1.06561 -0.472391
H: -0.329757 -1.01524 -0.871664
L: -0.00900091 0.0625741 0.467262
left
168
gcm: 0.535064 1.06703 -0.463434
H: -1.0373 -1.12437 -1.20341
L: 0.00250241 0.0737375 0.465769
left
169
gcm: 0.534887 1.06721 -0.455055
H: -2.04528 -1.04786 0.111262
L: -0.00922782 0.00944405 0.435673
left
170
gcm: 0.534632 1.06659 -0.446896
H: -2.13484 -1.01964 0.597726
L: -0.0132502 -0.0326136 0.424289
left
171
gcm: 0.534251 1.06623 -0.438548
H: -2.27986 -0.936519 0.657893
L: -0.0198335 -0.0182924 0.434086
left
172
gcm: 0.533858 1.06631 -0.429973
H: -2.67289 -0.985893 0.154137
L: -0.0204132 0.00407873 0.445891
left
173
gcm: 0.533795 1.06613 -0.421444
H: -3.68201 -1.28529 -0.761436
L: -0.00327896 -0.00941134 0.443504
left
174
gcm: 0.533962 1.06567 -0.412754
H: -3.10378 -1.30143 -1.10699
L: 0.00869126 -0.0240482 0.451875
left
175
gcm: 0.53407 1.06536 -0.404061
H: -1.83581 -1.09476 -0.623675
L: 0.00560787 -0.0162767 0.45203
left
176
gcm: 0.534083 1.06527 -0.395619
H: -2.67774 -1.24335 0.353102
L: 0.000684032 -0.00439439 0.438994
left
177
gcm: 0.534576 1.0655 -0.38663
H: -2.10557 -1.36484 -1.81875
L: 0.0256309 0.0116947 0.467434
left
178
gcm: 0.533016 1.06155 -0.381228
H: -8.90868 -0.636038 7.25431
L: -0.0811112 -0.205265 0.280895
left
179
gcm: 0.533985 1.0643 -0.371307
H: -2.34033 -1.734 -3.83226
L: 0.0503834 0.142893 0.515919
left
180
gcm: 0.534393 1.06531 -0.362838
H: -3.05989 -1.41624 -2.17315
L: 0.0211885 0.0527062 0.440397
left
181
gcm: 0.534427 1.06596 -0.354905
H: -3.92011 -1.2758 -0.564369
L: 0.00180808 0.0335786 0.412471
left
182
gcm: 0.534345 1.06795 -0.346617
H: -4.35787 -1.32343 -0.252576
L: -0.00427784 0.103733 0.431024
left
183
gcm: 0.534235 1.06945 -0.338538
H: -4.64467 -1.29028 -0.103157
L: -0.0057069 0.0780404 0.420105
left
184
gcm: 0.534494 1.06909 -0.331
H: -4.95457 -1.32147 -0.61197
L: 0.01343 -0.0190265 0.391968
left
185
gcm: 0.534871 1.06896 -0.3235
H: -5.19317 -1.47923 -1.3327
L: 0.019642 -0.00649373 0.390012
left
186
gcm: 0.534993 1.06996 -0.315412
H: -4.61603 -1.31148 -0.23612
L: 0.00634583 0.051778 0.420543
left
187
gcm: 0.535251 1.07093 -0.307166
H: -3.99949 -1.22338 -0.101609
L: 0.0133856 0.0504476 0.428778
left
188
gcm: 0.535425 1.07158 -0.299215
H: -4.51291 -1.31847 -0.369168
L: 0.00905929 0.0337603 0.413455
left
189
gcm: 0.535632 1.07154 -0.291184
H: -4.57293 -1.22352 -0.358244
L: 0.0107835 -0.00214789 0.417631
left
190
gcm: 0.535785 1.07063 -0.283095
H: -4.42613 -1.02963 0.605291
L: 0.00793541 -0.0473188 0.420644
left
191
gcm: 0.535789 1.07041 -0.275655
H: -5.85709 -1.06173 0.894482
L: 0.000211406 -0.0113081 0.386868
left
192
gcm: 0.536003 1.07073 -0.268118
H: -4.91372 -1.12117 0.00848992
L: 0.0111531 0.0166317 0.391929
left
193
gcm: 0.536332 1.07087 -0.260019
H: -3.20438 -1.03569 -0.294429
L: 0.0171034 0.00754015 0.421142
left
194
gcm: 0.536652 1.0709 -0.252164
H: -4.04459 -0.811101 0.208313
L: 0.016628 0.00132842 0.408435
left
195
gcm: 0.537121 1.07079 -0.244532
H: -4.45594 -0.647431 0.65069
L: 0.0243582 -0.00551885 0.396909
left
196
gcm: 0.537737 1.07127 -0.236449
H: -3.48897 -0.74074 0.258974
L: 0.0320381 0.0248021 0.420273
left
197
gcm: 0.53863 1.07216 -0.228194
H: -2.88021 -0.793403 -0.874794
L: 0.0464356 0.0464042 0.42928
left
198
gcm: 0.539365 1.07245 -0.220469
H: -2.57074 -0.492507 -0.115996
L: 0.0382194 0.0149299 0.401712
left
199
gcm: 0.539726 1.07237 -0.213045
H: -1.88223 -0.294306 1.21879
L: 0.0187713 -0.00426091 0.386057
left
200
gcm: 0.540411 1.0723 -0.205157
H: -2.18564 -0.304348 2.0349
L: 0.0356482 -0.00338831 0.410149
left
201
gcm: 0.541445 1.07275 -0.196936
H: -1.90754 -0.341993 0.952982
L: 0.0537388 0.0231206 0.427474
left
202
gcm: 0.541895 1.07257 -0.188417
H: -0.176397 0.0234664 1.12258
L: 0.0234249 -0.00911628 0.443024
left
203
gcm: 0.542995 1.07248 -0.179806
H: 0.47884 0.184921 0.264532
L: 0.057168 -0.00465914 0.447764
left
204
gcm: 0.54413 1.07261 -0.170661
H: 1.70896 -0.0533192 -0.0770213
L: 0.0590389 0.00661454 0.475545
left
205
gcm: 0.54522 1.07233 -0.161561
H: 2.06229 -0.146667 -0.356435
L: 0.0567083 -0.0142387 0.473204
left
206
gcm: 0.546264 1.07148 -0.152523
H: 2.93332 -0.131367 -0.77381
L: 0.0542543 -0.0441968 0.469985
left
207
gcm: 0.547323 1.07041 -0.14342
H: 3.33651 -0.152539 -1.05876
L: 0.055079 -0.0558296 0.473311
left
208
gcm: 0.548469 1.06883 -0.134388
H: 3.67249 -0.185169 -0.835392
L: 0.0595954 -0.0821138 0.469694
left
209
gcm: 0.549582 1.06857 -0.125325
H: 4.43526 -0.101039 -0.513264
L: 0.0578613 -0.0138268 0.471282
left
210
gcm: 0.550896 1.07 -0.115728
H: 4.38736 -0.00880848 -0.425577
L: 0.0683459 0.0745427 0.499057
left
211
gcm: 0.552475 1.07118 -0.105645
H: 4.30396 -0.097704 -0.413635
L: 0.0821156 0.0613756 0.524271
left
212
gcm: 0.553864 1.07205 -0.095638
H: 4.68796 -0.193707 -0.692899
L: 0.0722075 0.0450771 0.520386
left
213
gcm: 0.555292 1.07242 -0.0858233
H: 4.43521 -0.308189 -1.2091
L: 0.0742492 0.0192283 0.510363
none 
214
gcm: 0.557145 1.07275 -0.0763247
H: 3.59327 -0.287922 -2.03514
L: 0.0963596 0.0172093 0.493929
none 
215
gcm: 0.559253 1.07265 -0.0648031
H: 9.76585 -0.312825 -3.47141
L: 0.109608 -0.00505219 0.599122
none 
216
gcm: 0.56128 1.07319 -0.0537697
H: 6.07241 -0.321621 -1.92017
L: 0.105435 0.0280031 0.573734
none 
217
gcm: 0.562858 1.0738 -0.0440004
H: 5.52176 -0.541244 -1.33204
L: 0.0820506 0.0316546 0.508007
right
218
gcm: 0.565067 1.07414 -0.0336658
H: 5.89165 -0.734014 -3.13
L: 0.114878 0.0179054 0.537397
none 
219
gcm: 0.566573 1.07455 -0.0238614
H: 4.90758 -0.421186 -1.07035
L: 0.078299 0.0214505 0.509831
right
220
gcm: 0.568242 1.07492 -0.0140013
H: 5.13168 -0.396942 -0.67648
L: 0.0867905 0.0191211 0.512723
right
221
gcm: 0.570121 1.0752 -0.00379915
H: 5.60972 -0.308106 -0.461934
L: 0.0977001 0.0144206 0.530512
right
222
gcm: 0.571613 1.07526 0.00647969
H: 5.48318 -0.125802 -0.0783606
L: 0.0775718 0.00290965 0.534499
right
223
gcm: 0.573026 1.07607 0.0164457
H: 5.10968 -0.196097 -0.984772
L: 0.0735104 0.0424182 0.518234
right
224
gcm: 0.574641 1.07714 0.0260079
H: 5.25525 -0.405557 -2.0328
L: 0.0839482 0.0558224 0.497232
right
225
gcm: 0.576159 1.07791 0.0353595
H: 4.67561 -0.286794 -1.50711
L: 0.0789364 0.0400511 0.486286
right
226
gcm: 0.5777 1.07897 0.0451614
H: 4.3965 -0.194428 -0.998674
L: 0.080162 0.0549521 0.509697
right
227
gcm: 0.579187 1.07979 0.0550802
H: 4.54932 -0.160441 -1.05186
L: 0.0772987 0.0424431 0.515777
right
228
gcm: 0.580481 1.08053 0.0644023
H: 3.08435 0.0460634 -1.24893
L: 0.0672677 0.0388139 0.484752
right
229
gcm: 0.581982 1.08071 0.0736484
H: 1.89587 0.157 -1.31073
L: 0.0780733 0.00917188 0.480796
right
230
gcm: 0.583595 1.08037 0.0835041
H: 3.10409 -0.175608 -0.448606
L: 0.0839026 -0.0176118 0.512495
right
231
gcm: 0.585286 1.08104 0.0932499
H: 2.5274 -0.0613942 -2.45933
L: 0.0878993 0.0348591 0.506781
right
232
gcm: 0.586175 1.08287 0.102422
H: 1.00133 0.32789 -1.40236
L: 0.0462151 0.0948059 0.476974
right
233
gcm: 0.586371 1.08407 0.110729
H: -1.12233 0.685597 1.02373
L: 0.0102351 0.062644 0.431933
right
234
gcm: 0.58636 1.0846 0.118175
H: -2.30144 0.897834 3.06734
L: -0.000595182 0.0273754 0.387191
right
235
gcm: 0.587367 1.08479 0.127487
H: 0.115394 0.699665 0.0717346
L: 0.0523812 0.0102673 0.484228
right
236
gcm: 0.588067 1.08457 0.136521
H: -0.261192 0.860709 -0.25793
L: 0.0364001 -0.0118962 0.469754
right
237
gcm: 0.588627 1.08432 0.145173
H: -1.72863 0.933854 -0.160837
L: 0.0291223 -0.0127184 0.449942
right
238
gcm: 0.589387 1.08472 0.154095
H: -1.51166 0.780049 0.00586529
L: 0.0394983 0.0209145 0.46395
right
239
gcm: 0.590281 1.08537 0.163402
H: 0.217552 0.678434 -0.241801
L: 0.0464854 0.0337145 0.483913
right
240
gcm: 0.590776 1.0857 0.172277
H: -0.464181 0.951357 1.04483
L: 0.0257512 0.0168322 0.461546
right
241
gcm: 0.590991 1.08567 0.180853
H: -1.53609 1.15611 1.99037
L: 0.0111686 -0.00148197 0.445907
right
242
gcm: 0.591451 1.08521 0.189796
H: -1.11705 1.17965 0.696173
L: 0.0239344 -0.0237848 0.465057
right
243
gcm: 0.59219 1.08476 0.198552
H: -1.28229 0.958653 -0.812175
L: 0.0384348 -0.0234172 0.455323
right
244
gcm: 0.592786 1.08488 0.206939
H: -1.80931 1.06679 0.33909
L: 0.0309737 0.00642125 0.436107
right
245
gcm: 0.593286 1.08523 0.215772
H: -1.74843 1.18572 1.13323
L: 0.0259921 0.0182179 0.459324
right
246
gcm: 0.593852 1.08478 0.224727
H: -1.76381 1.02633 0.0423728
L: 0.0294588 -0.0237524 0.465675
right
247
gcm: 0.594296 1.08369 0.233222
H: -2.4498 1.05388 0.22272
L: 0.0230743 -0.0564711 0.441729
right
248
gcm: 0.594713 1.08191 0.24197
H: -2.82257 1.15285 0.524201
L: 0.0217028 -0.0928083 0.454918
right
249
gcm: 0.59499 1.08113 0.251262
H: -2.55962 1.25055 0.726861
L: 0.0144035 -0.0402897 0.48317
right
250
gcm: 0.595016 1.0808 0.260528
H: -2.42714 1.3383 1.44166
L: 0.00133287 -0.0171174 0.481832
right
251
gcm: 0.595049 1.07978 0.269595
H: -3.36164 1.39108 1.66371
L: 0.00170443 -0.0530087 0.471477
right
252
gcm: 0.595896 1.07831 0.277975
H: -3.84886 0.892029 -1.47621
L: 0.0440714 -0.0767136 0.435758
right
253
gcm: 0.596309 1.07743 0.286942
H: -3.28357 1.00629 -0.0571982
L: 0.0214504 -0.0457094 0.466285
right
254
gcm: 0.596607 1.07652 0.295821
H: -3.25812 1.02632 0.496885
L: 0.0154958 -0.0471103 0.46168
right
255
gcm: 0.59687 1.07569 0.304536
H: -3.63244 1.07418 0.472198
L: 0.0136801 -0.0430219 0.453206
right
256
gcm: 0.597058 1.07554 0.313329
H: -4.68216 1.1849 0.317645
L: 0.00980194 -0.00820532 0.457259
right
257
gcm: 0.597101 1.0753 0.322136
H: -3.39349 1.04294 0.548521
L: 0.00223018 -0.0122511 0.457917
right
258
gcm: 0.597161 1.07468 0.330451
H: -6.83517 1.09604 -0.373972
L: 0.003112 -0.0322845 0.432422
right
259
gcm: 0.596773 1.07496 0.338543
H: -6.14764 1.20536 1.40991
L: -0.0201787 0.0145481 0.420784
right
260
gcm: 0.596926 1.0755 0.347818
H: -4.20154 0.914967 -0.533765
L: 0.00792839 0.0281153 0.482271
right
261
gcm: 0.596505 1.07557 0.356138
H: -6.30459 1.15429 1.38101
L: -0.021865 0.00345097 0.432625
right
262
gcm: 0.598156 1.07532 0.366694
H: -3.66353 0.386204 -4.79314
L: 0.0858511 -0.0126417 0.548934
right
263
gcm: 0.596503 1.07538 0.372907
H: -9.20932 1.54133 3.50779
L: -0.0859498 0.00310169 0.323075
right
264
gcm: 0.597382 1.07578 0.382857
H: -4.51319 0.660139 -2.65715
L: 0.0456863 0.0208787 0.517381
right
265
gcm: 0.59664 1.07595 0.391755
H: -5.09244 1.33613 2.32635
L: -0.038594 0.00846459 0.462696
right
266
gcm: 0.595978 1.07538 0.40017
H: -6.00001 1.24294 0.633111
L: -0.0344234 -0.0293586 0.437614
right
267
gcm: 0.595515 1.07529 0.407905
H: -6.9502 1.0319 -0.609765
L: -0.0240711 -0.00468887 0.402217
right
268
gcm: 0.595464 1.07581 0.416475
H: -5.01639 0.524018 -1.25281
L: -0.00260776 0.0268354 0.445636
right
269
gcm: 0.595488 1.07564 0.425971
H: -3.62465 0.223757 -0.194028
L: 0.00121363 -0.00877914 0.493793
right
270
gcm: 0.595358 1.07568 0.435518
H: -3.04057 0.659908 -0.579443
L: -0.00677212 0.00184291 0.496452
right
271
gcm: 0.595181 1.07606 0.444882
H: -2.16228 0.483039 -1.23257
L: -0.0091872 0.0199768 0.486889
right
272
gcm: 0.59483 1.07576 0.454358
H: -1.67894 0.411718 -0.255989
L: -0.0182683 -0.0153715 0.492778
right
273
gcm: 0.593934 1.07476 0.463995
H: -0.327258 0.00822277 0.230916
L: -0.046592 -0.0521106 0.501105
right
274
gcm: 0.592631 1.07348 0.4736
H: -0.921194 0.664287 1.21787
L: -0.0677152 -0.0666099 0.499465
right
275
gcm: 0.591722 1.07254 0.483163
H: 0.337436 0.683414 1.01006
L: -0.0473085 -0.0491406 0.497308
right
276
gcm: 0.591063 1.07173 0.49272
H: 2.09487 0.251866 0.918067
L: -0.0342592 -0.0421442 0.496969
right
277
gcm: 0.5902 1.0709 0.502555
H: 2.50931 0.282744 1.1594
L: -0.0448876 -0.0430745 0.511414
right
278
gcm: 0.589252 1.07026 0.51254
H: 3.17921 0.344891 0.91673
L: -0.0492663 -0.0332745 0.519219
right
279
gcm: 0.588377 1.06817 0.522215
H: 4.49795 0.186735 0.442635
L: -0.0455206 -0.108379 0.503092
right
280
gcm: 0.587053 1.06507 0.531682
H: 4.69244 0.479688 1.8799
L: -0.0688217 -0.161159 0.492284
right
281
gcm: 0.58531 1.06405 0.541538
H: 4.96847 0.411849 2.58811
L: -0.0906365 -0.053321 0.512505
right
282
gcm: 0.583618 1.06494 0.551841
H: 4.49547 0.467559 1.09071
L: -0.0880152 0.0462982 0.535752
right
283
gcm: 0.581965 1.06541 0.562252
H: 4.16333 0.560544 0.960054
L: -0.0859187 0.0244147 0.541368
right
284
gcm: 0.580472 1.06485 0.57277
H: 4.65346 0.403624 1.10696
L: -0.0776645 -0.0291877 0.546949
none 
285
gcm: 0.579059 1.06431 0.583172
H: 5.42567 -0.154703 0.567582
L: -0.0734902 -0.0279522 0.54091
none 
286
gcm: 0.577276 1.06427 0.593456
H: 5.10452 0.334035 1.44021
L: -0.0926968 -0.00216054 0.534772
none 
287
gcm: 0.575319 1.06444 0.603937
H: 5.04956 0.37953 1.88388
L: -0.101744 0.00873464 0.54498
none 
288
gcm: 0.574121 1.0638 0.615612
H: 10.0244 0.413702 0.649167
L: -0.0623138 -0.0332228 0.607131
none 
289
gcm: 0.573103 1.06326 0.62666
H: 10.1069 0.436407 -0.320376
L: -0.0529181 -0.0278321 0.574498
left
290
gcm: 0.571756 1.06336 0.63771
H: 9.36804 0.499136 0.744661
L: -0.0700762 0.00504833 0.574603
left
291
gcm: 0.570219 1.06393 0.648834
H: 8.54515 0.548945 1.79586
L: -0.0799277 0.0297545 0.578419
left
292
gcm: 0.568648 1.06452 0.659537
H: 7.30779 0.3753 1.60712
L: -0.0816455 0.0305137 0.556589
left
293
gcm: 0.567177 1.0656 0.669937
H: 6.43515 0.395115 0.920626
L: -0.0765332 0.056255 0.540795
left
294
gcm: 0.566012 1.0673 0.680417
H: 6.21343 0.485107 -0.079824
L: -0.0605456 0.0881652 0.544953
left
295
gcm: 0.565128 1.06871 0.690785
H: 5.86331 0.333031 -0.809785
L: -0.04598 0.0733977 0.53915
left
296
gcm: 0.563932 1.0698 0.700765
H: 4.90935 0.241546 0.325014
L: -0.0621904 0.0566153 0.518922
left
297
gcm: 0.562561 1.07147 0.710642
H: 3.00626 -0.225444 1.49116
L: -0.071297 0.086865 0.513611
left
298
gcm: 0.561624 1.07343 0.720327
H: 2.46079 0.157572 0.181111
L: -0.0487382 0.102296 0.503617
left
299
gcm: 0.560634 1.07457 0.729982
H: 4.75913 0.377627 0.0939348
L: -0.0514727 0.0591474 0.502068
left
300
gcm: 0.559008 1.07544 0.739896
H: -1.02559 -0.660304 3.32987
L: -0.0845321 0.0451011 0.515504
left
301
gcm: 0.557855 1.07724 0.749902
H: 1.7543 -0.279699 0.877404
L: -0.0599791 0.0935172 0.520317
left
302
gcm: 0.557216 1.07904 0.759453
H: 1.8319 -0.0514929 -0.824935
L: -0.0332184 0.0935836 0.496682
left
303
gcm: 0.556354 1.08006 0.768359
H: -0.645617 -0.111811 0.292925
L: -0.0448469 0.0530118 0.463079
left
304
gcm: 0.555482 1.08121 0.777491
H: -0.610985 -0.754242 -0.0411122
L: -0.0453214 0.0598158 0.474905
left
305
gcm: 0.554261 1.08835 0.787526
H: -1.18942 -0.982559 -1.63668
L: -0.0635009 0.3714 0.52182
left
306
gcm: 0.55429 1.08465 0.795982
H: -1.7689 -1.13655 -0.82151
L: 0.00149185 -0.192423 0.439685
left
307
gcm: 0.553944 1.08401 0.804507
H: -2.02789 -1.26033 -0.318104
L: -0.0179673 -0.0330041 0.443327
left
308
gcm: 0.55321 1.08504 0.813244
H: -0.41955 -0.799614 0.125058
L: -0.0381731 0.0533008 0.454306
left
309
gcm: 0.552479 1.0855 0.821784
H: -0.930383 -0.830279 0.227968
L: -0.0380118 0.023871 0.444081
left
310
gcm: 0.551652 1.08545 0.830643
H: -1.33134 -1.04832 0.592937
L: -0.0429796 -0.00224355 0.460658
left
311
gcm: 0.551542 1.08637 0.841175
H: -0.47615 -1.37432 -1.55017
L: -0.00576489 0.047689 0.547666
left
312
gcm: 0.55145 1.08687 0.850424
H: -2.71331 -1.43098 -1.23536
L: -0.00476994 0.0261068 0.480935
left
313
gcm: 0.551125 1.08728 0.85912
H: -2.98003 -1.2964 -0.115339
L: -0.0169056 0.0212612 0.452205
left
314
gcm: 0.55068 1.08756 0.868262
H: -2.28425 -1.1834 0.245699
L: -0.0231301 0.0143276 0.475403
left
315
gcm: 0.550198 1.08768 0.877652
H: -2.51872 -1.24752 0.159571
L: -0.025055 0.00640495 0.488289
left
316
gcm: 0.549839 1.08716 0.886515
H: -3.30542 -1.39639 -0.121301
L: -0.018657 -0.0268271 0.46087
left
317
gcm: 0.549377 1.08642 0.894992
H: -3.53495 -1.23532 0.0937827
L: -0.0240541 -0.0385853 0.440815
left
318
gcm: 0.549051 1.08614 0.903798
H: -3.0061 -1.20244 -0.287968
L: -0.0169484 -0.0147569 0.457872
left
319
gcm: 0.549199 1.0857 0.912875
H: -2.20926 -1.51241 -1.33783
L: 0.00768366 -0.0227502 0.472014
left
320
gcm: 0.549109 1.08508 0.921857
H: -2.04052 -1.40966 -0.713823
L: -0.00464663 -0.0321934 0.467086
left
321
gcm: 0.548768 1.08499 0.931015
H: -3.21778 -1.25377 0.279006
L: -0.0177516 -0.00473749 0.476198
left
322
gcm: 0.548988 1.08528 0.940419
H: -3.78944 -1.44512 -1.06812
L: 0.0114336 0.0151528 0.489002
left
323
gcm: 0.548383 1.08294 0.946593
H: -6.93125 -1.02643 2.29271
L: -0.0314212 -0.121884 0.32105
left
324
gcm: 0.5484 1.08248 0.954399
H: -4.4967 -1.30521 0.0645661
L: 0.000864594 -0.0239055 0.405942
left
325
gcm: 0.548208 1.08372 0.963524
H: -3.67201 -1.10691 1.01004
L: -0.00998643 0.0646596 0.474477
left
326
gcm: 0.549308 1.08636 0.974165
H: -2.22947 -1.77524 -4.40798
L: 0.0571931 0.137143 0.553336
left
327
gcm: 0.549213 1.08648 0.982297
H: -4.70902 -1.32328 -0.173539
L: -0.00494644 0.00620506 0.422867
left
328
gcm: 0.549173 1.08711 0.990473
H: -5.56834 -1.35184 0.357587
L: -0.00205022 0.0326666 0.425121
left
329
gcm: 0.549015 1.08738 0.999054
H: -5.27154 -1.20318 0.98459
L: -0.0082391 0.0140182 0.446236
left
330
gcm: 0.549153 1.08803 1.0078
H: -5.54512 -1.33316 0.117963
L: 0.00716552 0.0340294 0.454806
left
331
gcm: 0.549277 1.08882 1.01635
H: -5.34982 -1.31632 0.155147
L: 0.0064401 0.040787 0.444496
left
332
gcm: 0.5494 1.08875 1.02484
H: -5.35423 -1.39255 0.0303227
L: 0.00640588 -0.00315742 0.441807
left
333
gcm: 0.549939 1.08846 1.03327
H: -5.24022 -1.37993 -0.965301
L: 0.0280428 -0.0152875 0.438365
left
334
gcm: 0.550486 1.08833 1.04184
H: -5.08988 -1.38759 -0.859701
L: 0.028441 -0.00685701 0.445184
left
335
gcm: 0.550783 1.08824 1.05052
H: -4.65206 -1.32491 -0.195964
L: 0.0154671 -0.00441413 0.451797
left
336
gcm: 0.550841 1.08896 1.05882
H: -4.42873 -1.20487 1.02674
L: 0.00301328 0.0370427 0.431329
left
337
gcm: 0.551157 1.09006 1.06694
H: -5.57889 -1.07454 1.10403
L: 0.0163977 0.057193 0.422396
left
338
gcm: 0.551864 1.09007 1.0754
H: -5.60777 -0.976151 0.427331
L: 0.0367881 0.000916725 0.439906
left
339
gcm: 0.552597 1.0901 1.08384
H: -3.65452 -0.852448 0.424829
L: 0.0381314 0.00135671 0.439042
left
340
gcm: 0.55326 1.09138 1.09192
H: -3.00938 -0.769467 0.448383
L: 0.0344597 0.0664026 0.420064
left
341
gcm: 0.553547 1.09275 1.09914
H: -5.87296 -0.579609 2.12093
L: 0.0148972 0.0713148 0.375377
left
342
gcm: 0.553689 1.09302 1.1087
H: -0.124561 -0.122889 2.45052
L: 0.00741395 0.014034 0.497071
left
343
gcm: 0.554971 1.09317 1.11901
H: 1.66321 -0.176989 0.0534382
L: 0.0666524 0.00793708 0.536192
left
344
gcm: 0.556533 1.09312 1.12829
H: 0.00239229 -0.435734 -0.730766
L: 0.0812234 -0.00251469 0.482541
left
345
gcm: 0.557226 1.09285 1.1373
H: 0.201386 -0.203772 1.1232
L: 0.0360193 -0.0139329 0.4686
left
346
gcm: 0.557958 1.09243 1.14691
H: 1.65288 -0.243863 0.275005
L: 0.0380768 -0.0221207 0.499377
left
347
gcm: 0.558814 1.09158 1.15671
H: 1.94791 -0.369159 -0.204796
L: 0.0445384 -0.0439162 0.509827
left
348
gcm: 0.561109 1.09083 1.16537
H: 0.654194 -0.601877 -2.50333
L: 0.119339 -0.0391444 0.450247
left
349
gcm: 0.562702 1.08916 1.17474
H: 1.90209 -0.19172 -1.27173
L: 0.0828308 -0.0868878 0.487166
left
350
gcm: 0.564307 1.08779 1.18472
H: 3.49983 -0.217681 -1.56737
L: 0.0834316 -0.0711642 0.518788
left
351
gcm: 0.565304 1.08769 1.19414
H: 3.3218 -0.145884 -0.326533
L: 0.0518435 -0.00549281 0.490195
left
352
gcm: 0.566451 1.08828 1.20412
H: 4.68965 -0.24648 -0.308363
L: 0.0596482 0.0309447 0.51899
left
353
gcm: 0.567966 1.08985 1.21446
H: 4.97142 -0.179588 -1.00487
L: 0.0787813 0.0813784 0.537755
left
354
gcm: 0.569889 1.09067 1.2249
H: 4.79708 -0.303558 -1.74258
L: 0.0999978 0.0426698 0.542904
left
355
gcm: 0.571777 1.09114 1.2349
H: 4.27593 -0.351649 -1.41357
L: 0.0981921 0.0247842 0.519582
left
356
gcm: 0.57388 1.09163 1.24506
H: 4.70915 -0.455332 -1.96127
L: 0.109373 0.025238 0.528448
none 
357
gcm: 0.576035 1.09208 1.25519
H: 4.3136 -0.236047 -1.85363
L: 0.112046 0.0232825 0.526716
none 
358
gcm: 0.577975 1.09141 1.26653
H: 7.87013 -0.15917 -1.423
L: 0.100845 -0.0346234 0.589749
none 
359
gcm: 0.579743 1.09175 1.27801
H: 9.05652 -0.259688 -0.953783
L: 0.0919818 0.017664 0.596965
none 
360
gcm: 0.581529 1.09231 1.28878
H: 6.52934 -0.322703 -1.68939
L: 0.0928267 0.0291567 0.559874
right
361
gcm: 0.583538 1.09241 1.29945
H: 6.09346 -0.376563 -2.47417
L: 0.104476 0.00529914 0.555023
right
362
gcm: 0.585349 1.09235 1.30971
H: 7.05839 -0.425919 -1.37577
L: 0.0942086 -0.00356826 0.53376
right
363
gcm: 0.586892 1.09268 1.32046
H: 8.45991 -0.366003 -0.960178
L: 0.0802164 0.0175842 0.558877
right
364
gcm: 0.58884 1.0941 1.33201
H: 4.72529 -0.0433612 -0.878431
L: 0.101274 0.0735476 0.600519
right
365
gcm: 0.590818 1.09535 1.34218
H: 7.47812 -0.225639 -2.67604
L: 0.102894 0.0650628 0.528874
right
366
gcm: 0.592375 1.09591 1.352
H: 3.65254 -0.308068 0.712465
L: 0.080967 0.0293179 0.510509
right
367
gcm: 0.593806 1.09617 1.36085
H: 6.92393 -0.465279 -1.81106
L: 0.0743869 0.0135089 0.460211
right
368
gcm: 0.595083 1.09642 1.37009
H: -0.802493 0.474825 1.10585
L: 0.0664161 0.0128061 0.48073
right
369
gcm: 0.596798 1.09705 1.38088
H: 8.54092 -0.571374 -1.4312
L: 0.0891737 0.0327766 0.561026
right
370
gcm: 0.598671 1.10139 1.39253
H: 3.6824 -0.111898 -1.26975
L: 0.0974137 0.225499 0.605447
right
371
gcm: 0.600174 1.0996 1.40058
H: 2.51095 0.132116 -1.70175
L: 0.0781254 -0.0929048 0.418629
right
372
gcm: 0.601519 1.09993 1.40977
H: 2.24435 0.332675 -1.11373
L: 0.0699303 0.0173097 0.47786
right
373
gcm: 0.602816 1.1006 1.41985
H: 3.15439 0.0875165 -0.210228
L: 0.0674437 0.0348746 0.524392
right
374
gcm: 0.603301 1.10212 1.428
H: -4.26319 0.679813 3.54324
L: 0.0252155 0.0786645 0.423693
right
375
gcm: 0.604508 1.10372 1.43775
H: 2.97379 0.544506 -1.24876
L: 0.0627803 0.0835821 0.507284
right
376
gcm: 0.604739 1.10452 1.44437
H: -2.61085 0.768483 1.37656
L: 0.0119971 0.0412389 0.344259
right
377
gcm: 0.605994 1.10485 1.45596
H: 4.50769 0.457867 1.12398
L: 0.065263 0.0174653 0.602205
right
378
gcm: 0.606353 1.10567 1.46339
H: -3.69335 1.14935 1.26794
L: 0.0186931 0.0425519 0.3865
right
379
gcm: 0.607719 1.10733 1.47441
H: 1.41413 0.747699 0.0516808
L: 0.0710166 0.0862146 0.573257
right
380
gcm: 0.608736 1.10891 1.48259
H: -2.43099 0.904248 -0.368318
L: 0.0529118 0.0823227 0.425158
right
381
gcm: 0.610279 1.10947 1.49244
H: 0.728692 0.668968 -1.25315
L: 0.0802076 0.0291224 0.512194
right
382
gcm: 0.611056 1.11025 1.50107
H: -2.10608 1.08301 1.54635
L: 0.0404026 0.040338 0.448819
right
383
gcm: 0.612124 1.11075 1.50963
H: -2.43608 1.05482 0.41111
L: 0.0555668 0.0263255 0.444929
right
384
gcm: 0.61371 1.11068 1.5186
H: -0.83348 0.79929 -2.17335
L: 0.0824394 -0.00379033 0.46662
right
385
gcm: 0.614837 1.11077 1.52851
H: -0.0802281 0.91145 -1.15538
L: 0.0586449 0.00487033 0.515262
right
386
gcm: 0.614595 1.11012 1.53563
H: -5.0156 1.78522 3.81628
L: -0.0126144 -0.0341107 0.370444
right
387
gcm: 0.614347 1.10952 1.54306
H: -4.92836 1.68275 3.89854
L: -0.0128855 -0.0308339 0.386381
right
388
gcm: 0.615254 1.1096 1.55174
H: -1.99752 1.10208 0.577436
L: 0.0471727 0.00381175 0.451306
right
389
gcm: 0.618204 1.10997 1.56338
H: 2.73101 0.00953033 -6.43999
L: 0.153397 0.0191416 0.605403
right
390
gcm: 0.618775 1.10922 1.57156
H: -5.42765 1.45745 1.25353
L: 0.0296986 -0.0389171 0.424943
right
391
gcm: 0.619854 1.1077 1.58111
H: -2.62594 1.03055 -0.848307
L: 0.0560978 -0.079038 0.496643
right
392
gcm: 0.620782 1.10681 1.59067
H: -1.91239 0.878163 -0.211164
L: 0.0482284 -0.0463698 0.497389
right
393
gcm: 0.621564 1.10544 1.5994
H: -2.95181 1.06203 0.401945
L: 0.0406824 -0.0709365 0.45412
right
394
gcm: 0.62224 1.10417 1.60799
H: -3.87958 1.16305 1.14876
L: 0.0351755 -0.065914 0.446255
right
395
gcm: 0.622842 1.10349 1.61667
H: -4.8875 1.24941 0.659249
L: 0.0312567 -0.0356239 0.451667
right
396
gcm: 0.623799 1.10272 1.62537
H: -2.98058 1.00058 -0.632508
L: 0.0498087 -0.0397938 0.452234
right
397
gcm: 0.62429 1.10215 1.63454
H: -3.51018 1.15895 1.12285
L: 0.0254979 -0.0297464 0.476777
right
398
gcm: 0.624564 1.10098 1.64333
H: -5.74507 1.3235 1.74531
L: 0.0142459 -0.0611421 0.457217
right
399
gcm: 0.625406 1.1001 1.65198
H: -3.99374 1.05771 -0.692161
L: 0.0438236 -0.0455583 0.449774
right
400
gcm: 0.626626 1.10124 1.66202
H: -3.15278 0.572676 -2.53789
L: 0.0634126 0.0590478 0.522236
right
401
gcm: 0.6267 1.10265 1.66979
H: -7.00548 1.37158 1.36146
L: 0.00386036 0.0734749 0.403736
right
402
gcm: 0.626894 1.1025 1.67772
H: -6.03572 0.897412 0.972384
L: 0.0100743 -0.0075221 0.412557
right
403
gcm: 0.627481 1.10199 1.68645
H: -5.91133 1.12502 -0.166709
L: 0.0305476 -0.0266459 0.453956
right
404
gcm: 0.628217 1.10193 1.69517
H: -6.52326 1.09345 -0.0955094
L: 0.0382315 -0.00323497 0.453363
right
405
gcm: 0.628722 1.10201 1.70371
H: -5.85474 1.14244 0.450282
L: 0.0262908 0.00401313 0.443965
right
406
gcm: 0.628686 1.10177 1.71254
H: -5.82599 1.14565 0.349992
L: -0.00189693 -0.0121333 0.459525
right
407
gcm: 0.628121 1.10137 1.72193
H: -7.66268 1.10522 1.68524
L: -0.029359 -0.0211463 0.487998
right
408
gcm: 0.628219 1.10139 1.73
H: -4.16325 0.771332 -0.228889
L: 0.00509498 0.00109843 0.419554
right
409
gcm: 0.628376 1.10207 1.73789
H: -2.92783 0.631487 -0.367161
L: 0.00816321 0.0357017 0.410601
right
410
gcm: 0.628251 1.10294 1.74761
H: -8.23738 0.873557 1.00814
L: -0.00651847 0.0450182 0.5055
right
411
gcm: 0.628595 1.10333 1.75509
H: -3.75961 0.646645 -0.529447
L: 0.0178924 0.0204613 0.388779
right
412
gcm: 0.629481 1.10355 1.76395
H: -7.78514 0.379483 -2.25471
L: 0.0460903 0.0111635 0.460822
right
413
gcm: 0.630338 1.10341 1.77277
H: -0.744584 0.0890635 -2.66234
L: 0.0445794 -0.0073079 0.458359
right
414
gcm: 0.63102 1.10282 1.78298
H: -1.37526 0.106806 -2.47845
L: 0.0354301 -0.0307381 0.530902
right
414
gcm: 0.63102 1.10282 1.78298
H: 0 0 0
L: 0 0 0
none 
