:metadata
 
Skeleton: /Network/Servers/duerer/Volumes/duerer/laturnus/workspace/new_acm/asf/07-walk.asf
Motion: /Network/Servers/duerer/Volumes/duerer/laturnus/workspace/new_acm/amc/07_01-walk.amc
Mass Distribution: /Network/Servers/duerer/Volumes/duerer/laturnus/workspace/new_acm/amd/clauser1969.amd
 
Inital skeleton translation: 0 0 0
Initial skeleton rotation: 0 0 0
 
:data
1
gcm: 0.540897 1.00853 -1.88775
H: 6.845 0.799335 2.31469
L: -0.0747114 -0.00683554 0.678232
none 
2
gcm: 0.539881 1.00865 -1.87467
H: 7.02745 0.58731 0.34109
L: -0.0528747 0.00652833 0.680267
none 
3
gcm: 0.53864 1.00946 -1.86169
H: 6.15962 0.898844 0.350392
L: -0.0645272 0.041764 0.674955
none 
4
gcm: 0.53775 1.00896 -1.84664
H: 12.2595 0.687044 1.08143
L: -0.0462689 -0.0257526 0.782441
left
5
gcm: 0.536981 1.00903 -1.8317
H: 11.6357 0.564615 1.45109
L: -0.0399699 0.00351421 0.77679
left
6
gcm: 0.536183 1.00989 -1.81755
H: 9.59154 0.450935 0.796332
L: -0.0414899 0.0449429 0.735927
left
7
gcm: 0.535534 1.01104 -1.80366
H: 8.62007 0.548128 -0.621222
L: -0.0337584 0.0595318 0.72211
left
8
gcm: 0.534925 1.01229 -1.78972
H: 8.00767 0.59344 -0.528167
L: -0.0316932 0.0651309 0.725037
left
9
gcm: 0.533869 1.01338 -1.77618
H: 6.65469 0.443739 0.671376
L: -0.0548886 0.0567406 0.703988
left
10
gcm: 0.532762 1.01453 -1.76297
H: 5.74989 0.281696 1.05054
L: -0.0575756 0.0599792 0.686952
left
11
gcm: 0.532051 1.01641 -1.75015
H: 5.81607 0.208255 0.291611
L: -0.0369849 0.0975864 0.666587
left
12
gcm: 0.53128 1.01826 -1.73783
H: 4.29199 0.125054 0.681322
L: -0.0400924 0.0962771 0.640892
left
13
gcm: 0.530298 1.02011 -1.72494
H: -2.39629 -0.807099 -1.09046
L: -0.0510537 0.095863 0.670239
left
14
gcm: 0.529513 1.0225 -1.71152
H: -0.24096 -0.360788 4.55679
L: -0.0408331 0.124725 0.697504
left
15
gcm: 0.528524 1.02501 -1.69995
H: 0.931614 -0.689062 0.0183431
L: -0.0514141 0.130319 0.601945
left
16
gcm: 0.528315 1.02733 -1.68689
H: -1.35109 -0.986971 -0.221252
L: -0.0108867 0.120762 0.678935
left
17
gcm: 0.528014 1.03014 -1.67457
H: -1.01503 -1.05723 -0.686956
L: -0.0156045 0.145892 0.640778
left
18
gcm: 0.528022 1.03268 -1.66261
H: -0.892072 -1.13561 -1.24213
L: 0.000390781 0.132127 0.621995
left
19
gcm: 0.528336 1.03422 -1.65071
H: -0.373508 -1.11909 -2.16913
L: 0.0163188 0.0802404 0.618695
left
20
gcm: 0.528309 1.03539 -1.6388
H: -0.0471867 -0.983365 -1.63466
L: -0.00138988 0.0604573 0.619391
left
21
gcm: 0.528158 1.03704 -1.62696
H: -2.06792 -1.30154 -0.215955
L: -0.00785906 0.0860859 0.615314
left
22
gcm: 0.528048 1.03898 -1.61514
H: 2.47017 -0.182841 -3.55307
L: -0.00571302 0.10109 0.615147
left
23
gcm: 0.527614 1.04043 -1.6036
H: -6.61 -2.70498 2.77191
L: -0.0225979 0.0750683 0.59962
left
24
gcm: 0.527068 1.04119 -1.59232
H: -2.36882 -1.5104 0.483652
L: -0.0283593 0.0397447 0.586676
left
25
gcm: 0.526803 1.04177 -1.58068
H: -2.43243 -1.45569 0.141802
L: -0.0137752 0.0302394 0.605386
left
26
gcm: 0.52682 1.04204 -1.56874
H: 1.55171 -0.805497 -3.18804
L: 0.000853525 0.0136648 0.620638
left
27
gcm: 0.526944 1.04193 -1.55719
H: 2.01632 -1.07894 -3.32563
L: 0.00646011 -0.00533974 0.600979
left
28
gcm: 0.526949 1.04196 -1.54576
H: -1.86219 -1.68595 -1.68764
L: 0.00026682 0.00121024 0.594215
left
29
gcm: 0.526881 1.0418 -1.534
H: -5.1534 -2.116 -0.0608128
L: -0.00354587 -0.00813687 0.611708
left
30
gcm: 0.5269 1.04101 -1.52231
H: -6.54043 -2.44724 0.14241
L: 0.00100197 -0.0413611 0.607596
left
31
gcm: 0.526711 1.04011 -1.51075
H: -7.55364 -1.97191 2.03271
L: -0.00980901 -0.0463112 0.601329
left
32
gcm: 0.526336 1.03929 -1.49937
H: -4.7879 -1.81249 1.77837
L: -0.0195059 -0.0430765 0.591413
left
33
gcm: 0.526367 1.03823 -1.4879
H: -2.9057 -1.99208 0.0909714
L: 0.00157278 -0.0549167 0.596632
left
34
gcm: 0.526619 1.03794 -1.47614
H: -4.43404 -2.10463 -1.38287
L: 0.0131169 -0.0150594 0.611401
left
35
gcm: 0.526676 1.03809 -1.46443
H: -4.5461 -2.052 -0.804036
L: 0.00298139 0.00784011 0.608899
left
36
gcm: 0.52662 1.03726 -1.45305
H: -4.09188 -2.07565 0.821991
L: -0.00289812 -0.0434463 0.591776
left
37
gcm: 0.526578 1.03629 -1.44173
H: -5.24132 -1.98213 0.0295512
L: -0.00223125 -0.0501925 0.588616
left
38
gcm: 0.526532 1.03564 -1.43025
H: -4.93715 -2.02696 0.0407717
L: -0.0023865 -0.0339292 0.597191
left
39
gcm: 0.526403 1.03557 -1.41867
H: -4.90547 -1.87491 0.533026
L: -0.00668715 -0.00381347 0.602055
left
40
gcm: 0.526432 1.03635 -1.40717
H: -6.28522 -1.55632 -0.529274
L: 0.00148113 0.0410319 0.597945
left
41
gcm: 0.526825 1.03656 -1.39585
H: -7.0723 -1.62596 -0.948794
L: 0.0204426 0.0106438 0.588728
left
42
gcm: 0.527161 1.03602 -1.38451
H: -7.07157 -1.61229 -0.143727
L: 0.0174794 -0.0280536 0.589907
left
43
gcm: 0.527471 1.0356 -1.37309
H: -6.21438 -1.72034 -1.07526
L: 0.0161472 -0.0220045 0.593854
left
44
gcm: 0.527835 1.03529 -1.36187
H: -5.71694 -1.7586 -1.91334
L: 0.0189277 -0.015723 0.583201
left
45
gcm: 0.528129 1.03492 -1.3509
H: -6.27372 -1.50018 -0.650423
L: 0.0152477 -0.0191986 0.570487
left
46
gcm: 0.528334 1.03442 -1.33993
H: -6.54099 -1.18748 0.317549
L: 0.0106878 -0.0264568 0.570502
left
47
gcm: 0.528439 1.03427 -1.32869
H: -5.57218 -1.00736 0.755046
L: 0.00546164 -0.00754776 0.584304
left
48
gcm: 0.528873 1.03437 -1.31706
H: -4.39432 -1.07532 0.69489
L: 0.0225407 0.00513642 0.604736
left
49
gcm: 0.529508 1.03418 -1.30553
H: -3.77366 -0.863277 0.325259
L: 0.0330611 -0.00961379 0.599798
left
50
gcm: 0.529905 1.03405 -1.29416
H: -3.38683 -0.54751 0.891164
L: 0.0206125 -0.00684806 0.591215
left
51
gcm: 0.530456 1.03367 -1.28227
H: -2.57326 -1.00902 -0.0921485
L: 0.0286625 -0.0196848 0.618143
left
52
gcm: 0.531172 1.03394 -1.27043
H: -1.82746 -0.908022 0.269052
L: 0.0372216 0.0138435 0.615462
left
53
gcm: 0.531938 1.03424 -1.25944
H: -3.16006 -0.710748 0.393334
L: 0.0398531 0.0156635 0.571537
left
54
gcm: 0.532595 1.03407 -1.24728
H: 1.99162 -0.52249 -0.210644
L: 0.0341691 -0.00901624 0.632736
left
55
gcm: 0.53347 1.03331 -1.23507
H: 1.30257 -0.408213 -0.0695603
L: 0.0454788 -0.0393614 0.634484
left
56
gcm: 0.534378 1.03244 -1.2228
H: 2.34524 -0.316065 -0.165651
L: 0.0472067 -0.0452914 0.638056
left
57
gcm: 0.53512 1.03176 -1.21049
H: 3.63487 -0.216747 -0.108143
L: 0.0385991 -0.0353309 0.640205
left
58
gcm: 0.535864 1.03095 -1.19814
H: 4.54176 -0.112572 0.278605
L: 0.038701 -0.04226 0.642476
left
59
gcm: 0.536822 1.03034 -1.18554
H: 6.01733 -0.431918 -0.299255
L: 0.0498287 -0.0314055 0.654877
left
60
gcm: 0.537937 1.03059 -1.17265
H: 7.16701 -0.448494 -0.885639
L: 0.0579606 0.0126424 0.670422
left
61
gcm: 0.539277 1.03166 -1.15962
H: 6.4433 -0.44329 -1.32333
L: 0.0696807 0.0558491 0.677475
left
62
gcm: 0.540964 1.03254 -1.14672
H: 4.30423 -0.413954 -1.85995
L: 0.0877123 0.0456071 0.670879
left
63
gcm: 0.542579 1.03306 -1.13393
H: 5.16261 -0.414823 -1.30335
L: 0.0839691 0.0270768 0.665007
left
64
gcm: 0.543894 1.03382 -1.12153
H: 5.7288 -0.325184 -0.479754
L: 0.0683866 0.0394763 0.64482
left
65
gcm: 0.545474 1.03477 -1.10896
H: 5.83055 -0.550222 -0.826052
L: 0.0821964 0.04963 0.653712
none 
66
gcm: 0.547191 1.03517 -1.09475
H: 9.89457 -0.763642 -1.21616
L: 0.089284 0.0209086 0.738695
right
67
gcm: 0.548458 1.03541 -1.08041
H: 9.93533 -0.717257 -0.0181437
L: 0.0658601 0.0124359 0.746145
right
68
gcm: 0.549648 1.03573 -1.06655
H: 8.68828 -0.523711 0.357906
L: 0.0618933 0.016278 0.72055
right
69
gcm: 0.550915 1.03662 -1.05307
H: 8.01866 -0.392275 0.167583
L: 0.0658451 0.046343 0.70107
right
70
gcm: 0.552059 1.03758 -1.03965
H: 7.84812 -0.393199 0.127935
L: 0.0595079 0.050028 0.697612
right
71
gcm: 0.55356 1.03892 -1.02635
H: 7.0341 -0.560424 -0.949225
L: 0.0780513 0.0698786 0.691464
right
72
gcm: 0.555576 1.04068 -1.01331
H: 6.47794 -0.582377 -2.22664
L: 0.104863 0.0914898 0.678202
right
73
gcm: 0.557446 1.04179 -1.00037
H: 5.41926 -0.202392 -1.35388
L: 0.0972325 0.057485 0.67321
right
74
gcm: 0.558896 1.04307 -0.987846
H: 3.21493 0.0168231 0.430308
L: 0.0753608 0.0666709 0.650968
right
75
gcm: 0.56007 1.04559 -0.976167
H: 5.39088 -0.601851 -2.50656
L: 0.0610893 0.131231 0.607316
right
76
gcm: 0.561271 1.048 -0.964388
H: 3.90721 -0.279606 -2.0223
L: 0.0624132 0.125012 0.612501
right
77
gcm: 0.562409 1.04999 -0.952328
H: 2.29016 -0.137004 -1.01013
L: 0.0592142 0.103616 0.627157
right
78
gcm: 0.563457 1.05234 -0.940535
H: 1.16958 -0.156331 -0.421981
L: 0.0544564 0.122307 0.613214
right
79
gcm: 0.564467 1.05468 -0.929099
H: 0.173954 0.146808 -0.415088
L: 0.0525656 0.121273 0.59466
right
80
gcm: 0.565082 1.05713 -0.917499
H: -0.549853 0.628556 0.603871
L: 0.0319463 0.127438 0.603242
right
81
gcm: 0.565243 1.05964 -0.905803
H: -0.762336 1.01901 1.56125
L: 0.00838326 0.130823 0.608183
right
82
gcm: 0.565448 1.06207 -0.894478
H: -0.550621 1.1066 1.13261
L: 0.0106503 0.126373 0.588883
right
83
gcm: 0.566024 1.06475 -0.883402
H: -1.26272 1.07736 0.241627
L: 0.0299739 0.139279 0.575942
right
84
gcm: 0.566687 1.06673 -0.87232
H: -1.55745 1.03867 0.309132
L: 0.0344409 0.102729 0.576258
right
85
gcm: 0.567144 1.06786 -0.861372
H: -1.65658 1.33128 0.540221
L: 0.0237835 0.0591621 0.56933
right
86
gcm: 0.567364 1.06924 -0.850726
H: -1.97767 1.39239 0.840333
L: 0.0114343 0.0713684 0.553556
right
87
gcm: 0.567736 1.07057 -0.839856
H: -3.45418 1.7352 -0.154609
L: 0.0193464 0.0692909 0.565289
right
88
gcm: 0.568468 1.07193 -0.82844
H: -2.81618 1.5721 -1.09877
L: 0.038047 0.0705761 0.593607
right
89
gcm: 0.569081 1.07313 -0.817078
H: -3.00479 1.53526 -0.986548
L: 0.0318741 0.0627286 0.590814
right
90
gcm: 0.569545 1.07383 -0.805989
H: -4.01223 1.56136 -0.354138
L: 0.0241595 0.0363572 0.576622
right
91
gcm: 0.569686 1.07439 -0.795005
H: -4.17308 1.73765 0.952236
L: 0.00734143 0.0288702 0.5712
right
92
gcm: 0.569847 1.07425 -0.784149
H: -3.48021 1.67304 0.950998
L: 0.0083747 -0.00736959 0.564472
right
93
gcm: 0.570504 1.07358 -0.773121
H: -2.9587 1.52209 -0.608555
L: 0.0341322 -0.0345537 0.573472
right
94
gcm: 0.571327 1.07283 -0.761795
H: -2.68587 1.69234 -0.0805467
L: 0.0428289 -0.0391028 0.588973
right
95
gcm: 0.571634 1.07194 -0.750569
H: -2.42639 1.67072 -0.0898786
L: 0.0159176 -0.0460881 0.58375
right
96
gcm: 0.571809 1.07097 -0.739196
H: -2.02931 1.52362 0.113662
L: 0.00914018 -0.0503511 0.591384
right
97
gcm: 0.572247 1.06982 -0.727561
H: -2.86654 1.37279 0.551617
L: 0.0227507 -0.0600977 0.605002
right
98
gcm: 0.57275 1.06865 -0.716176
H: -3.55359 1.30845 0.175932
L: 0.0261447 -0.0607994 0.592054
right
99
gcm: 0.573269 1.06735 -0.7048
H: -3.52737 1.33408 0.0812296
L: 0.0270202 -0.0675907 0.591562
right
100
gcm: 0.573451 1.06571 -0.693456
H: -3.68538 1.47226 0.619421
L: 0.00947261 -0.085461 0.58985
right
101
gcm: 0.573742 1.06404 -0.682163
H: -3.74363 1.45316 0.0749371
L: 0.0150893 -0.0866104 0.587243
right
102
gcm: 0.574536 1.06265 -0.67064
H: -4.54566 1.18884 -0.723769
L: 0.0412867 -0.0721814 0.599187
right
103
gcm: 0.574917 1.06151 -0.659448
H: -6.03903 1.21492 0.372782
L: 0.0198213 -0.0595802 0.581983
right
104
gcm: 0.574759 1.06099 -0.648585
H: -6.0562 1.43436 1.07399
L: -0.0081899 -0.0270149 0.56487
right
105
gcm: 0.57495 1.06051 -0.637495
H: -5.68194 1.40615 0.106166
L: 0.00990999 -0.0249303 0.576684
right
106
gcm: 0.575445 1.05948 -0.626244
H: -6.2148 1.40256 -0.341097
L: 0.0257348 -0.053261 0.585071
right
107
gcm: 0.575859 1.0587 -0.615195
H: -6.9159 1.26289 -0.197623
L: 0.0215334 -0.0405119 0.574536
right
108
gcm: 0.576142 1.05789 -0.604074
H: -6.7717 1.13547 -0.152304
L: 0.0147017 -0.042597 0.578297
right
109
gcm: 0.57621 1.05667 -0.593035
H: -6.76149 1.25832 -0.0124361
L: 0.00356159 -0.0632609 0.574057
right
110
gcm: 0.576089 1.05565 -0.582548
H: -8.04847 1.19944 -0.227702
L: -0.00629146 -0.0531515 0.54531
right
111
gcm: 0.575921 1.05526 -0.571586
H: -7.90604 1.28281 -0.246167
L: -0.00874912 -0.0202428 0.569997
right
112
gcm: 0.575904 1.05496 -0.559405
H: -4.36897 0.994755 -0.503425
L: -0.000895379 -0.0152402 0.633413
right
113
gcm: 0.576097 1.05425 -0.54719
H: -3.52859 0.75236 -1.05022
L: 0.010065 -0.0372521 0.635191
right
114
gcm: 0.576288 1.05363 -0.535099
H: -3.72388 0.498553 -0.843019
L: 0.00991562 -0.0320283 0.628763
right
115
gcm: 0.576024 1.05339 -0.522485
H: -3.0998 0.871554 0.247969
L: -0.0137212 -0.0127149 0.655883
right
116
gcm: 0.57593 1.05276 -0.509528
H: -1.97028 0.902606 -0.754211
L: -0.00489503 -0.0327118 0.67377
right
117
gcm: 0.575966 1.05209 -0.496937
H: -0.973568 0.843452 -0.559158
L: 0.00185944 -0.0345293 0.65477
right
118
gcm: 0.575851 1.05152 -0.484426
H: -0.247743 0.627063 0.460778
L: -0.00595124 -0.0300788 0.650545
right
119
gcm: 0.575298 1.05057 -0.471967
H: 0.551859 0.614056 1.20562
L: -0.0287554 -0.0493369 0.647849
right
120
gcm: 0.57491 1.04945 -0.459729
H: 0.820141 0.643983 -0.103153
L: -0.020181 -0.0582841 0.636405
right
121
gcm: 0.574803 1.04864 -0.447517
H: 1.74932 0.447981 -0.76301
L: -0.00555065 -0.042143 0.635037
right
122
gcm: 0.574198 1.04776 -0.435514
H: 2.6277 0.47465 0.65225
L: -0.0314995 -0.0457348 0.624128
right
123
gcm: 0.574447 1.04614 -0.420932
H: 6.19973 0.2018 -0.757143
L: 0.0129832 -0.0842776 0.758286
right
124
gcm: 0.572048 1.04483 -0.410439
H: 2.07629 1.03982 4.61187
L: -0.124748 -0.0679131 0.545647
right
125
gcm: 0.570731 1.04324 -0.39856
H: 4.70411 0.958306 2.58379
L: -0.068493 -0.0828503 0.61767
right
126
gcm: 0.570062 1.0416 -0.385604
H: 6.62348 0.972742 1.66484
L: -0.0348117 -0.0851736 0.673712
right
127
gcm: 0.569041 1.04098 -0.37213
H: 6.68842 0.950111 1.56569
L: -0.0530539 -0.0319381 0.700686
right
128
gcm: 0.567451 1.04167 -0.3585
H: 5.5179 0.768377 1.14107
L: -0.0827106 0.0355634 0.708762
right
129
gcm: 0.565945 1.04243 -0.345014
H: 6.29016 0.477361 1.16616
L: -0.0783092 0.0394223 0.701263
right
130
gcm: 0.564526 1.04282 -0.33204
H: 7.12537 0.540352 1.76708
L: -0.0737921 0.0206682 0.674634
none 
131
gcm: 0.562896 1.04312 -0.318974
H: 6.79579 0.844576 1.73781
L: -0.0847531 0.0155231 0.679423
none 
132
gcm: 0.561466 1.04345 -0.305649
H: 6.74913 1.14562 0.718475
L: -0.0743679 0.0169268 0.692907
none 
133
gcm: 0.560141 1.04401 -0.292075
H: 7.52084 1.19786 -0.418028
L: -0.0688575 0.0291089 0.70584
none 
134
gcm: 0.558871 1.04471 -0.27857
H: 6.59818 0.982288 -0.208237
L: -0.0660797 0.0365187 0.702288
none 
135
gcm: 0.558111 1.04427 -0.263561
H: 13.3351 0.756338 -0.44189
L: -0.0395301 -0.0229442 0.780459
left
136
gcm: 0.557281 1.04484 -0.249947
H: 9.84469 0.348009 -0.700249
L: -0.0431121 0.0298265 0.707902
left
137
gcm: 0.556519 1.04582 -0.235114
H: 9.4305 0.475054 0.351906
L: -0.039628 0.0507907 0.771348
left
138
gcm: 0.555207 1.04726 -0.221114
H: 9.60524 1.65645 0.264693
L: -0.068262 0.0750827 0.727976
left
139
gcm: 0.55384 1.04871 -0.207612
H: 6.97024 0.626257 1.50501
L: -0.0710579 0.0752349 0.702097
left
140
gcm: 0.552571 1.05026 -0.194434
H: 5.16298 0.176251 1.22123
L: -0.0659734 0.0805183 0.685257
left
141
gcm: 0.551153 1.05189 -0.181641
H: 3.31373 0.0580624 1.85638
L: -0.0737509 0.084929 0.665237
left
142
gcm: 0.54977 1.05341 -0.169038
H: 2.78692 0.0155713 2.3979
L: -0.0719463 0.0789058 0.655392
left
143
gcm: 0.549014 1.05525 -0.156243
H: 1.29264 -0.205376 1.43149
L: -0.0392778 0.0955561 0.665301
left
144
gcm: 0.548532 1.05742 -0.143165
H: 1.31633 -0.593345 0.0186054
L: -0.0250827 0.112806 0.680086
left
145
gcm: 0.547921 1.05958 -0.130341
H: 1.11943 -0.468716 0.410558
L: -0.031755 0.112496 0.666828
left
146
gcm: 0.5476 1.06186 -0.118119
H: 0.933408 -0.605711 -0.821127
L: -0.0167272 0.118782 0.635531
left
147
gcm: 0.547408 1.06419 -0.106211
H: -0.940959 -1.18313 -1.34477
L: -0.00995992 0.120801 0.619214
left
148
gcm: 0.547128 1.06631 -0.0945333
H: -3.30256 -1.73165 -0.955275
L: -0.0145343 0.110592 0.607258
left
149
gcm: 0.547197 1.06832 -0.0824485
H: -2.21173 -1.67334 -0.788535
L: 0.00356035 0.10416 0.628413
left
150
gcm: 0.54701 1.07027 -0.0704551
H: -0.545506 -1.15016 -0.186157
L: -0.0097156 0.101812 0.623655
left
151
gcm: 0.546228 1.07235 -0.0589947
H: -0.493287 -0.965854 -0.333054
L: -0.0406643 0.1082 0.595941
left
152
gcm: 0.545975 1.07456 -0.0469614
H: -1.04068 -1.48392 -1.69927
L: -0.013157 0.114711 0.625728
left
153
gcm: 0.546247 1.07655 -0.0342661
H: -1.73599 -1.6727 -2.13379
L: 0.0141168 0.103512 0.660155
left
154
gcm: 0.544354 1.0769 -0.0246297
H: -4.93734 -1.01502 4.7683
L: -0.0984135 0.0178715 0.501097
left
155
gcm: 0.544413 1.07748 -0.0125347
H: -1.15849 -1.66908 -1.36673
L: 0.00307539 0.0304769 0.628938
left
156
gcm: 0.544797 1.0782 -0.00100219
H: -2.20907 -1.78932 -2.60404
L: 0.0199772 0.0374623 0.59969
left
157
gcm: 0.544721 1.07885 0.0105637
H: -1.96277 -1.53722 -0.913587
L: -0.0039425 0.0336825 0.601429
left
158
gcm: 0.544206 1.07861 0.0219218
H: -3.50279 -1.60313 0.451959
L: -0.0267831 -0.0126832 0.590621
left
159
gcm: 0.543717 1.07729 0.0329686
H: -3.80885 -1.52391 -0.208729
L: -0.0254692 -0.0684979 0.574429
left
160
gcm: 0.543618 1.07735 0.0449298
H: -2.84397 -1.59291 -0.930845
L: -0.00513088 0.00322319 0.621985
left
161
gcm: 0.543521 1.07695 0.0570646
H: -3.26417 -1.70585 -0.288656
L: -0.00503888 -0.0206481 0.631012
left
162
gcm: 0.543132 1.07647 0.0687031
H: -4.83638 -1.75422 0.586931
L: -0.0202327 -0.0249795 0.605202
left
163
gcm: 0.542727 1.07607 0.0799261
H: -4.47039 -1.61909 -0.0117026
L: -0.0210679 -0.0207253 0.583595
left
164
gcm: 0.542749 1.07584 0.091663
H: -3.12995 -1.73261 -0.980759
L: 0.00114414 -0.0121209 0.610318
left
165
gcm: 0.543098 1.07601 0.103878
H: -3.05309 -1.92995 -1.16201
L: 0.0181649 0.00861372 0.635155
left
166
gcm: 0.542884 1.07599 0.115309
H: -5.18345 -1.79202 0.515973
L: -0.0111587 -0.00101673 0.594414
left
167
gcm: 0.542294 1.0759 0.126123
H: -6.15657 -1.65906 1.42109
L: -0.0306777 -0.00447548 0.562335
left
168
gcm: 0.542045 1.07659 0.137404
H: -5.13289 -1.78497 0.166409
L: -0.0129267 0.0357976 0.586619
left
169
gcm: 0.54184 1.07718 0.14891
H: -5.78289 -1.79783 0.0207698
L: -0.0106762 0.0305035 0.598296
left
170
gcm: 0.541741 1.07676 0.160473
H: -6.15032 -1.75743 -0.101697
L: -0.00513891 -0.0216653 0.601324
left
171
gcm: 0.542014 1.07633 0.172069
H: -6.15489 -1.82888 -0.952507
L: 0.0141978 -0.0223028 0.602983
left
172
gcm: 0.542273 1.07568 0.183146
H: -5.67278 -1.84211 -0.990028
L: 0.0134914 -0.0336603 0.575986
left
173
gcm: 0.54222 1.07463 0.194291
H: -5.97261 -1.7781 -0.401384
L: -0.00275733 -0.0546327 0.579538
left
174
gcm: 0.542222 1.07375 0.205731
H: -6.22214 -1.71177 -0.542998
L: 0.000111848 -0.0457232 0.59489
left
175
gcm: 0.542407 1.07303 0.217405
H: -5.98452 -1.71679 -0.655617
L: 0.00959918 -0.0378541 0.607041
left
176
gcm: 0.542491 1.07222 0.229064
H: -5.99335 -1.71705 0.461121
L: 0.00436996 -0.0416556 0.606256
left
177
gcm: 0.542795 1.07151 0.241337
H: -5.30327 -1.44272 1.17291
L: 0.0158201 -0.0373785 0.638188
left
178
gcm: 0.543216 1.0704 0.252222
H: -5.83752 -1.83386 0.337729
L: 0.0218846 -0.057331 0.566018
left
179
gcm: 0.543641 1.07003 0.264765
H: -2.43295 -1.21766 1.06581
L: 0.0220852 -0.0195006 0.652278
left
180
gcm: 0.544142 1.06983 0.276992
H: -2.70187 -1.46233 -0.148517
L: 0.0260321 -0.0104968 0.635798
left
181
gcm: 0.544734 1.07013 0.288378
H: -3.29883 -1.60248 -0.379891
L: 0.0307866 0.0156773 0.592035
left
182
gcm: 0.545459 1.07078 0.299825
H: -4.57521 -1.02058 -0.488124
L: 0.0377397 0.0340497 0.595253
left
183
gcm: 0.545969 1.07057 0.312941
H: 0.0920909 -0.622963 -0.232675
L: 0.026511 -0.0111679 0.682061
left
184
gcm: 0.546228 1.06981 0.325479
H: 0.302116 -0.571627 0.842583
L: 0.0134633 -0.0393431 0.651964
left
185
gcm: 0.546518 1.0685 0.337661
H: 1.47578 -0.526628 0.526972
L: 0.015095 -0.0681824 0.633456
left
186
gcm: 0.547224 1.06684 0.350149
H: 3.47058 -0.444636 -0.507768
L: 0.0366737 -0.0863146 0.649384
left
187
gcm: 0.547925 1.06548 0.362747
H: 2.44352 -0.24435 0.0977989
L: 0.0364848 -0.0707485 0.655076
left
188
gcm: 0.54831 1.06435 0.375245
H: 3.25442 -0.0432332 0.587722
L: 0.0200008 -0.0586662 0.649926
left
189
gcm: 0.548973 1.06322 0.387905
H: 4.4708 -0.028221 -0.19018
L: 0.0344827 -0.0590267 0.658307
left
190
gcm: 0.550328 1.06225 0.401005
H: 5.73592 -0.982469 -2.58428
L: 0.0704408 -0.0503613 0.681194
left
191
gcm: 0.551398 1.06232 0.414581
H: 8.73859 -1.06721 -2.4476
L: 0.0556743 0.00383143 0.705937
left
192
gcm: 0.552234 1.06324 0.428612
H: 5.7079 -0.154255 -0.0307387
L: 0.0434584 0.0479312 0.729619
left
193
gcm: 0.553316 1.06357 0.442542
H: 6.66855 -0.357036 -0.596264
L: 0.0562789 0.0168092 0.724383
left
194
gcm: 0.554597 1.06339 0.456245
H: 6.45369 -0.436446 -0.78127
L: 0.0666164 -0.00928681 0.712544
left
195
gcm: 0.555999 1.06349 0.469623
H: 6.4828 -0.637124 -1.23591
L: 0.0728854 0.00542445 0.695657
left
196
gcm: 0.557531 1.06374 0.482807
H: 6.1707 -0.57661 -0.880427
L: 0.0796602 0.0131337 0.685573
right
197
gcm: 0.559092 1.06386 0.496238
H: 6.88581 -1.10823 -0.426277
L: 0.0811556 0.00589805 0.698413
right
198
gcm: 0.560203 1.06256 0.512298
H: 14.4271 -0.717163 -0.609086
L: 0.0577948 -0.0673472 0.835141
right
199
gcm: 0.561342 1.06226 0.527032
H: 9.36408 -0.183342 -1.0497
L: 0.059225 -0.0155899 0.76614
right
200
gcm: 0.562339 1.06262 0.541823
H: 8.95173 -0.0855798 -1.42217
L: 0.0518467 0.0185128 0.769151
right
201
gcm: 0.563142 1.06359 0.556367
H: 8.53423 -0.187223 -0.448052
L: 0.0417616 0.050714 0.756293
right
202
gcm: 0.564365 1.06483 0.570123
H: 7.47578 -0.485983 -0.167549
L: 0.0635845 0.0643883 0.715279
right
203
gcm: 0.566088 1.06615 0.58351
H: 5.96039 -0.258613 -1.85856
L: 0.0895919 0.0687479 0.696129
right
204
gcm: 0.568027 1.06773 0.596861
H: 6.14531 -0.396355 -3.09625
L: 0.100829 0.081865 0.694268
right
205
gcm: 0.569746 1.0692 0.61009
H: 5.75204 -0.574153 -2.74214
L: 0.0893834 0.0764575 0.68791
right
206
gcm: 0.570961 1.07039 0.622813
H: 4.67766 -0.760824 -0.472559
L: 0.0631801 0.0618297 0.661573
right
207
gcm: 0.572101 1.07316 0.63586
H: 1.26192 0.52423 -1.66899
L: 0.0592815 0.144228 0.678448
right
208
gcm: 0.573064 1.07573 0.648104
H: 1.8514 -0.271638 -0.523691
L: 0.0500619 0.133651 0.636694
right
209
gcm: 0.573756 1.07874 0.660089
H: 0.155762 0.46106 -0.0280795
L: 0.0360127 0.156557 0.623204
right
210
gcm: 0.574238 1.08108 0.671746
H: -0.338254 0.675719 1.10779
L: 0.0250463 0.121504 0.606197
right
211
gcm: 0.574349 1.08341 0.68352
H: -1.1472 0.958301 1.93594
L: 0.00578654 0.121151 0.612251
right
212
gcm: 0.574249 1.0861 0.695136
H: -1.46091 1.0432 2.15754
L: -0.00520514 0.139971 0.604021
right
213
gcm: 0.574451 1.08926 0.70721
H: -0.817151 1.08619 1.18341
L: 0.0105008 0.16425 0.627836
right
214
gcm: 0.574894 1.09223 0.719259
H: -0.794438 1.18747 1.10018
L: 0.0230341 0.154634 0.626536
right
215
gcm: 0.575309 1.09442 0.730804
H: -1.92678 1.28207 1.07615
L: 0.021608 0.113757 0.600381
right
216
gcm: 0.575883 1.09612 0.742133
H: -2.52714 1.22046 -0.400803
L: 0.0298124 0.0884171 0.589064
right
217
gcm: 0.576792 1.09788 0.75336
H: -2.99231 1.43959 -1.50766
L: 0.0472714 0.0916913 0.583841
right
218
gcm: 0.577626 1.09947 0.764848
H: -2.59352 1.38462 -0.908437
L: 0.0433852 0.0825195 0.597341
right
219
gcm: 0.577927 1.1013 0.776309
H: -3.64643 1.65732 0.289336
L: 0.0156643 0.0952834 0.59598
right
220
gcm: 0.578038 1.10288 0.787559
H: -4.72624 1.90708 0.689224
L: 0.00575699 0.0819961 0.584994
right
221
gcm: 0.578284 1.10317 0.799064
H: -3.08482 2.04648 0.268726
L: 0.0128031 0.0151638 0.598298
right
222
gcm: 0.578598 1.10332 0.810718
H: -2.74029 1.89599 0.354942
L: 0.0163039 0.0075897 0.606005
right
223
gcm: 0.578693 1.10386 0.822224
H: -4.02766 1.88318 1.13612
L: 0.00493674 0.0279975 0.59828
right
224
gcm: 0.578405 1.10417 0.83404
H: -3.26915 1.84312 2.2916
L: -0.0149577 0.0160572 0.614422
right
225
gcm: 0.579375 1.10378 0.845293
H: -3.60907 1.28802 -0.984828
L: 0.050408 -0.0200356 0.585159
right
226
gcm: 0.579485 1.10292 0.8569
H: -3.85815 1.58299 0.66183
L: 0.00573943 -0.0445254 0.6036
right
227
gcm: 0.58114 1.10184 0.868023
H: -2.9537 1.05697 -2.72375
L: 0.0860625 -0.0561573 0.578376
right
228
gcm: 0.581443 1.10011 0.880232
H: -3.22681 1.63587 0.297803
L: 0.0157371 -0.0903213 0.634883
right
229
gcm: 0.581704 1.09837 0.892081
H: -3.6122 1.64311 1.22651
L: 0.0135692 -0.090531 0.616152
right
230
gcm: 0.582047 1.09703 0.903886
H: -4.18429 1.6807 1.64732
L: 0.0178651 -0.069714 0.613855
right
231
gcm: 0.582546 1.0957 0.915702
H: -4.7915 1.55597 0.645791
L: 0.0259646 -0.0688107 0.614416
right
232
gcm: 0.582926 1.09457 0.927427
H: -5.2052 1.4087 0.486752
L: 0.0197432 -0.0588814 0.609692
right
233
gcm: 0.583178 1.09405 0.939065
H: -6.00819 1.5131 0.714135
L: 0.0130864 -0.0271356 0.605198
right
234
gcm: 0.583569 1.09384 0.950432
H: -6.38174 1.58068 0.318355
L: 0.0203338 -0.0106413 0.591076
right
235
gcm: 0.58413 1.09293 0.961704
H: -6.28507 1.4672 -0.000358314
L: 0.0291903 -0.047283 0.586155
right
236
gcm: 0.584604 1.09178 0.972919
H: -6.73516 1.32061 -0.204632
L: 0.0246345 -0.0598978 0.583192
right
237
gcm: 0.585016 1.09085 0.98412
H: -7.11104 1.22985 -0.280527
L: 0.0214431 -0.04848 0.582436
right
238
gcm: 0.585425 1.09032 0.995632
H: -6.96536 1.35358 0.0435406
L: 0.0212599 -0.0275477 0.59859
right
239
gcm: 0.585383 1.08988 1.0064
H: -7.83296 1.44682 0.725073
L: -0.00218287 -0.0230846 0.559876
right
240
gcm: 0.585596 1.08869 1.01698
H: -7.33156 1.19117 -0.651238
L: 0.0110874 -0.061912 0.550452
right
241
gcm: 0.58668 1.08765 1.02955
H: -5.83349 0.905344 -2.48721
L: 0.056359 -0.0540111 0.653365
right
242
gcm: 0.5859 1.0872 1.04057
H: -9.83535 1.36412 1.07408
L: -0.0405603 -0.0231791 0.573262
right
243
gcm: 0.586223 1.08604 1.05316
H: -2.4771 0.304176 -1.23621
L: 0.0167935 -0.0602081 0.654756
right
244
gcm: 0.586636 1.08508 1.06566
H: -2.4983 0.749608 -1.06836
L: 0.021471 -0.050327 0.649887
right
245
gcm: 0.586674 1.08435 1.07806
H: -1.71812 1.18549 0.0110327
L: 0.00196796 -0.0375021 0.644812
right
246
gcm: 0.586454 1.08379 1.09046
H: -0.523764 1.04255 0.807699
L: -0.0114093 -0.0295764 0.644567
right
247
gcm: 0.586197 1.08304 1.10291
H: -0.686847 0.808807 0.475331
L: -0.0133899 -0.0387163 0.647496
right
248
gcm: 0.585917 1.0817 1.11548
H: -0.437039 0.748921 0.198217
L: -0.0145334 -0.0695249 0.65346
right
249
gcm: 0.585805 1.08002 1.12775
H: 0.92308 0.710494 -0.0561454
L: -0.00583931 -0.0874283 0.638482
right
250
gcm: 0.585921 1.0781 1.14005
H: 2.60189 0.511693 -0.150949
L: 0.00603465 -0.100149 0.639498
right
251
gcm: 0.585851 1.07628 1.15253
H: 3.3857 0.397341 0.426047
L: -0.00364462 -0.0945104 0.648811
right
252
gcm: 0.58573 1.07484 1.16497
H: 4.12687 0.38956 0.365936
L: -0.00627656 -0.0749581 0.646941
right
253
gcm: 0.585082 1.07324 1.17757
H: 5.74176 1.02593 2.3366
L: -0.0337052 -0.0829647 0.655042
right
254
gcm: 0.583899 1.0716 1.19028
H: 5.00604 0.948604 3.16972
L: -0.0615333 -0.0856357 0.660782
right
255
gcm: 0.582915 1.06887 1.20324
H: 5.03592 0.748722 2.37494
L: -0.0511441 -0.14148 0.674209
right
256
gcm: 0.582341 1.06726 1.21633
H: 6.23178 0.494155 1.02305
L: -0.0298829 -0.0839616 0.680418
right
257
gcm: 0.581635 1.06638 1.22966
H: 7.12263 0.41232 0.637081
L: -0.0367054 -0.0459518 0.693604
right
258
gcm: 0.580953 1.06783 1.24348
H: 6.88125 0.432249 -0.343949
L: -0.0354544 0.0757865 0.71852
right
259
gcm: 0.579816 1.06774 1.25714
H: 8.43679 0.880944 0.38079
L: -0.0591038 -0.00507053 0.710092
right
260
gcm: 0.578197 1.06865 1.27129
H: 8.64291 0.977813 1.2297
L: -0.0842063 0.047274 0.73599
right
261
gcm: 0.576856 1.06879 1.28481
H: 6.67788 0.932795 0.912682
L: -0.0697431 0.00740788 0.702824
none 
262
gcm: 0.576656 1.06743 1.30036
H: 14.631 0.698447 1.50474
L: -0.0104085 -0.0707303 0.808877
left
263
gcm: 0.575721 1.06731 1.31487
H: 11.9615 0.985472 2.12108
L: -0.0485932 -0.00621718 0.754143
left
264
gcm: 0.574252 1.06742 1.32893
H: 10.3146 1.02004 3.29361
L: -0.0763789 0.00593391 0.731139
left
265
gcm: 0.5728 1.06774 1.34257
H: 8.53155 0.786172 3.2174
L: -0.0754998 0.0166501 0.709434
left
266
gcm: 0.571729 1.06856 1.3562
H: 8.32871 0.680964 1.72393
L: -0.0557333 0.0423822 0.708576
left
267
gcm: 0.570938 1.06937 1.36947
H: 7.10861 0.548636 0.767784
L: -0.0411091 0.0424569 0.690378
left
268
gcm: 0.570752 1.07033 1.38283
H: 6.00333 0.244617 -0.649306
L: -0.00968668 0.0497701 0.69486
left
269
gcm: 0.571143 1.07155 1.39689
H: 5.49374 -0.285842 -2.08583
L: 0.0203194 0.0632535 0.731138
left
270
gcm: 0.569494 1.07306 1.40929
H: 2.38097 0.42349 3.25799
L: -0.0857338 0.07872 0.644759
left
271
gcm: 0.569862 1.07558 1.42123
H: 1.98435 -0.377755 -2.66699
L: 0.0191202 0.130935 0.620788
left
272
gcm: 0.568656 1.07717 1.4341
H: 2.44498 0.0627067 1.46976
L: -0.0626908 0.0829084 0.668926
left
273
gcm: 0.568712 1.07988 1.44587
H: -1.24716 -0.969825 -1.04352
L: 0.0029335 0.140791 0.612319
left
274
gcm: 0.568457 1.08248 1.45752
H: -0.660694 -0.754326 -0.628975
L: -0.0133029 0.135313 0.605932
left
275
gcm: 0.568007 1.08459 1.46928
H: -0.378064 -0.754862 -0.114629
L: -0.0233964 0.109587 0.611356
left
276
gcm: 0.56723 1.08633 1.48121
H: -0.509202 -0.720206 1.02173
L: -0.0403718 0.0905764 0.620489
left
277
gcm: 0.566791 1.08795 1.49278
H: -1.48424 -1.06584 0.511601
L: -0.0228275 0.0841515 0.601496
left
278
gcm: 0.566943 1.08979 1.5042
H: -2.0179 -1.63322 -1.10837
L: 0.00787497 0.0954949 0.59389
left
279
gcm: 0.566926 1.09161 1.51571
H: -1.45752 -1.55052 -1.05066
L: -0.000876366 0.0949295 0.598582
left
280
gcm: 0.566869 1.09349 1.5269
H: -2.74745 -1.38545 -0.995252
L: -0.00297181 0.0974379 0.581708
left
281
gcm: 0.56699 1.09528 1.53837
H: -2.97033 -1.6351 -1.79715
L: 0.00632241 0.0929983 0.596478
left
282
gcm: 0.567054 1.09679 1.55023
H: -1.72314 -1.80028 -1.72219
L: 0.00332641 0.0789924 0.616855
left
283
gcm: 0.567011 1.09814 1.56126
H: -3.01393 -1.70414 -0.491118
L: -0.00224887 0.0702002 0.573545
left
284
gcm: 0.566759 1.09864 1.57189
H: -3.41011 -1.46562 0.47049
L: -0.0130821 0.0259753 0.552792
left
285
gcm: 0.566336 1.09847 1.58241
H: -2.64318 -1.38953 0.73548
L: -0.0220259 -0.00922437 0.546973
left
286
gcm: 0.565778 1.09846 1.59199
H: -4.60376 -1.5731 0.884716
L: -0.0290075 -0.000315871 0.498295
left
287
gcm: 0.565155 1.09786 1.6009
H: -6.08547 -1.57764 1.18637
L: -0.0323834 -0.0313685 0.462964
left
288
gcm: 0.566113 1.09895 1.61397
H: -0.913283 -2.09984 -3.59875
L: 0.049829 0.0569097 0.679566
left
289
gcm: 0.566489 1.09969 1.62718
H: -1.53187 -1.87171 -2.38651
L: 0.019507 0.0382847 0.687224
left
290
gcm: 0.565822 1.09945 1.63811
H: -5.57165 -1.4919 0.856035
L: -0.0346386 -0.0124488 0.568284
left
291
gcm: 0.565463 1.09903 1.64871
H: -4.05059 -1.64346 0.643596
L: -0.0187125 -0.0218403 0.55142
left
292
gcm: 0.56552 1.09915 1.65954
H: -4.60744 -1.98016 -1.08134
L: 0.00299638 0.00649712 0.562765
left
293
gcm: 0.565771 1.10018 1.67039
H: -4.31719 -2.04912 -1.79981
L: 0.0130449 0.0532657 0.564096
left
294
gcm: 0.565821 1.10081 1.68171
H: -4.04299 -1.82436 -0.816678
L: 0.00259398 0.0326581 0.588953
left
295
gcm: 0.5659 1.10075 1.69354
H: -5.12093 -1.83426 -0.492296
L: 0.00410165 -0.00286107 0.614883
left
296
gcm: 0.565773 1.10079 1.70385
H: -5.83059 -1.85073 0.158824
L: -0.0066079 0.00182152 0.536257
left
297
gcm: 0.565591 1.10096 1.71335
H: -7.82427 -1.86547 0.385745
L: -0.00947882 0.0091797 0.494202
left
298
gcm: 0.5654 1.1011 1.7237
H: -6.1259 -1.86273 0.348677
L: -0.00989769 0.00717208 0.537843
left
299
gcm: 0.564897 1.10053 1.73492
H: -5.2539 -1.78767 0.758395
L: -0.0261589 -0.0298296 0.583619
left
300
gcm: 0.565009 1.09995 1.74579
H: -6.12865 -2.05641 -0.998599
L: 0.00580912 -0.030133 0.565435
left
301
gcm: 0.565473 1.10017 1.7561
H: -5.60379 -2.29577 -1.96149
L: 0.024143 0.0113736 0.536186
left
302
gcm: 0.565225 1.1001 1.76704
H: -6.92931 -1.84729 0.46246
L: -0.0129076 -0.00347318 0.568639
left
303
gcm: 0.565087 1.0993 1.77861
H: -6.94085 -1.83383 -0.078056
L: -0.00715759 -0.0416883 0.601803
left
304
gcm: 0.565552 1.09836 1.78966
H: -3.65192 -2.29966 -1.19315
L: 0.0241762 -0.0486315 0.574217
left
305
gcm: 0.565939 1.09779 1.80087
H: -6.1723 -1.32401 -0.489908
L: 0.0201365 -0.0295878 0.58339
left
306
gcm: 0.566326 1.09728 1.81209
H: -5.53323 -1.11399 -0.3714
L: 0.0201124 -0.026667 0.583443
left
307
gcm: 0.566562 1.09676 1.82345
H: -2.96823 -0.657673 0.19219
L: 0.0122668 -0.0271896 0.590488
left
308
gcm: 0.566693 1.09658 1.83493
H: -2.92881 -1.15391 -0.399339
L: 0.0068254 -0.00927557 0.59683
left
309
gcm: 0.566682 1.09604 1.84625
H: -4.24076 -0.891073 0.984758
L: -0.00058613 -0.0281056 0.588929
left
310
gcm: 0.567413 1.09462 1.85621
H: 0.598546 -0.807581 -0.08799
L: 0.0380075 -0.0739157 0.517926
left
311
gcm: 0.568376 1.09196 1.86657
H: 0.562808 -0.631679 -0.112788
L: 0.05007 -0.138341 0.538609
left
312
gcm: 0.568192 1.09354 1.87685
H: -5.34463 -0.0217789 3.29616
L: -0.00957036 0.0821645 0.534649
left
313
gcm: 0.569173 1.09479 1.88945
H: 0.613854 -0.502354 -2.65243
L: 0.0510341 0.0653701 0.655156
left
314
gcm: 0.5696 1.09412 1.90164
H: 0.663075 -0.0197729 0.733112
L: 0.0221787 -0.0349436 0.633659
left
315
gcm: 0.570198 1.09276 1.91319
H: 1.86578 -0.224469 0.391832
L: 0.0311138 -0.070902 0.600546
left
315
gcm: 0.570198 1.09276 1.91319
H: 0 0 0
L: 0 0 0
none 
