:metadata
 
Skeleton: /Network/Servers/duerer/Volumes/duerer/laturnus/workspace/new_acm/mocapPlayer/mocapPlayer/07-walk.asf
Motion: /Network/Servers/duerer/Volumes/duerer/laturnus/workspace/new_acm/mocapPlayer/mocapPlayer/07_05-walk.amc
Mass Distribution: /Network/Servers/duerer/Volumes/duerer/laturnus/workspace/new_acm/amd/clauser1969.amd
 
Inital skeleton translation: 0 0 0
Initial skeleton rotation: 0 0 0
 
:data
1
gcm: 0.461251 1.01573 -2.17058
H: -3.60132 -1.20203 -1.04926
L: 0.0308809 -0.00771252 0.365685
left
2
gcm: 0.461357 1.01523 -2.16399
H: -3.43035 -1.04494 -0.161603
L: 0.00554696 -0.0262076 0.342731
left
3
gcm: 0.461043 1.01498 -2.15732
H: -3.56923 -0.67346 0.640778
L: -0.0163574 -0.0128917 0.346812
left
4
gcm: 0.461428 1.01497 -2.15001
H: -2.75612 -0.808649 0.334601
L: 0.0200223 -0.00037092 0.380348
left
5
gcm: 0.462125 1.0151 -2.1426
H: -3.40438 -0.998569 -0.295895
L: 0.0362412 0.00659761 0.385212
left
6
gcm: 0.462819 1.01576 -2.13533
H: -3.7415 -0.980599 -0.209232
L: 0.0360913 0.0344005 0.377915
left
7
gcm: 0.463248 1.01563 -2.12826
H: -21.1841 0.44962 -5.96777
L: 0.0223385 -0.00697593 0.36759
left
8
gcm: 0.46365 1.01458 -2.12128
H: -2.51794 -0.662566 0.00511134
L: 0.0208708 -0.0546219 0.36323
left
9
gcm: 0.463911 1.01451 -2.11417
H: -2.86789 -0.596786 0.661029
L: 0.0135734 -0.0035042 0.369428
left
10
gcm: 0.464276 1.01481 -2.10697
H: -3.46212 -0.515257 0.611312
L: 0.0189857 0.01552 0.374253
left
11
gcm: 0.464937 1.01448 -2.09971
H: -3.23246 -0.516197 0.0829868
L: 0.0343476 -0.0167482 0.377577
left
12
gcm: 0.465533 1.01449 -2.0924
H: -1.54254 -0.327877 1.35412
L: 0.0310031 0.000561262 0.380426
left
13
gcm: 0.46592 1.01415 -2.08516
H: -2.52099 -0.175097 1.13621
L: 0.0201444 -0.0179923 0.376306
left
14
gcm: 0.466196 1.01298 -2.07786
H: -2.56373 -0.0870358 1.79469
L: 0.0143204 -0.060638 0.379871
left
15
gcm: 0.466886 1.01205 -2.07025
H: -1.07754 -0.29312 1.42695
L: 0.0359044 -0.0484306 0.395509
left
16
gcm: 0.467665 1.01135 -2.06277
H: -1.8145 -0.335001 1.06201
L: 0.0405115 -0.036602 0.389096
left
17
gcm: 0.468287 1.01118 -2.05532
H: -1.79382 0.0599406 1.80029
L: 0.0323587 -0.00882021 0.387056
left
18
gcm: 0.468387 1.01157 -2.04756
H: -0.187333 0.268757 1.70105
L: 0.00516208 0.0206297 0.403908
left
19
gcm: 0.467123 1.01176 -2.04172
H: -3.59863 0.601225 2.49686
L: -0.0656959 0.00980829 0.30324
left
20
gcm: 0.468111 1.01132 -2.03412
H: -0.876023 -0.357243 0.104189
L: 0.0513555 -0.023235 0.395353
left
21
gcm: 0.471066 1.01033 -2.02497
H: 1.64967 -1.20704 -2.2262
L: 0.153694 -0.0515197 0.476119
left
22
gcm: 0.470028 1.01003 -2.0198
H: -4.19328 0.922072 3.9167
L: -0.0540066 -0.0153379 0.268764
left
23
gcm: 0.473763 1.00789 -2.00946
H: 2.37155 -1.80203 -4.40727
L: 0.194248 -0.111115 0.537358
left
24
gcm: 0.474043 1.00817 -2.00108
H: 3.19697 0.692431 1.59653
L: 0.0145175 0.0145572 0.436162
left
25
gcm: 0.476333 1.00789 -1.99313
H: -0.317496 -1.16283 -2.34669
L: 0.119079 -0.0149127 0.413405
left
26
gcm: 0.477066 1.00712 -1.98507
H: 1.48093 -0.128751 0.528562
L: 0.0381383 -0.0397972 0.418694
left
27
gcm: 0.478092 1.00546 -1.9769
H: 1.71592 -0.163761 -0.4739
L: 0.053353 -0.0862229 0.424782
left
28
gcm: 0.479852 1.00533 -1.96776
H: 0.584324 0.0221738 -1.97435
L: 0.0915019 -0.00704397 0.475674
left
29
gcm: 0.481806 1.00503 -1.95872
H: 1.97612 0.0590318 -1.14018
L: 0.101611 -0.0156339 0.469937
left
30
gcm: 0.483421 1.00463 -1.95001
H: 3.23691 -0.113186 -0.533667
L: 0.0839671 -0.0205685 0.452698
none 
31
gcm: 0.484912 1.00409 -1.94107
H: 5.58853 -0.398036 0.299591
L: 0.0775601 -0.0280753 0.465306
left
32
gcm: 0.486568 1.00347 -1.93166
H: 5.54848 -0.14989 -0.495866
L: 0.086115 -0.0321655 0.488877
left
33
gcm: 0.488272 1.00428 -1.92208
H: 5.27846 -0.00690273 -0.927491
L: 0.0886128 0.0421071 0.498195
left
34
gcm: 0.490256 1.00458 -1.91283
H: 5.1603 -0.152862 -1.49349
L: 0.103171 0.0153953 0.48111
left
35
gcm: 0.492426 1.00323 -1.90381
H: 5.98244 -0.45101 -1.3513
L: 0.112809 -0.070035 0.469192
left
36
gcm: 0.494396 1.00249 -1.89455
H: 7.22965 -0.504193 0.289688
L: 0.102437 -0.0388483 0.481462
none 
37
gcm: 0.49668 1.00275 -1.88472
H: 2.94359 0.263526 -2.0337
L: 0.118768 0.0138262 0.511125
none 
38
gcm: 0.49964 1.00292 -1.87436
H: 7.99606 -0.846623 -0.571901
L: 0.153925 0.00860516 0.53877
right
39
gcm: 0.500598 1.0035 -1.86549
H: 0.812982 0.928872 -0.794418
L: 0.0498176 0.0303389 0.461032
none 
40
gcm: 0.501807 1.00356 -1.85635
H: 2.92127 0.352193 -0.0999196
L: 0.062906 0.00285273 0.475324
none 
41
gcm: 0.504482 1.00304 -1.84684
H: 2.99289 -0.295651 -0.335003
L: 0.139089 -0.0265833 0.494788
none 
42
gcm: 0.506775 1.00224 -1.83754
H: 2.9682 -0.240212 -0.382793
L: 0.119232 -0.0419599 0.48366
right
43
gcm: 0.508582 1.00594 -1.82733
H: 5.17811 -0.372397 -0.977742
L: 0.0939776 0.192666 0.530474
right
44
gcm: 0.510702 1.00679 -1.81624
H: 9.17642 -0.641933 -0.547462
L: 0.110233 0.0439481 0.577039
right
45
gcm: 0.512778 1.00717 -1.80585
H: 5.92351 -0.491225 0.204175
L: 0.107952 0.0198672 0.540153
right
46
gcm: 0.514973 1.00831 -1.79544
H: 4.88192 -0.451492 -0.636658
L: 0.114133 0.059112 0.541173
right
47
gcm: 0.51732 1.01002 -1.78516
H: 4.87278 -0.51072 -1.75531
L: 0.122017 0.0893771 0.534984
right
48
gcm: 0.519612 1.01145 -1.77513
H: 5.53731 -0.4554 -2.03377
L: 0.119197 0.0738943 0.521447
right
49
gcm: 0.521646 1.01223 -1.76551
H: 5.02563 -0.316701 -1.03288
L: 0.105776 0.0406356 0.50033
right
50
gcm: 0.523435 1.01289 -1.75628
H: 4.53039 -0.390805 -0.198353
L: 0.0930375 0.0346854 0.479508
right
51
gcm: 0.525124 1.01416 -1.74717
H: 4.53628 -0.517402 -0.865267
L: 0.0878199 0.0656832 0.474186
right
52
gcm: 0.526798 1.01586 -1.73811
H: 4.00467 -0.454231 -0.599873
L: 0.0870175 0.0887675 0.470645
right
53
gcm: 0.528472 1.0174 -1.72924
H: 3.33023 -0.340346 0.613145
L: 0.0870846 0.0798241 0.461694
right
54
gcm: 0.530237 1.01875 -1.72041
H: 3.56382 -0.42959 0.206683
L: 0.0917578 0.0703222 0.459164
right
55
gcm: 0.531915 1.02006 -1.71157
H: 3.89185 -0.439624 -0.5541
L: 0.0872656 0.0681297 0.459696
right
56
gcm: 0.533564 1.02161 -1.70268
H: 4.01932 -0.289135 -0.882304
L: 0.0857293 0.0804857 0.461817
right
57
gcm: 0.535195 1.02324 -1.6937
H: 4.0559 -0.313311 -0.545834
L: 0.084857 0.0848874 0.466972
right
58
gcm: 0.536371 1.02468 -1.68528
H: 2.60304 -0.160485 0.543664
L: 0.0611302 0.074874 0.43804
right
59
gcm: 0.537695 1.02613 -1.67759
H: 0.995845 0.0572526 0.107621
L: 0.0688667 0.0752065 0.400107
right
60
gcm: 0.539556 1.0274 -1.66961
H: 0.773804 0.0179491 -0.740042
L: 0.0967593 0.0661007 0.414847
right
61
gcm: 0.54111 1.02862 -1.66135
H: 0.675403 0.203641 -0.446979
L: 0.080817 0.063237 0.429292
right
62
gcm: 0.542322 1.02992 -1.65351
H: 0.196902 0.508434 -0.530589
L: 0.062988 0.0680505 0.40788
right
63
gcm: 0.543505 1.03162 -1.6457
H: -0.42388 0.51022 -0.742685
L: 0.0615489 0.087931 0.40621
right
64
gcm: 0.544486 1.03306 -1.63784
H: -0.419469 0.42734 -0.0408172
L: 0.0510185 0.075125 0.40864
right
65
gcm: 0.545229 1.03455 -1.63034
H: -0.494892 0.568522 0.539148
L: 0.0386344 0.0776189 0.389786
right
66
gcm: 0.546127 1.03557 -1.62329
H: -0.856626 0.725339 -0.021736
L: 0.0466751 0.052818 0.366559
right
67
gcm: 0.547354 1.03647 -1.61602
H: -1.38984 0.711486 -0.773404
L: 0.063788 0.0468839 0.378067
right
68
gcm: 0.548512 1.0376 -1.60853
H: -1.75745 0.685608 -0.629199
L: 0.0602243 0.058966 0.389626
right
69
gcm: 0.549405 1.03835 -1.60111
H: -1.36758 0.836919 0.29295
L: 0.0464228 0.0385446 0.385672
right
70
gcm: 0.550148 1.03889 -1.59361
H: -1.69982 0.967017 0.447077
L: 0.0386797 0.0285728 0.390242
right
71
gcm: 0.55106 1.0393 -1.58671
H: -2.5421 0.790567 -0.503004
L: 0.0473897 0.021239 0.358744
right
72
gcm: 0.551958 1.03928 -1.58003
H: -2.62086 0.761053 -0.658623
L: 0.0466998 -0.00108162 0.347161
right
73
gcm: 0.552774 1.0396 -1.57251
H: -2.15645 0.783645 -0.619537
L: 0.0424173 0.0162614 0.391139
right
74
gcm: 0.553595 1.03998 -1.56495
H: -2.12248 0.73371 -0.454518
L: 0.0427015 0.0198648 0.393236
right
75
gcm: 0.554282 1.03995 -1.55781
H: -2.13952 1.05235 1.11382
L: 0.0357506 -0.00136186 0.371479
right
76
gcm: 0.554951 1.0391 -1.55064
H: -2.05348 0.903153 -0.302231
L: 0.0347836 -0.0442454 0.372742
right
77
gcm: 0.555889 1.03873 -1.54329
H: -1.3445 0.64718 -1.5284
L: 0.0487519 -0.019499 0.382019
right
78
gcm: 0.556772 1.0383 -1.53603
H: -1.46467 0.781311 -0.541662
L: 0.0459311 -0.0222214 0.377558
right
79
gcm: 0.557523 1.03804 -1.52888
H: -2.60836 0.870722 0.493443
L: 0.0390594 -0.0132955 0.37182
right
80
gcm: 0.55815 1.03775 -1.52173
H: -3.07867 0.68443 0.466291
L: 0.0326177 -0.0150451 0.371566
right
81
gcm: 0.558649 1.03763 -1.51449
H: -2.31942 0.970303 0.00950345
L: 0.0259135 -0.0063101 0.376898
right
82
gcm: 0.55919 1.03728 -1.50718
H: -1.26429 0.897474 -0.398978
L: 0.0281357 -0.0183484 0.380112
right
83
gcm: 0.559779 1.03643 -1.49987
H: -1.27388 0.815021 -0.510884
L: 0.0306479 -0.0439878 0.379685
right
84
gcm: 0.560223 1.03577 -1.49245
H: -2.6001 0.846718 -0.538245
L: 0.0230998 -0.0344996 0.385943
right
85
gcm: 0.560678 1.03508 -1.48507
H: -2.37246 0.801366 0.0375287
L: 0.0236342 -0.0359267 0.384085
right
86
gcm: 0.561137 1.03453 -1.47775
H: -2.55421 0.876312 -0.159393
L: 0.0238736 -0.0286561 0.380572
right
87
gcm: 0.561459 1.03446 -1.47035
H: -3.00905 0.951804 -0.641457
L: 0.0167295 -0.00334183 0.384871
right
88
gcm: 0.561772 1.03443 -1.46327
H: -3.73349 0.988861 0.0510153
L: 0.0162657 -0.00151686 0.368214
right
89
gcm: 0.562157 1.03421 -1.45633
H: -3.83448 0.930882 0.556756
L: 0.020033 -0.0116327 0.360407
right
90
gcm: 0.562649 1.03388 -1.44913
H: -3.09889 0.816748 -0.0663824
L: 0.0255876 -0.017149 0.374846
right
91
gcm: 0.563115 1.03347 -1.44206
H: -2.25471 0.834237 -0.324348
L: 0.0242617 -0.0211946 0.367511
right
92
gcm: 0.563434 1.03302 -1.43536
H: -2.16625 0.842624 0.00923384
L: 0.016552 -0.0237738 0.348317
right
93
gcm: 0.563762 1.03302 -1.42847
H: -2.93094 0.778812 -0.746043
L: 0.0170756 0.000140393 0.358285
right
94
gcm: 0.564272 1.03335 -1.42124
H: -3.68004 0.714192 -1.23355
L: 0.0264928 0.0171042 0.376017
right
95
gcm: 0.56474 1.0333 -1.41423
H: -3.53391 0.668862 -0.673208
L: 0.0243561 -0.00238196 0.364542
right
96
gcm: 0.56486 1.03297 -1.40728
H: -3.0399 0.743202 -0.0725794
L: 0.00623088 -0.0172874 0.361515
right
97
gcm: 0.564677 1.03266 -1.40025
H: -3.18875 0.878758 0.474277
L: -0.0094995 -0.0161326 0.365243
right
98
gcm: 0.564645 1.03253 -1.39321
H: -3.14266 0.823037 0.139023
L: -0.00167183 -0.00670352 0.366103
right
99
gcm: 0.564948 1.03243 -1.38602
H: -3.27585 0.722707 -0.276877
L: 0.0157526 -0.00540315 0.374077
right
100
gcm: 0.56535 1.03228 -1.37881
H: -3.6868 0.688833 -0.695044
L: 0.02089 -0.00740805 0.375002
right
101
gcm: 0.565373 1.03286 -1.37185
H: -3.51618 0.739136 -0.402675
L: 0.00122634 0.0299841 0.361739
right
102
gcm: 0.565172 1.03379 -1.36499
H: -3.28715 0.801796 0.20745
L: -0.0104627 0.0484917 0.356916
right
103
gcm: 0.565333 1.03366 -1.35784
H: -3.70427 0.728332 -0.407884
L: 0.00836225 -0.00691344 0.371762
right
104
gcm: 0.565529 1.03364 -1.35055
H: -3.99354 0.722956 -0.329177
L: 0.0101961 -0.0010914 0.378835
right
105
gcm: 0.565458 1.03424 -1.34342
H: -4.38844 0.771174 0.346898
L: -0.00366964 0.0312525 0.37074
right
106
gcm: 0.56529 1.03359 -1.33645
H: -4.60019 0.69213 0.0321404
L: -0.00874476 -0.0339649 0.362537
right
107
gcm: 0.565282 1.03245 -1.32952
H: -4.18854 0.570602 -0.537435
L: -0.000443238 -0.0591165 0.360519
right
108
gcm: 0.565569 1.03241 -1.32302
H: -6.6132 0.649132 -0.102133
L: 0.014936 -0.00220807 0.337991
right
109
gcm: 0.564785 1.03245 -1.31592
H: -1.49827 0.312104 -1.1021
L: -0.0407748 0.00217995 0.369019
right
110
gcm: 0.56424 1.03221 -1.30808
H: -1.96649 0.438816 -0.258538
L: -0.0283268 -0.0124706 0.407598
right
111
gcm: 0.564192 1.03164 -1.30003
H: -1.9152 0.422765 -0.206878
L: -0.00249499 -0.0296502 0.418691
right
112
gcm: 0.564264 1.0311 -1.29225
H: -1.32437 0.280175 -0.726253
L: 0.00372569 -0.0281848 0.404441
right
113
gcm: 0.564013 1.03049 -1.28451
H: -1.57161 0.180562 -0.813891
L: -0.0130234 -0.0315483 0.402593
right
114
gcm: 0.563698 1.02935 -1.27652
H: -1.68864 0.104183 -0.599114
L: -0.0164113 -0.0591316 0.415268
right
115
gcm: 0.563338 1.028 -1.26853
H: -1.29777 0.162061 -0.366049
L: -0.0187111 -0.0702827 0.4158
right
116
gcm: 0.562749 1.02685 -1.26069
H: -1.29857 0.188004 -0.529777
L: -0.0305984 -0.060125 0.4074
right
117
gcm: 0.562248 1.02604 -1.25254
H: -0.345662 0.0512295 -0.834305
L: -0.0260627 -0.0420393 0.424077
right
118
gcm: 0.561849 1.02572 -1.24435
H: 0.0880025 -0.00955185 -0.583539
L: -0.0207329 -0.0166229 0.425669
right
119
gcm: 0.561034 1.02529 -1.23641
H: -0.558626 0.0252692 -0.0364043
L: -0.0424166 -0.0224508 0.412773
right
120
gcm: 0.560132 1.02442 -1.22818
H: -1.173 -0.095688 -0.327416
L: -0.0468963 -0.0450897 0.428389
right
121
gcm: 0.559431 1.02303 -1.2198
H: 0.181681 0.0200863 -0.336685
L: -0.0364484 -0.0724079 0.435381
right
122
gcm: 0.558546 1.02176 -1.21143
H: -0.0535655 0.155458 -0.111728
L: -0.0459938 -0.0656439 0.435347
right
123
gcm: 0.557423 1.02131 -1.20283
H: 0.5887 0.195745 0.650137
L: -0.0583958 -0.0233928 0.447085
right
124
gcm: 0.556343 1.02094 -1.1941
H: 1.32577 0.0709227 0.157828
L: -0.0561863 -0.0194113 0.454058
right
125
gcm: 0.555662 1.02028 -1.18526
H: 1.11546 -0.117018 -0.731237
L: -0.035398 -0.0344507 0.459805
right
126
gcm: 0.554845 1.01925 -1.17625
H: 0.946121 0.0838267 0.24088
L: -0.0425057 -0.053314 0.468704
right
127
gcm: 0.553418 1.01829 -1.1669
H: 0.551942 0.275654 1.11282
L: -0.0741715 -0.0501991 0.486185
right
128
gcm: 0.551962 1.01786 -1.15753
H: 1.33535 -0.035097 0.638059
L: -0.0757123 -0.0219925 0.487161
right
129
gcm: 0.550819 1.01729 -1.14823
H: 3.05245 -0.0100977 0.00214477
L: -0.0594632 -0.029757 0.483527
right
130
gcm: 0.549644 1.01602 -1.13883
H: 3.33695 0.164216 0.301188
L: -0.0610972 -0.0661374 0.488657
right
131
gcm: 0.54806 1.01481 -1.12936
H: 3.59567 0.128838 1.3634
L: -0.0823639 -0.0628111 0.492405
right
132
gcm: 0.546519 1.01473 -1.11957
H: 4.80224 0.0101692 1.52663
L: -0.0801536 -0.00450387 0.509204
right
133
gcm: 0.545156 1.01543 -1.10924
H: 5.3633 0.17824 1.45626
L: -0.0708729 0.0366314 0.536925
right
134
gcm: 0.543247 1.01609 -1.09903
H: 4.35593 0.349678 2.0116
L: -0.0992725 0.0345526 0.531181
right
135
gcm: 0.541182 1.01635 -1.08905
H: 3.97929 0.18641 1.60616
L: -0.107351 0.0134835 0.518985
none 
136
gcm: 0.539432 1.01619 -1.0789
H: 4.24567 0.114807 1.23411
L: -0.0910338 -0.00827267 0.527856
none 
137
gcm: 0.537656 1.01573 -1.06876
H: 4.20814 0.274216 1.53641
L: -0.0923436 -0.0243677 0.527449
none 
138
gcm: 0.536161 1.01521 -1.05868
H: 4.64397 0.285486 0.679306
L: -0.0777147 -0.0269906 0.523866
none 
139
gcm: 0.534717 1.01522 -1.04858
H: 4.63487 0.187969 0.0965885
L: -0.0750711 0.000546436 0.525343
none 
140
gcm: 0.532831 1.01568 -1.03844
H: 4.24426 0.397087 0.781687
L: -0.0981142 0.0240182 0.526928
none 
141
gcm: 0.530946 1.0163 -1.02837
H: 3.24635 0.161197 1.08893
L: -0.098019 0.0320121 0.524095
none 
142
gcm: 0.529198 1.0174 -1.01844
H: 2.7021 -0.101263 0.579213
L: -0.0909007 0.0573362 0.516152
none 
143
gcm: 0.527088 1.01841 -1.0087
H: 3.4164 0.652905 1.01244
L: -0.109708 0.0524469 0.506268
none 
144
gcm: 0.524992 1.01905 -0.998893
H: 3.99417 0.226825 1.45807
L: -0.109002 0.0335545 0.510182
none 
145
gcm: 0.523498 1.02045 -0.989233
H: 3.38648 0.128309 0.168504
L: -0.0776755 0.0725941 0.502298
left
146
gcm: 0.521993 1.02245 -0.979898
H: 2.51251 0.113926 0.0944542
L: -0.0782743 0.104138 0.485456
left
147
gcm: 0.520307 1.02379 -0.969782
H: 6.22453 0.553075 1.19059
L: -0.0876555 0.0696235 0.526009
left
148
gcm: 0.518899 1.02493 -0.959029
H: 9.21526 0.680407 1.12457
L: -0.0731891 0.0590721 0.559158
left
149
gcm: 0.517545 1.02686 -0.949138
H: 5.6504 0.507372 0.758678
L: -0.0704334 0.100461 0.514321
left
150
gcm: 0.516204 1.02874 -0.939321
H: 4.74344 0.4671 0.754987
L: -0.0697232 0.0976934 0.510512
left
151
gcm: 0.514753 1.03023 -0.929783
H: 4.278 0.664475 0.623894
L: -0.0754512 0.0774807 0.495971
left
152
gcm: 0.513224 1.03188 -0.920662
H: 4.2882 0.678734 0.378846
L: -0.0795392 0.0861257 0.474273
left
153
gcm: 0.512045 1.034 -0.911578
H: 4.11651 0.55222 0.0824555
L: -0.0612807 0.110229 0.472366
left
154
gcm: 0.510924 1.03621 -0.902697
H: 2.07334 0.298493 0.268426
L: -0.0583179 0.114914 0.461824
left
155
gcm: 0.509545 1.03852 -0.894037
H: -0.211704 0.0847663 0.581316
L: -0.0716658 0.120025 0.450325
left
156
gcm: 0.508385 1.04091 -0.885047
H: 0.185797 0.21803 -0.145847
L: -0.0603404 0.124497 0.467474
left
157
gcm: 0.507482 1.04299 -0.876148
H: 0.66907 0.16443 -0.979376
L: -0.0469748 0.108097 0.46276
left
158
gcm: 0.506691 1.04496 -0.86766
H: 0.453001 -0.210143 -1.67465
L: -0.0411096 0.102252 0.441353
left
159
gcm: 0.505822 1.04657 -0.859375
H: 0.0428643 -0.165782 -0.474802
L: -0.045211 0.0837763 0.430843
left
160
gcm: 0.504731 1.04797 -0.851149
H: -0.412601 -0.133653 0.884662
L: -0.0567255 0.0727762 0.427715
left
161
gcm: 0.503643 1.04981 -0.843142
H: -1.47724 -0.318749 0.612395
L: -0.0565391 0.0954539 0.416383
left
162
gcm: 0.502632 1.05176 -0.83514
H: -0.38467 -0.028349 -0.250778
L: -0.0525864 0.10152 0.416113
left
163
gcm: 0.501895 1.05353 -0.826722
H: 3.65267 0.47144 -1.42299
L: -0.0383454 0.0919462 0.437741
left
164
gcm: 0.501242 1.05502 -0.818139
H: -3.48792 -1.3412 0.887578
L: -0.0339221 0.0778052 0.446319
left
165
gcm: 0.500506 1.05634 -0.809945
H: -2.08291 -0.894594 0.0407614
L: -0.0382934 0.068728 0.4261
left
166
gcm: 0.499744 1.05738 -0.802104
H: -1.19759 -0.705507 0.0404788
L: -0.0396222 0.0540898 0.407701
left
167
gcm: 0.498914 1.0583 -0.794229
H: -1.51282 -0.651939 0.904786
L: -0.043165 0.0474381 0.409521
left
168
gcm: 0.498192 1.05894 -0.786336
H: -1.80007 -0.815171 0.549825
L: -0.0375494 0.0336101 0.410436
left
169
gcm: 0.497507 1.05919 -0.776703
H: 0.873036 -0.76705 0.080724
L: -0.0355959 0.012587 0.500918
left
170
gcm: 0.496543 1.0595 -0.770324
H: -4.19991 -0.864207 0.211636
L: -0.0501571 0.0165191 0.331689
left
171
gcm: 0.495811 1.05987 -0.763573
H: -2.88469 -0.877516 -0.671439
L: -0.0380724 0.019006 0.35108
left
172
gcm: 0.495506 1.05988 -0.756145
H: -1.40478 -0.867754 -0.814346
L: -0.0158384 0.000458807 0.386207
left
173
gcm: 0.495024 1.05936 -0.74827
H: -1.39373 -0.861299 0.269825
L: -0.025089 -0.0268307 0.409537
left
174
gcm: 0.494435 1.05922 -0.7402
H: -1.59099 -0.891696 -0.073951
L: -0.030621 -0.00737042 0.419636
left
175
gcm: 0.494203 1.05918 -0.732113
H: -1.71496 -0.961834 -0.974527
L: -0.0120389 -0.00219004 0.420515
left
176
gcm: 0.494312 1.05839 -0.723696
H: -1.27353 -1.00111 -0.469008
L: 0.0056489 -0.0410274 0.437674
left
177
gcm: 0.494375 1.05762 -0.713441
H: 1.43741 -0.851849 0.308952
L: 0.00327467 -0.0400474 0.533294
left
178
gcm: 0.49419 1.05725 -0.705734
H: -2.35244 -1.04018 0.70698
L: -0.00960548 -0.0192033 0.400725
left
179
gcm: 0.494722 1.05657 -0.698144
H: -2.36449 -1.15833 -0.0806255
L: 0.0276855 -0.0351254 0.394699
left
180
gcm: 0.493613 1.05619 -0.68976
H: -1.30526 -0.541982 0.0313838
L: -0.0576716 -0.0196891 0.435979
left
181
gcm: 0.492731 1.05616 -0.684691
H: -6.65167 -1.08213 0.344414
L: -0.0458622 -0.0016398 0.263566
left
182
gcm: 0.492767 1.05524 -0.677323
H: -3.00485 -0.96019 -0.229876
L: 0.00184488 -0.0477809 0.383135
left
183
gcm: 0.493358 1.05419 -0.668513
H: 0.000621355 -0.858181 -1.01289
L: 0.0307217 -0.0549337 0.458141
left
184
gcm: 0.493447 1.05377 -0.65997
H: 0.309001 -0.76204 -0.735768
L: 0.004634 -0.0216352 0.444215
left
185
gcm: 0.494 1.05388 -0.650603
H: -3.75353 -1.34324 1.03171
L: 0.0287814 0.00572458 0.487092
left
186
gcm: 0.493125 1.05428 -0.64476
H: -6.11324 -0.857255 -0.00116447
L: -0.0455029 0.0207841 0.303826
left
187
gcm: 0.493888 1.0546 -0.635171
H: -0.0852767 -0.92171 -0.727308
L: 0.039689 0.0167503 0.498627
left
188
gcm: 0.493899 1.05493 -0.626187
H: -1.01386 -0.905861 -0.309236
L: 0.000525316 0.0169861 0.467197
left
189
gcm: 0.494066 1.05515 -0.618145
H: -3.24121 -1.01269 -0.20394
L: 0.00869406 0.011347 0.418143
left
190
gcm: 0.494439 1.05455 -0.61114
H: -5.51065 -1.0657 0.374359
L: 0.0194288 -0.0310206 0.364291
left
191
gcm: 0.494407 1.05426 -0.604789
H: -5.3956 -1.10729 0.939095
L: -0.00169431 -0.0153723 0.33025
left
192
gcm: 0.493952 1.05459 -0.598255
H: -4.32909 -1.06758 0.579975
L: -0.0236541 0.0173641 0.339771
left
193
gcm: 0.494006 1.05414 -0.590846
H: -3.35007 -1.00981 -0.259545
L: 0.00281004 -0.023372 0.385274
left
194
gcm: 0.495061 1.05351 -0.582201
H: -1.92912 -1.20061 -0.532206
L: 0.054866 -0.0328937 0.449549
left
195
gcm: 0.495054 1.05353 -0.57461
H: -4.31081 -0.957907 0.70103
L: -0.000367702 0.00099671 0.394685
left
196
gcm: 0.495526 1.05309 -0.565845
H: -2.12972 -1.11871 0.656468
L: 0.0245503 -0.0225219 0.455821
left
197
gcm: 0.495815 1.05287 -0.559137
H: -4.92714 -0.929937 -0.576897
L: 0.0150107 -0.0116051 0.348786
left
198
gcm: 0.496844 1.05332 -0.550584
H: -2.32716 -1.11097 -0.589597
L: 0.0534999 0.0235753 0.444786
left
199
gcm: 0.496574 1.0537 -0.543619
H: -5.32392 -0.753662 0.620742
L: -0.0140466 0.0195202 0.362167
left
200
gcm: 0.496986 1.05343 -0.536176
H: -4.51712 -0.846385 -0.0653991
L: 0.0214629 -0.0141131 0.387014
left
201
gcm: 0.497721 1.05298 -0.528534
H: -4.29515 -0.921002 0.173467
L: 0.03822 -0.0230642 0.397392
left
202
gcm: 0.498355 1.05221 -0.520914
H: -4.17443 -0.797612 1.11242
L: 0.0329525 -0.0404729 0.396267
left
203
gcm: 0.498663 1.05145 -0.513165
H: -3.22893 -0.698811 0.857916
L: 0.0160117 -0.0394268 0.402944
left
204
gcm: 0.499015 1.05113 -0.505477
H: -2.83896 -0.696636 0.00209237
L: 0.0182881 -0.0164115 0.399747
left
205
gcm: 0.499535 1.05153 -0.497931
H: -3.77757 -0.531431 0.459786
L: 0.0270822 0.0204693 0.392423
left
206
gcm: 0.500057 1.05132 -0.490185
H: -3.55443 -0.390316 1.20455
L: 0.027123 -0.0109403 0.402799
left
207
gcm: 0.500617 1.05106 -0.482478
H: -2.76062 -0.547753 1.5342
L: 0.029123 -0.0131713 0.400749
left
208
gcm: 0.501171 1.05079 -0.475056
H: -3.63137 -0.187995 1.65999
L: 0.0287927 -0.0142258 0.385937
left
209
gcm: 0.501535 1.05047 -0.468526
H: -6.09185 -0.0163737 1.97411
L: 0.0189495 -0.0163752 0.339583
left
210
gcm: 0.502272 1.04963 -0.46019
H: -1.3087 -0.0719277 1.22841
L: 0.0383353 -0.0436916 0.433442
left
211
gcm: 0.503213 1.04871 -0.451771
H: -1.32076 -0.352749 0.8943
L: 0.0489301 -0.0480037 0.43781
left
212
gcm: 0.504322 1.04787 -0.44312
H: -0.542927 -0.519366 0.457752
L: 0.0576306 -0.0436813 0.449833
left
213
gcm: 0.505429 1.04716 -0.434693
H: 0.335989 -0.447083 0.0855739
L: 0.0576009 -0.0371368 0.438229
left
214
gcm: 0.50627 1.04648 -0.426687
H: 0.197056 -0.088071 0.331439
L: 0.043703 -0.0352961 0.416309
left
215
gcm: 0.50749 1.04601 -0.417484
H: 0.524307 -0.00756378 0.0964435
L: 0.0634506 -0.0243378 0.478554
left
216
gcm: 0.508756 1.04495 -0.408657
H: 0.842502 -0.181359 -0.0376741
L: 0.065853 -0.0550086 0.458993
left
217
gcm: 0.510098 1.0436 -0.399894
H: 1.84433 -0.301002 -0.41506
L: 0.069762 -0.0704742 0.455667
left
218
gcm: 0.511654 1.04202 -0.39068
H: 2.53419 -0.326649 -0.681883
L: 0.0809177 -0.0821634 0.479114
left
219
gcm: 0.513138 1.0405 -0.381375
H: 2.39014 -0.225838 -0.704476
L: 0.0771756 -0.0786733 0.483891
left
220
gcm: 0.514367 1.03839 -0.372472
H: 1.33745 -0.190081 0.45028
L: 0.0638909 -0.109986 0.46292
left
221
gcm: 0.515724 1.03724 -0.363554
H: 1.54393 0.00170149 0.29364
L: 0.0705443 -0.0597734 0.463758
left
222
gcm: 0.517396 1.03584 -0.353719
H: 3.19489 0.0641611 -0.145795
L: 0.0869684 -0.0727824 0.511405
left
223
gcm: 0.518972 1.03418 -0.343785
H: 3.87092 -0.001314 -0.117682
L: 0.0819318 -0.0863588 0.516557
left
224
gcm: 0.520399 1.03355 -0.33423
H: 4.1928 0.00799343 -0.377998
L: 0.0742103 -0.0326846 0.496886
left
225
gcm: 0.521774 1.03462 -0.324779
H: 4.18569 0.149061 -0.589826
L: 0.0715396 0.055841 0.491433
left
226
gcm: 0.523419 1.03462 -0.314881
H: 4.84813 -0.0860183 -1.52681
L: 0.0854895 1.21128e-05 0.514716
left
227
gcm: 0.525399 1.03379 -0.304597
H: 4.77021 -0.442805 -1.78031
L: 0.102981 -0.0431813 0.534775
left
228
gcm: 0.527575 1.03161 -0.294857
H: 4.38836 -0.420082 -1.0334
L: 0.113165 -0.113589 0.506483
left
229
gcm: 0.529584 1.03111 -0.285076
H: 4.63869 -0.102928 -0.869805
L: 0.104474 -0.0259768 0.508594
none 
230
gcm: 0.531486 1.03089 -0.274589
H: 4.72484 -0.179646 -0.838458
L: 0.0988997 -0.0114217 0.545339
none 
231
gcm: 0.533712 1.03037 -0.264227
H: 4.8876 -0.325256 -1.30164
L: 0.115719 -0.0272272 0.538835
none 
232
gcm: 0.535721 1.02992 -0.254522
H: 3.36559 -0.253078 -1.27373
L: 0.104469 -0.0231407 0.504626
none 
233
gcm: 0.538224 1.02994 -0.242413
H: 4.33184 -0.0106189 -1.45608
L: 0.13016 0.000707674 0.629674
right
234
gcm: 0.539807 1.0304 -0.232988
H: 2.40343 -0.0528832 1.02143
L: 0.0823192 0.0243389 0.49012
none 
235
gcm: 0.541833 1.03096 -0.222717
H: 3.87246 -0.148865 -0.199275
L: 0.105379 0.0291088 0.534067
none 
236
gcm: 0.544088 1.03186 -0.212064
H: 4.71817 -0.26148 -1.303
L: 0.117259 0.0465001 0.553977
none 
237
gcm: 0.546092 1.03297 -0.202455
H: 3.83782 -0.171947 -0.324714
L: 0.104216 0.0581172 0.499643
none 
238
gcm: 0.547816 1.03396 -0.193868
H: 2.57072 -0.361204 0.665013
L: 0.0896472 0.0511035 0.446524
none 
239
gcm: 0.550237 1.03483 -0.184013
H: 3.40093 -0.48071 -0.519736
L: 0.125895 0.0455205 0.512496
none 
240
gcm: 0.552482 1.03493 -0.173413
H: 6.94 -0.369415 0.0754962
L: 0.116725 0.00494557 0.551158
right
241
gcm: 0.554478 1.03504 -0.162846
H: 6.57359 -0.318221 -0.00379307
L: 0.10377 0.00570737 0.549503
right
242
gcm: 0.556342 1.03581 -0.152598
H: 6.6631 -0.333493 -0.822057
L: 0.0969529 0.0402339 0.532917
right
243
gcm: 0.558271 1.03725 -0.142568
H: 6.45648 -0.326679 -1.36665
L: 0.100298 0.0747453 0.521539
right
244
gcm: 0.560263 1.03887 -0.132731
H: 5.08791 -0.392921 -1.60727
L: 0.10356 0.084513 0.511516
right
245
gcm: 0.562291 1.04022 -0.12308
H: 5.03753 -0.508448 -1.26046
L: 0.105489 0.0700112 0.501851
right
246
gcm: 0.564254 1.04138 -0.113129
H: 5.58664 -0.336501 -0.53806
L: 0.10208 0.0603526 0.517461
right
247
gcm: 0.566396 1.043 -0.103187
H: 3.54823 -0.384247 -1.21669
L: 0.111352 0.0842072 0.517011
right
248
gcm: 0.567716 1.04438 -0.0942894
H: 5.11176 -0.213085 0.678949
L: 0.0686409 0.0717938 0.462651
right
249
gcm: 0.569232 1.04583 -0.0852288
H: 3.95309 -0.0532768 -0.0333113
L: 0.0788557 0.0751804 0.471153
right
250
gcm: 0.570967 1.04758 -0.0756742
H: 4.20237 -0.236925 -1.53571
L: 0.0902104 0.0910238 0.49684
right
251
gcm: 0.572664 1.04885 -0.0666949
H: 3.51605 -0.215444 -1.00047
L: 0.0882548 0.0660671 0.46692
right
252
gcm: 0.574166 1.05029 -0.0581868
H: 1.64266 -0.0586574 0.153535
L: 0.0780721 0.0748015 0.442424
right
253
gcm: 0.575383 1.05228 -0.0495976
H: 0.823679 0.0317998 0.424619
L: 0.0633183 0.103812 0.446638
right
254
gcm: 0.576467 1.05414 -0.0407383
H: 1.19974 0.196856 0.112259
L: 0.0563393 0.096308 0.460685
right
255
gcm: 0.57769 1.05536 -0.0317219
H: 1.55122 0.247959 0.217271
L: 0.0636251 0.0634843 0.468849
right
256
gcm: 0.578855 1.05642 -0.0233973
H: 0.782681 0.299064 0.413701
L: 0.0605497 0.055472 0.432881
right
257
gcm: 0.579872 1.05764 -0.0155235
H: -0.0526089 0.352157 0.386343
L: 0.0529177 0.0630544 0.409439
right
258
gcm: 0.581069 1.05896 -0.00712844
H: -0.3096 0.604989 -0.361673
L: 0.0622286 0.0689038 0.436542
right
259
gcm: 0.582261 1.06036 0.00132022
H: -0.542285 0.674093 -0.706325
L: 0.0619704 0.0728807 0.43933
right
260
gcm: 0.583248 1.06191 0.0097625
H: -0.747448 0.775442 -0.28194
L: 0.0513561 0.0804791 0.438998
right
261
gcm: 0.583959 1.06418 0.0182855
H: -1.16329 0.978423 0.999053
L: 0.0369679 0.117832 0.443194
right
262
gcm: 0.584578 1.06513 0.0264811
H: -1.29148 1.04739 1.75195
L: 0.0321979 0.0496819 0.426171
right
263
gcm: 0.585681 1.06599 0.0347176
H: -1.49137 0.926985 -0.410814
L: 0.0573387 0.0446918 0.428302
right
264
gcm: 0.587067 1.06685 0.0427668
H: -2.04258 0.741615 -2.06136
L: 0.0720548 0.0445163 0.418557
right
265
gcm: 0.588188 1.06725 0.0507541
H: -2.1099 0.909372 -0.46075
L: 0.058284 0.0209862 0.41534
right
266
gcm: 0.588938 1.06671 0.0588819
H: -1.97037 1.17028 0.696895
L: 0.0390146 -0.0280515 0.422646
right
267
gcm: 0.59004 1.06756 0.0670655
H: -2.64226 0.975084 -1.02703
L: 0.0573227 0.0443137 0.425548
right
268
gcm: 0.591264 1.06921 0.0753164
H: -2.61775 1.06506 -0.542356
L: 0.0636293 0.0857303 0.429047
right
269
gcm: 0.592365 1.06968 0.0833644
H: -2.08354 1.01096 -0.983924
L: 0.0572812 0.0241846 0.418492
right
270
gcm: 0.59276 1.06989 0.0915032
H: -2.01759 1.10578 1.36556
L: 0.0205327 0.0108617 0.423217
right
271
gcm: 0.593234 1.06907 0.0994629
H: -2.73926 0.823998 0.0832587
L: 0.0246259 -0.0426053 0.413907
right
272
gcm: 0.593926 1.06845 0.107327
H: -2.84428 1.11842 0.888112
L: 0.0359698 -0.032161 0.408939
right
273
gcm: 0.594509 1.06818 0.115085
H: -2.24252 1.11224 -0.186285
L: 0.030336 -0.0139664 0.403393
right
274
gcm: 0.59532 1.06802 0.123259
H: -3.20942 0.984028 -0.325673
L: 0.0421675 -0.00852121 0.425081
right
275
gcm: 0.596285 1.06751 0.131534
H: -1.74651 0.866454 -0.412896
L: 0.0501763 -0.0261251 0.430264
right
276
gcm: 0.597097 1.06695 0.139928
H: -1.8142 0.878793 -0.322922
L: 0.0422466 -0.0293503 0.436494
right
277
gcm: 0.597515 1.06631 0.147737
H: -3.73287 1.13003 0.52122
L: 0.0217436 -0.0329441 0.406066
right
278
gcm: 0.598091 1.06613 0.15558
H: -3.13262 1.08765 0.236693
L: 0.0299497 -0.00974823 0.407874
right
279
gcm: 0.598947 1.06651 0.163848
H: -2.05695 0.98006 -0.296359
L: 0.044483 0.0200843 0.429898
right
280
gcm: 0.599704 1.06689 0.171841
H: -3.41428 0.935878 -0.43266
L: 0.0393723 0.01966 0.415631
right
281
gcm: 0.600316 1.0672 0.179233
H: -4.79905 0.867881 -0.506497
L: 0.0318259 0.0160608 0.384382
right
282
gcm: 0.600807 1.06769 0.186857
H: -4.94847 1.03327 0.34247
L: 0.0255126 0.0251919 0.396446
right
283
gcm: 0.601273 1.06837 0.195184
H: -3.34905 1.03523 0.381802
L: 0.0242464 0.0357544 0.433008
right
284
gcm: 0.601894 1.06891 0.203574
H: -2.33203 0.84193 -0.377478
L: 0.0323054 0.0277666 0.436306
right
285
gcm: 0.602397 1.06885 0.211695
H: -4.71401 1.08888 -0.078878
L: 0.026157 -0.00304553 0.422277
right
286
gcm: 0.602353 1.06826 0.219119
H: -5.47702 1.31231 1.24392
L: -0.00227131 -0.0304206 0.38604
right
287
gcm: 0.603428 1.06856 0.227852
H: -2.88978 0.720314 -1.8014
L: 0.0558862 0.01567 0.454132
right
288
gcm: 0.603973 1.06922 0.235738
H: -4.29073 1.06397 0.324064
L: 0.0283401 0.0341631 0.410065
right
289
gcm: 0.60437 1.06871 0.243211
H: -5.26293 1.13395 0.241125
L: 0.0206189 -0.0265906 0.388621
right
290
gcm: 0.604773 1.06843 0.250413
H: -5.24985 1.02854 -0.311765
L: 0.0209687 -0.0147627 0.374475
right
291
gcm: 0.605032 1.06897 0.258589
H: -3.20287 1.04863 0.462641
L: 0.0134662 0.0283178 0.425192
right
292
gcm: 0.605356 1.06984 0.266483
H: -4.5688 0.986816 0.734739
L: 0.016864 0.0451749 0.410485
right
293
gcm: 0.605229 1.07044 0.273721
H: -5.74867 1.03274 0.448786
L: -0.00664277 0.0312849 0.37636
right
294
gcm: 0.60541 1.07035 0.281083
H: -4.47087 0.886292 -1.03773
L: 0.00943122 -0.00457916 0.382797
right
295
gcm: 0.606017 1.07002 0.289142
H: -5.07037 0.905968 -0.975499
L: 0.0315886 -0.0175201 0.419087
right
296
gcm: 0.606459 1.06971 0.296733
H: -5.40288 0.847017 -1.45
L: 0.0229458 -0.0159363 0.394756
right
297
gcm: 0.606695 1.06963 0.303934
H: -6.10522 0.805013 -1.53847
L: 0.0122728 -0.00410494 0.374418
right
298
gcm: 0.606511 1.07025 0.311403
H: -5.13978 0.725135 0.020864
L: -0.00954831 0.0323029 0.388389
right
299
gcm: 0.606404 1.071 0.319501
H: -3.02698 0.562998 0.459887
L: -0.00557787 0.0391438 0.421119
right
300
gcm: 0.606543 1.07121 0.327775
H: -2.901 0.290203 -1.34584
L: 0.0072231 0.0107598 0.430224
right
301
gcm: 0.606872 1.07061 0.336475
H: -3.14479 0.00804635 -2.63468
L: 0.0171368 -0.0311285 0.452424
right
302
gcm: 0.607248 1.06974 0.345367
H: -3.29128 0.0170183 -1.92947
L: 0.0195158 -0.0455274 0.462371
right
303
gcm: 0.607376 1.06906 0.353914
H: -1.43055 -0.116196 -1.69718
L: 0.00666266 -0.0351395 0.444421
right
304
gcm: 0.607576 1.06814 0.362514
H: -1.00123 -0.0827419 -1.74707
L: 0.0104145 -0.0478771 0.447238
right
305
gcm: 0.607651 1.06681 0.371287
H: -1.30919 0.107617 -1.0532
L: 0.0039115 -0.0690685 0.456172
right
306
gcm: 0.607235 1.06542 0.37996
H: -1.40305 0.422638 0.115028
L: -0.0216407 -0.0722131 0.45102
right
307
gcm: 0.606596 1.06428 0.388429
H: -0.63136 0.421673 0.721431
L: -0.0332354 -0.0596535 0.440378
right
308
gcm: 0.606256 1.06324 0.397373
H: 0.186002 0.354371 0.828425
L: -0.0176674 -0.0541399 0.465088
right
309
gcm: 0.605891 1.06195 0.40672
H: 2.13006 0.615675 0.787068
L: -0.0189689 -0.0667779 0.486046
right
310
gcm: 0.604804 1.06096 0.415985
H: 2.41364 0.87364 3.02786
L: -0.0565198 -0.0515363 0.481765
right
311
gcm: 0.603829 1.05969 0.425461
H: 2.23584 0.699586 2.82329
L: -0.050708 -0.0659069 0.492736
right
312
gcm: 0.603438 1.05777 0.435266
H: 1.86521 0.589445 1.63155
L: -0.0203232 -0.099961 0.509901
right
313
gcm: 0.603028 1.0559 0.445155
H: 2.08844 0.542273 1.27015
L: -0.0213183 -0.0974668 0.514196
right
314
gcm: 0.602349 1.05409 0.455045
H: 3.45478 0.427246 0.887991
L: -0.0353324 -0.0937111 0.514299
right
315
gcm: 0.601428 1.05282 0.464628
H: 4.40351 0.661542 2.68488
L: -0.0478931 -0.0662778 0.498304
right
316
gcm: 0.600466 1.05174 0.474292
H: 1.78704 0.358756 2.13552
L: -0.0500154 -0.0563242 0.502528
right
317
gcm: 0.599565 1.05004 0.484338
H: 3.92523 0.0740381 0.142971
L: -0.0468336 -0.0880276 0.522387
right
318
gcm: 0.599109 1.04879 0.494932
H: 5.63803 0.292818 0.324
L: -0.0237389 -0.0651646 0.550911
right
319
gcm: 0.598735 1.04819 0.505974
H: 6.56141 0.483398 1.04913
L: -0.0194236 -0.0314679 0.574195
right
320
gcm: 0.597058 1.04741 0.517022
H: 4.89384 0.585831 3.4203
L: -0.0872459 -0.0402302 0.574454
right
321
gcm: 0.595878 1.04714 0.527787
H: 4.50301 0.409408 2.41317
L: -0.0613446 -0.0143133 0.559798
right
322
gcm: 0.59491 1.04684 0.538615
H: 5.65803 0.308507 1.49871
L: -0.050313 -0.0151966 0.563077
right
323
gcm: 0.59339 1.04605 0.549317
H: 5.55884 0.303264 2.06208
L: -0.0790753 -0.0413742 0.556506
none 
324
gcm: 0.59185 1.04559 0.560124
H: 4.68517 0.352289 1.8226
L: -0.0800514 -0.0237867 0.561955
none 
325
gcm: 0.590664 1.04554 0.571043
H: 4.64707 0.363189 0.856219
L: -0.0617042 -0.00275393 0.567784
none 
326
gcm: 0.589471 1.04534 0.581528
H: 4.22025 0.265892 0.735093
L: -0.0620403 -0.0104023 0.545197
none 
327
gcm: 0.58828 1.04514 0.591766
H: 4.238 0.202162 1.07488
L: -0.061925 -0.0104882 0.532384
none 
328
gcm: 0.586994 1.04513 0.602238
H: 4.82587 0.319212 1.15865
L: -0.066847 -0.000169791 0.544529
none 
329
gcm: 0.585056 1.04546 0.612898
H: 4.30223 0.420167 1.9422
L: -0.100759 0.0167646 0.554352
left
330
gcm: 0.583238 1.04634 0.623408
H: 4.409 0.362014 2.26183
L: -0.094564 0.0459644 0.546532
left
331
gcm: 0.583207 1.04643 0.635382
H: 10.8507 0.116149 0.253276
L: -0.00159067 0.00460843 0.622607
left
332
gcm: 0.583158 1.04704 0.646405
H: 8.45336 0.261965 -1.498
L: -0.0025817 0.031846 0.57322
left
333
gcm: 0.582341 1.04791 0.657031
H: 6.54677 0.266956 -0.210298
L: -0.0424622 0.0453948 0.552542
left
334
gcm: 0.581276 1.04905 0.667656
H: 5.69936 0.333497 1.17786
L: -0.0553669 0.0589502 0.552489
left
335
gcm: 0.580594 1.05064 0.67811
H: 5.78945 0.126218 0.619652
L: -0.0354896 0.0829111 0.543634
left
336
gcm: 0.580079 1.05229 0.688228
H: 5.16444 0.166131 -0.220325
L: -0.0267539 0.085862 0.526133
left
337
gcm: 0.579213 1.05382 0.698232
H: 4.52289 0.499927 0.218223
L: -0.0450257 0.0796079 0.520222
left
338
gcm: 0.578508 1.05519 0.708214
H: 4.8618 0.389362 -0.0621291
L: -0.0366894 0.0713007 0.519059
left
339
gcm: 0.578225 1.0564 0.717594
H: 3.72609 -0.0346224 -1.35864
L: -0.0147112 0.0626165 0.487722
left
340
gcm: 0.577072 1.05772 0.727154
H: 2.62488 0.296932 1.41806
L: -0.0599687 0.0688896 0.497143
left
341
gcm: 0.576634 1.05965 0.736625
H: 2.2148 0.1559 -0.420776
L: -0.0227714 0.100195 0.492494
left
342
gcm: 0.576512 1.06178 0.745882
H: 1.17959 -0.28688 -1.56439
L: -0.00632008 0.110539 0.481377
left
343
gcm: 0.576427 1.06384 0.755005
H: 0.861821 -0.496992 -1.77041
L: -0.00442248 0.107119 0.474399
left
344
gcm: 0.575651 1.06554 0.762875
H: -0.713441 -0.333715 0.77983
L: -0.0403601 0.0883698 0.409236
left
345
gcm: 0.574859 1.06669 0.77098
H: -0.66136 -0.285673 1.98671
L: -0.0411639 0.0602692 0.421423
left
346
gcm: 0.575703 1.06871 0.781577
H: 2.35817 -0.774036 -3.18497
L: 0.0438422 0.104842 0.551086
left
347
gcm: 0.575002 1.0701 0.790231
H: -0.162245 -0.431294 0.625912
L: -0.0364532 0.0720115 0.44997
left
348
gcm: 0.574304 1.07138 0.798942
H: -0.526264 -0.479938 1.0894
L: -0.0362568 0.0665882 0.452988
left
349
gcm: 0.573566 1.07257 0.80755
H: -1.15827 -0.532063 1.24536
L: -0.0383838 0.0620061 0.447593
left
350
gcm: 0.573112 1.0736 0.816196
H: -0.79899 -0.693009 -0.108946
L: -0.0236148 0.0534282 0.449601
left
351
gcm: 0.573084 1.07451 0.82495
H: -2.98394 -1.30621 -0.0736659
L: -0.00145474 0.0476172 0.455219
left
352
gcm: 0.573356 1.07618 0.833324
H: 0.0415511 -0.736726 -1.79257
L: 0.0141505 0.086748 0.43544
left
353
gcm: 0.573299 1.07772 0.841609
H: -2.23695 -1.08721 -0.803228
L: -0.00299009 0.0802031 0.430839
left
354
gcm: 0.572893 1.07882 0.849885
H: -2.05589 -0.997225 0.288014
L: -0.0210738 0.0572238 0.430365
left
355
gcm: 0.572557 1.07923 0.85784
H: -2.18614 -0.94555 0.532443
L: -0.0174948 0.0214212 0.413638
left
356
gcm: 0.572351 1.07971 0.866146
H: -1.84668 -0.993874 -0.170845
L: -0.0106931 0.0248443 0.431891
left
357
gcm: 0.572117 1.08006 0.874561
H: -1.67895 -1.05806 -0.544177
L: -0.0121733 0.0180236 0.437623
left
358
gcm: 0.571804 1.0799 0.88245
H: -2.40211 -0.966641 0.38738
L: -0.016264 -0.00822122 0.410215
left
359
gcm: 0.571783 1.08012 0.890317
H: -2.1626 -1.05335 -0.137896
L: -0.0011234 0.0111306 0.409071
left
360
gcm: 0.572031 1.08058 0.898881
H: -1.50017 -1.25357 -1.58677
L: 0.0128939 0.0239156 0.445313
left
361
gcm: 0.572236 1.08021 0.906488
H: -3.30168 -1.34875 -1.03237
L: 0.0106579 -0.0187392 0.39557
left
362
gcm: 0.572158 1.07974 0.914116
H: -3.03932 -1.1253 0.0144373
L: -0.00404102 -0.0244335 0.396694
left
363
gcm: 0.572071 1.0797 0.922176
H: -1.7336 -1.09701 -0.156322
L: -0.00451883 -0.00214513 0.419119
left
364
gcm: 0.572004 1.07947 0.930581
H: -0.937581 -1.14164 -0.158138
L: -0.00351198 -0.0120849 0.437027
left
365
gcm: 0.57217 1.07924 0.938665
H: -2.61331 -1.16236 0.187501
L: 0.00865867 -0.0121105 0.420357
left
366
gcm: 0.57207 1.07894 0.946192
H: -4.05335 -0.855141 1.04344
L: -0.00522964 -0.0156801 0.391418
left
367
gcm: 0.571889 1.07892 0.953868
H: -3.5147 -0.896528 0.133362
L: -0.00939998 -0.000764884 0.399145
left
368
gcm: 0.572238 1.07929 0.961689
H: -2.07466 -1.19244 -1.60561
L: 0.018177 0.0192312 0.406705
left
369
gcm: 0.57246 1.07949 0.969523
H: -2.61398 -1.16098 -0.704003
L: 0.0115284 0.0104189 0.407389
left
370
gcm: 0.572438 1.07965 0.977255
H: -3.19242 -1.09959 -0.189262
L: -0.00115952 0.00813036 0.402035
left
371
gcm: 0.572494 1.07984 0.984737
H: -2.91606 -1.10106 0.0230285
L: 0.00291122 0.0100262 0.389072
left
372
gcm: 0.572484 1.08013 0.992515
H: -3.06098 -0.941682 0.49888
L: -0.00048412 0.01508 0.404444
left
373
gcm: 0.572421 1.08068 1.00032
H: -3.7286 -0.97782 -0.103122
L: -0.00331148 0.0282995 0.405855
left
374
gcm: 0.572657 1.08165 1.00777
H: -3.47844 -1.1373 -0.439179
L: 0.0122695 0.0504739 0.387371
left
375
gcm: 0.572895 1.08238 1.01517
H: -3.45812 -1.03095 0.78699
L: 0.0123825 0.0383928 0.38508
left
376
gcm: 0.57299 1.08301 1.02259
H: -4.05651 -1.05782 0.380042
L: 0.00497074 0.0324184 0.385852
left
377
gcm: 0.573221 1.08369 1.03036
H: -3.15708 -1.13189 -0.408582
L: 0.0119891 0.0354605 0.403878
left
378
gcm: 0.572754 1.08301 1.03827
H: -3.48041 -0.769643 2.08943
L: -0.0243018 -0.0352945 0.411129
left
379
gcm: 0.573317 1.08221 1.04488
H: -4.47884 -1.06308 -0.722332
L: 0.0292978 -0.0414331 0.343753
left
380
gcm: 0.573452 1.08174 1.05213
H: -4.32487 -0.890261 -0.216056
L: 0.00702576 -0.0245995 0.377147
left
381
gcm: 0.5736 1.08211 1.06
H: -4.01488 -0.902213 0.17905
L: 0.0076894 0.0189135 0.409167
left
382
gcm: 0.573873 1.08201 1.06738
H: -3.90751 -1.01503 0.197008
L: 0.0141915 -0.00501967 0.383839
left
383
gcm: 0.574246 1.08181 1.07406
H: -3.91346 -1.07514 -0.147836
L: 0.0193712 -0.010092 0.34704
left
384
gcm: 0.574717 1.08218 1.08141
H: -3.06926 -0.9737 -0.37771
L: 0.0245385 0.019205 0.382523
left
385
gcm: 0.575054 1.08277 1.08939
H: -2.81512 -0.835394 0.137788
L: 0.017506 0.0306811 0.414738
left
386
gcm: 0.575137 1.08273 1.09688
H: -3.79917 -0.714934 1.23172
L: 0.0043289 -0.00225757 0.389581
left
387
gcm: 0.575491 1.08263 1.10451
H: -3.43357 -0.683351 0.355315
L: 0.0184095 -0.00535928 0.396897
left
388
gcm: 0.57606 1.08275 1.11242
H: -2.78093 -0.777874 -0.718133
L: 0.0295937 0.00619786 0.411336
left
389
gcm: 0.576242 1.0824 1.11959
H: -3.75718 -0.655055 1.12227
L: 0.00944406 -0.0178652 0.372594
left
390
gcm: 0.576372 1.0814 1.12668
H: -4.40882 -0.438078 1.92624
L: 0.00677066 -0.0521985 0.368977
left
391
gcm: 0.576749 1.08086 1.13428
H: -3.55742 -0.507098 0.905013
L: 0.0195972 -0.0280465 0.395085
left
392
gcm: 0.577312 1.08119 1.14162
H: -3.08625 -0.539696 0.665787
L: 0.0292444 0.0171994 0.381656
left
393
gcm: 0.578348 1.08167 1.14825
H: -3.6917 -0.550283 -0.358938
L: 0.0538908 0.0251692 0.344805
left
394
gcm: 0.577979 1.08133 1.15526
H: -3.65817 -0.163539 2.86453
L: -0.019194 -0.0178569 0.364211
left
395
gcm: 0.578348 1.08043 1.16351
H: -0.116278 0.0163475 1.57612
L: 0.0191999 -0.0470895 0.429449
left
396
gcm: 0.5793 1.07927 1.17206
H: 0.256601 -0.00391771 0.444154
L: 0.0494793 -0.0601083 0.444198
left
397
gcm: 0.580409 1.07938 1.18018
H: -0.836599 -0.245316 -0.102903
L: 0.0577008 0.00573509 0.422459
left
398
gcm: 0.581002 1.07885 1.18816
H: -0.0362664 -0.0935495 1.13048
L: 0.0308479 -0.0276681 0.414772
left
399
gcm: 0.581342 1.07811 1.19656
H: 0.997949 -0.0753455 1.1671
L: 0.0176552 -0.0384574 0.436944
left
400
gcm: 0.582561 1.07725 1.2051
H: 1.20917 -0.3881 -0.856497
L: 0.0634074 -0.0447448 0.443845
left
401
gcm: 0.584072 1.0764 1.21361
H: 1.02561 -0.434109 -0.935748
L: 0.0785411 -0.0439189 0.442922
left
402
gcm: 0.584774 1.07534 1.22239
H: 1.25678 -0.0833634 0.685874
L: 0.0365035 -0.055175 0.456567
left
403
gcm: 0.585457 1.07414 1.23141
H: 2.29989 -0.15191 0.0494737
L: 0.0355579 -0.0625735 0.468884
left
404
gcm: 0.586737 1.07301 1.24046
H: 2.58321 -0.316921 -1.25852
L: 0.0665212 -0.0585028 0.470794
left
405
gcm: 0.587976 1.07091 1.2495
H: 2.25891 -0.403242 -0.727095
L: 0.0644557 -0.10946 0.470041
left
406
gcm: 0.589228 1.0694 1.25879
H: 2.65859 -0.170386 -0.531262
L: 0.0650881 -0.0785803 0.482758
left
407
gcm: 0.591241 1.06818 1.26805
H: 2.79635 -0.328873 -1.99842
L: 0.10469 -0.0632084 0.48171
left
408
gcm: 0.591357 1.06653 1.27771
H: 3.38228 -0.0259334 0.69948
L: 0.00604371 -0.0859509 0.502516
left
409
gcm: 0.593274 1.06586 1.28629
H: 2.70098 -0.238091 -1.52834
L: 0.0996713 -0.0349641 0.445816
left
410
gcm: 0.594718 1.06621 1.29553
H: 3.35585 -0.134846 -0.544142
L: 0.0750692 0.0182272 0.480813
left
411
gcm: 0.595964 1.06744 1.30435
H: 3.07037 -0.224775 -0.746871
L: 0.0647847 0.0643512 0.458406
left
412
gcm: 0.597723 1.06777 1.31401
H: 5.12792 -0.366886 -1.27209
L: 0.0914629 0.0167009 0.502353
left
413
gcm: 0.599632 1.06819 1.324
H: 5.61699 -0.306863 -1.19686
L: 0.0992639 0.0218864 0.519354
left
414
gcm: 0.601575 1.06821 1.33464
H: 5.91141 -0.113173 -1.53579
L: 0.10104 0.00124085 0.553263
left
415
gcm: 0.603521 1.06817 1.34525
H: 5.7984 -0.23036 -1.79631
L: 0.101201 -0.00196436 0.551943
none 
416
gcm: 0.605365 1.06749 1.35511
H: 4.51533 -0.39828 -1.53734
L: 0.0958988 -0.0356928 0.512655
none 
417
gcm: 0.606774 1.06786 1.36453
H: 2.97908 -0.497702 -0.523592
L: 0.0732889 0.0195965 0.48999
none 
418
gcm: 0.607913 1.06801 1.37364
H: 2.65684 -0.416135 0.684904
L: 0.0591983 0.00787292 0.473643
none 
419
gcm: 0.609406 1.06815 1.38399
H: 4.77679 -0.214308 -0.33519
L: 0.0776502 0.0071796 0.53831
none 
420
gcm: 0.61118 1.06852 1.3938
H: 3.54667 -0.11006 -0.567344
L: 0.0922267 0.0191806 0.510144
none 
421
gcm: 0.612733 1.06888 1.40419
H: 8.57251 -0.559941 0.524999
L: 0.0807521 0.0185865 0.540163
right
422
gcm: 0.614578 1.07047 1.41523
H: 9.41941 -1.07837 -0.263596
L: 0.0959702 0.0827923 0.57382
right
423
gcm: 0.616711 1.0715 1.42604
H: 4.73999 -0.0802137 -2.89681
L: 0.110886 0.0534096 0.562236
right
424
gcm: 0.61831 1.07249 1.43573
H: 5.18077 -0.0719359 -1.67271
L: 0.0831645 0.0517685 0.503831
right
425
gcm: 0.620111 1.07347 1.44631
H: 6.88857 -0.435385 -1.21101
L: 0.0936647 0.0509579 0.550413
right
426
gcm: 0.621758 1.0748 1.45591
H: 5.01574 -0.364155 -0.909024
L: 0.0856392 0.0689726 0.498889
right
427
gcm: 0.622946 1.07613 1.46489
H: 2.48235 0.127173 -1.13813
L: 0.061776 0.0691417 0.466919
right
428
gcm: 0.624084 1.07727 1.47358
H: 3.72818 -0.285052 -0.765566
L: 0.0591834 0.0594551 0.452234
right
429
gcm: 0.625325 1.07876 1.4822
H: 4.82443 -0.9756 0.724229
L: 0.064516 0.0771736 0.448027
right
430
gcm: 0.626802 1.08038 1.49137
H: 3.01815 -0.584766 -0.503884
L: 0.076828 0.0842993 0.47682
right
431
gcm: 0.628175 1.08186 1.50081
H: 2.79515 -0.0392544 -0.747739
L: 0.0713725 0.0768755 0.491037
right
432
gcm: 0.628974 1.08323 1.50831
H: 1.50433 0.0230378 1.17955
L: 0.0415664 0.0713171 0.389679
right
433
gcm: 0.629914 1.0844 1.51767
H: 3.64345 -0.180214 0.711733
L: 0.0488676 0.060871 0.487041
right
434
gcm: 0.629787 1.0841 1.52399
H: -1.56444 0.298493 2.09184
L: -0.00662948 -0.015767 0.328573
right
435
gcm: 0.632813 1.08766 1.53545
H: 4.0994 -0.0728657 -5.38989
L: 0.157397 0.185535 0.595795
right
436
gcm: 0.635138 1.08877 1.54585
H: 3.89073 -0.260205 -4.85268
L: 0.120855 0.0575777 0.540707
right
437
gcm: 0.633944 1.08952 1.55139
H: -3.88509 1.14334 6.69041
L: -0.0620851 0.0387801 0.288367
right
438
gcm: 0.633487 1.09014 1.55768
H: -4.81707 1.14252 4.64055
L: -0.0237613 0.0324851 0.326897
right
439
gcm: 0.635789 1.09211 1.56717
H: 3.59027 -0.0358555 -4.46889
L: 0.119735 0.102169 0.493447
right
440
gcm: 0.63582 1.09308 1.57364
H: -4.49581 0.701229 2.01704
L: 0.00159218 0.0504323 0.336671
right
441
gcm: 0.639664 1.09626 1.58513
H: 2.53142 -0.199521 -8.47705
L: 0.199895 0.165541 0.597231
right
442
gcm: 0.641545 1.09775 1.59497
H: 1.06992 0.475298 -4.05729
L: 0.0978101 0.0773315 0.511603
right
443
gcm: 0.64191 1.09979 1.6043
H: -0.436007 1.1253 0.900917
L: 0.0190017 0.10634 0.485578
right
444
gcm: 0.641665 1.09929 1.61034
H: -4.44167 1.35712 2.66895
L: -0.0127449 -0.0262806 0.314055
right
445
gcm: 0.642076 1.10151 1.61796
H: -1.80238 1.04293 1.27757
L: 0.0213507 0.11583 0.395857
right
446
gcm: 0.642676 1.10146 1.62487
H: -2.23567 1.13186 1.1626
L: 0.0312225 -0.00266907 0.359631
right
447
gcm: 0.643831 1.10115 1.63288
H: -0.863069 0.955948 -0.0334619
L: 0.0600605 -0.0161935 0.416387
right
448
gcm: 0.644241 1.10133 1.6403
H: -2.00375 1.06278 0.0683478
L: 0.021324 0.00910439 0.385888
right
449
gcm: 0.644279 1.10159 1.64703
H: -3.58847 1.30928 1.50552
L: 0.00194532 0.0135303 0.349794
right
450
gcm: 0.645653 1.1018 1.6556
H: -0.497598 0.872339 -1.25983
L: 0.0714678 0.0113463 0.445567
right
451
gcm: 0.647059 1.10199 1.66381
H: -0.511193 0.536979 -2.29551
L: 0.0731159 0.00987392 0.42698
right
452
gcm: 0.647582 1.10237 1.67116
H: -2.21522 0.893269 -0.28184
L: 0.0271638 0.0195837 0.382228
right
453
gcm: 0.648096 1.1028 1.6791
H: -2.42787 1.10344 1.18638
L: 0.0267621 0.0224018 0.41284
right
454
gcm: 0.648534 1.1023 1.68664
H: -2.91889 1.0845 0.360607
L: 0.0227779 -0.0262429 0.392351
right
455
gcm: 0.649149 1.1011 1.69419
H: -1.62322 0.994704 -0.0275203
L: 0.0319604 -0.0624447 0.392581
right
456
gcm: 0.64963 1.09973 1.70192
H: -2.76381 1.09605 0.911365
L: 0.0250132 -0.0709758 0.401729
right
457
gcm: 0.650135 1.09881 1.70936
H: -1.87698 0.799959 -0.867961
L: 0.0262826 -0.0480346 0.386988
right
458
gcm: 0.651143 1.09813 1.7173
H: -0.703264 0.668149 -1.36844
L: 0.0523892 -0.0351748 0.412661
right
459
gcm: 0.651556 1.09829 1.72416
H: -0.616628 0.926884 -0.459317
L: 0.0214691 0.00807959 0.356812
right
460
gcm: 0.651804 1.09873 1.73203
H: -6.19812 1.00156 0.351587
L: 0.0129084 0.023168 0.409198
right
461
gcm: 0.652657 1.09862 1.74008
H: -3.85763 0.768889 -0.80264
L: 0.0443777 -0.00602405 0.418755
right
462
gcm: 0.653147 1.09897 1.74777
H: -2.64323 1.06149 0.884688
L: 0.0254331 0.0183302 0.40019
right
463
gcm: 0.653188 1.09969 1.75462
H: -2.27811 1.19476 1.98011
L: 0.00214458 0.0372576 0.355725
right
464
gcm: 0.653666 1.0993 1.76155
H: -1.86835 0.647953 -0.985135
L: 0.0248463 -0.0202382 0.360404
right
465
gcm: 0.654241 1.09846 1.7696
H: -4.9132 0.873839 -0.443369
L: 0.0298988 -0.0432347 0.418874
right
466
gcm: 0.654119 1.0984 1.77648
H: -2.11961 1.04375 1.39214
L: -0.00631148 -0.00359319 0.357805
right
467
gcm: 0.654483 1.09971 1.78469
H: -4.56136 0.688614 0.69293
L: 0.0189406 0.068422 0.426695
right
468
gcm: 0.655407 1.10013 1.7917
H: -2.33838 0.621771 -1.71064
L: 0.0480011 0.0216145 0.364842
right
469
gcm: 0.655722 1.09898 1.79952
H: -4.55061 0.751389 -0.603635
L: 0.0163898 -0.0595746 0.406227
right
470
gcm: 0.655238 1.09888 1.80643
H: -2.33559 1.10778 1.10025
L: -0.0251786 -0.00545971 0.359342
right
471
gcm: 0.655495 1.09967 1.8134
H: -2.60187 0.962626 0.150152
L: 0.0133702 0.0410653 0.362337
right
472
gcm: 0.656147 1.09963 1.82064
H: -2.6662 0.634899 -0.976422
L: 0.0339132 -0.00190481 0.376932
right
473
gcm: 0.656263 1.09937 1.82813
H: -5.06725 0.962062 -0.047549
L: 0.00601847 -0.0134262 0.389318
right
474
gcm: 0.656256 1.09998 1.83628
H: -5.41027 0.930324 0.621777
L: -0.000363992 0.0316263 0.423865
right
475
gcm: 0.656656 1.10041 1.8447
H: -4.60339 0.812608 -0.174811
L: 0.0208176 0.0223801 0.437564
right
476
gcm: 0.656783 1.09957 1.8517
H: -3.32992 0.854702 -0.247468
L: 0.00658573 -0.0438139 0.364164
right
477
gcm: 0.656471 1.09826 1.85742
H: -0.0979116 0.8495 -0.222117
L: -0.0161755 -0.0679435 0.297198
right
478
gcm: 0.656274 1.09835 1.86535
H: -5.12915 0.805893 0.229401
L: -0.0102456 0.00464088 0.412617
right
479
gcm: 0.656074 1.09864 1.87314
H: -4.81564 0.767319 0.831461
L: -0.0104083 0.0150269 0.404997
right
480
gcm: 0.656046 1.09858 1.88111
H: -4.3927 0.761639 0.256147
L: -0.00149736 -0.00284757 0.41426
right
481
gcm: 0.656409 1.09837 1.88833
H: -6.51322 0.658509 -1.59383
L: 0.0189194 -0.0112412 0.375599
right
482
gcm: 0.656624 1.09801 1.89514
H: -4.94844 0.657082 -1.11191
L: 0.0111713 -0.0185372 0.354381
right
483
gcm: 0.65679 1.09745 1.90301
H: -0.710379 0.384664 -0.536755
L: 0.0086023 -0.0293117 0.409039
right
484
gcm: 0.656325 1.0969 1.91072
H: -0.520647 0.470363 0.132465
L: -0.0241845 -0.0284564 0.40075
right
485
gcm: 0.655871 1.09648 1.91913
H: -2.05244 0.459877 0.117465
L: -0.0235593 -0.0217259 0.437329
right
486
gcm: 0.6558 1.09605 1.92865
H: -4.44905 0.310091 -1.05723
L: -0.00371863 -0.0225809 0.495487
right
487
gcm: 0.65559 1.09509 1.93735
H: -3.80287 0.355638 -1.0441
L: -0.0109005 -0.0499263 0.451959
right
488
gcm: 0.654746 1.094 1.94572
H: -2.89692 0.376496 0.117861
L: -0.0438948 -0.0568503 0.435204
right
489
gcm: 0.65363 1.093 1.95425
H: -1.76684 0.489247 1.66208
L: -0.0580244 -0.0515912 0.443982
right
490
gcm: 0.653259 1.09192 1.96275
H: 0.244944 0.715848 0.412589
L: -0.0193281 -0.0562999 0.441997
right
491
gcm: 0.653151 1.09087 1.97163
H: 0.377921 -0.277927 -1.60897
L: -0.00557206 -0.0545692 0.461709
right
492
gcm: 0.652864 1.08933 1.98024
H: 2.14742 -0.0386431 -0.701664
L: -0.0149438 -0.0800583 0.447321
right
493
gcm: 0.652054 1.08778 1.98876
H: 1.313 0.215967 0.0514364
L: -0.042129 -0.0808432 0.443091
right
494
gcm: 0.650996 1.08611 1.99718
H: 1.53373 -0.363753 -0.247862
L: -0.0550024 -0.0865448 0.438086
right
495
gcm: 0.650004 1.08501 2.00567
H: 0.645453 0.469797 0.504951
L: -0.0515839 -0.0573131 0.44148
right
496
gcm: 0.64926 1.08447 2.01444
H: 0.755296 0.107465 0.536617
L: -0.038677 -0.0280686 0.455908
right
497
gcm: 0.648415 1.08224 2.0237
H: 0.892819 0.232588 0.262037
L: -0.0439805 -0.116038 0.481386
right
498
gcm: 0.64705 1.07897 2.03276
H: -0.0910826 0.228113 1.42166
L: -0.0709562 -0.170229 0.471516
right
499
gcm: 0.64551 1.07742 2.04184
H: 0.89679 0.316465 1.41996
L: -0.0800753 -0.0802558 0.471746
right
500
gcm: 0.643981 1.07622 2.05096
H: 2.5643 0.194329 0.703897
L: -0.0795396 -0.0624678 0.474399
right
501
gcm: 0.643314 1.07377 2.06114
H: 2.3395 0.0453448 -0.947192
L: -0.0346549 -0.127686 0.529362
right
502
gcm: 0.642503 1.07202 2.07115
H: 2.07133 -0.0372652 -0.783831
L: -0.042153 -0.0906817 0.520688
right
503
gcm: 0.640963 1.07176 2.08119
H: 2.37125 0.213242 0.750486
L: -0.0801075 -0.0138128 0.52222
right
504
gcm: 0.638571 1.07225 2.09138
H: 1.70174 0.459412 2.75366
L: -0.124396 0.0255858 0.529474
right
505
gcm: 0.637447 1.07199 2.10156
H: 2.54962 0.0487786 -1.14806
L: -0.0584261 -0.0134063 0.529724
right
506
gcm: 0.635581 1.07177 2.11228
H: 2.87769 0.208275 0.282587
L: -0.0970653 -0.0114322 0.557151
right
507
gcm: 0.634177 1.07104 2.12265
H: 2.55232 0.210014 0.817198
L: -0.0729976 -0.0380549 0.539393
right
508
gcm: 0.633104 1.07075 2.13222
H: 1.89479 0.104326 -0.489465
L: -0.0557608 -0.0150486 0.497404
right
509
gcm: 0.630815 1.07143 2.14317
H: 4.08753 0.389292 1.66006
L: -0.119032 0.0353026 0.569739
none 
510
gcm: 0.628733 1.07204 2.15322
H: 3.22649 0.305277 2.03407
L: -0.108285 0.0317915 0.522474
none 
511
gcm: 0.626739 1.07223 2.16331
H: 3.61564 0.587685 0.347751
L: -0.103667 0.00992196 0.52482
none 
512
gcm: 0.624656 1.07261 2.17245
H: 2.94263 0.384219 0.302063
L: -0.108349 0.0198448 0.474998
none 
513
gcm: 0.622937 1.07332 2.18053
H: 1.71416 -0.141544 0.207985
L: -0.0893963 0.0369836 0.420115
none 
514
gcm: 0.621584 1.07423 2.19072
H: 4.45189 0.312601 -1.25567
L: -0.0703442 0.0472468 0.530112
left
515
gcm: 0.619977 1.07478 2.20029
H: 3.67396 0.456137 0.433178
L: -0.0835438 0.0284227 0.49743
left
516
gcm: 0.618469 1.07446 2.21298
H: 12.7669 0.82035 0.913563
L: -0.0784345 -0.0164742 0.659998
left
516
gcm: 0.618469 1.07446 2.21298
H: 0 0 0
L: 0 0 0
none 
