:metadata
 
Skeleton: /Network/Servers/duerer/Volumes/duerer/laturnus/workspace/new_acm/mocapPlayer/mocapPlayer/07-walk.asf
Motion: /Network/Servers/duerer/Volumes/duerer/laturnus/workspace/new_acm/mocapPlayer/mocapPlayer/07_05-walk.amc
Mass Distribution: /Network/Servers/duerer/Volumes/duerer/laturnus/workspace/new_acm/pointmass.amd
 
Inital skeleton translation: 0 0 0
Initial skeleton rotation: 0 0 0
 
:data
1
gcm: 0.466918 0.862746 -2.13497
H: -0.0281564 -0.00737216 -0.00609605
2
gcm: 0.467242 0.862612 -2.12733
H: -0.0228372 -0.00281357 -0.000630204
3
gcm: 0.466669 0.862656 -2.11957
H: -0.0205141 0.000629433 0.00285668
4
gcm: 0.466841 0.863005 -2.11118
H: -0.017747 -0.00791452 -0.00225019
5
gcm: 0.467722 0.863561 -2.10304
H: -0.0175492 -0.00824493 -0.00606885
6
gcm: 0.46883 0.86467 -2.09516
H: -0.0155564 -0.00880284 -0.00784698
7
gcm: 0.468931 0.867535 -2.08641
H: -0.0406973 -0.00368063 -0.0243018
8
gcm: 0.469787 0.866873 -2.07888
H: -0.0160114 -0.00361443 -0.00427373
9
gcm: 0.470345 0.867138 -2.07126
H: -0.0118357 -0.00518633 -0.00302628
10
gcm: 0.470857 0.867875 -2.06395
H: -0.00913355 -0.00499818 -0.00162994
11
gcm: 0.471618 0.867991 -2.05671
H: -0.00952356 -0.00386543 -0.000464049
12
gcm: 0.472428 0.868321 -2.04934
H: -0.00820338 -0.00477317 -0.00138135
13
gcm: 0.473025 0.868255 -2.04229
H: -0.00530783 -0.00282512 -0.00144421
14
gcm: 0.473436 0.867269 -2.03547
H: -0.00360498 -0.00325585 -0.0013588
15
gcm: 0.474461 0.866437 -2.02819
H: 0.000569591 -0.00856549 -0.00852365
16
gcm: 0.475632 0.865937 -2.02083
H: 0.00339908 -0.00698427 -0.00708083
17
gcm: 0.476548 0.866 -2.01362
H: 0.00400668 -0.00328881 -0.00311727
18
gcm: 0.477422 0.866478 -2.00633
H: 0.0064715 -0.00267755 -0.0138622
19
gcm: 0.477366 0.86659 -2.00083
H: 0.0040665 -0.00535643 -0.0240818
20
gcm: 0.478559 0.866029 -1.99412
H: 0.0103536 -0.00611135 -0.0073717
21
gcm: 0.481223 0.864887 -1.98579
H: 0.0144792 -0.00159344 0.00206794
22
gcm: 0.481082 0.864249 -1.98036
H: 0.010633 -0.00445779 -0.0182696
23
gcm: 0.484257 0.861959 -1.97131
H: 0.022587 -0.00141262 0.00751168
24
gcm: 0.484699 0.861831 -1.96399
H: 0.0204807 -0.00570575 -0.0153524
25
gcm: 0.486555 0.861223 -1.95721
H: 0.0206954 -0.000459746 0.002759
26
gcm: 0.487258 0.86018 -1.95073
H: 0.0277051 -0.002039 -0.0080036
27
gcm: 0.48845 0.858234 -1.9441
H: 0.0304343 -0.000726157 -0.00914017
28
gcm: 0.490542 0.858033 -1.93638
H: 0.026244 -0.00445673 -0.00672584
29
gcm: 0.492122 0.857489 -1.92848
H: 0.0209318 -0.00491254 -0.0137982
30
gcm: 0.493258 0.856684 -1.92096
H: 0.0298412 -0.00367835 -0.00729391
31
gcm: 0.49467 0.855422 -1.91338
H: 0.0304575 -0.00295807 -0.00495314
32
gcm: 0.496334 0.853996 -1.90564
H: 0.0277569 -0.00185428 -0.00721298
33
gcm: 0.497867 0.85402 -1.8977
H: 0.0283595 -0.00108688 -0.00631466
34
gcm: 0.499672 0.853739 -1.88999
H: 0.0354179 -0.00238923 -0.00619048
35
gcm: 0.501822 0.851754 -1.88228
H: 0.0387553 -0.00343261 -0.00460075
36
gcm: 0.503494 0.849556 -1.87518
H: 0.0376311 0.00270149 -0.00950005
37
gcm: 0.505435 0.849526 -1.86765
H: 0.0396636 -0.000768535 -0.00416319
38
gcm: 0.507186 0.848673 -1.85989
H: 0.0345452 0.00180897 -0.0109061
39
gcm: 0.508214 0.848896 -1.85272
H: 0.0331234 -0.00384212 -0.00713044
40
gcm: 0.509318 0.848326 -1.8452
H: 0.0322727 0.000609332 -0.00476433
41
gcm: 0.51226 0.847393 -1.83728
H: 0.0360888 -0.0124066 -0.0141984
42
gcm: 0.514612 0.846331 -1.8299
H: 0.0449518 -0.0101582 -0.0050964
43
gcm: 0.51582 0.848993 -1.82089
H: 0.0312957 0.00211358 -0.0160994
44
gcm: 0.517228 0.849638 -1.81193
H: 0.0259149 -0.00465646 -0.00568897
45
gcm: 0.518702 0.849862 -1.80387
H: 0.0275383 -0.00863595 -0.00367405
46
gcm: 0.520833 0.850745 -1.79603
H: 0.0293492 -0.00565642 -0.00810876
47
gcm: 0.523127 0.85221 -1.78784
H: 0.0304786 -0.0022863 -0.0104925
48
gcm: 0.52538 0.853402 -1.77926
H: 0.0315152 -0.00339686 -0.00695879
49
gcm: 0.527593 0.853913 -1.77077
H: 0.0288268 -0.00382076 -0.00639881
50
gcm: 0.529553 0.854316 -1.76266
H: 0.0266706 -0.00233387 -0.0055655
51
gcm: 0.531286 0.855485 -1.75452
H: 0.0270845 -0.00219996 -0.00438997
52
gcm: 0.533075 0.857161 -1.74589
H: 0.0244292 -0.00352588 -0.00278798
53
gcm: 0.535141 0.858604 -1.7372
H: 0.0209398 -0.00385666 -0.0046271
54
gcm: 0.537198 0.859923 -1.72894
H: 0.0201912 -0.00388829 -0.00526324
55
gcm: 0.538923 0.861243 -1.72059
H: 0.0197656 -0.00474433 -0.00127317
56
gcm: 0.540459 0.862835 -1.71182
H: 0.0189075 -0.00812019 -0.00160944
57
gcm: 0.541808 0.864635 -1.70314
H: 0.0169686 -0.00885473 -0.00465938
58
gcm: 0.542705 0.866346 -1.69483
H: 0.0128938 -0.00224699 -0.00348404
59
gcm: 0.543822 0.868076 -1.68689
H: 0.00758551 -0.00227923 -0.000563305
60
gcm: 0.545536 0.869577 -1.67878
H: 0.00535618 -0.0088943 -0.00137103
61
gcm: 0.547023 0.870971 -1.66989
H: 0.00425186 -0.00838757 -0.002057
62
gcm: 0.548403 0.872514 -1.66078
H: -0.00159175 -0.00624621 -0.000729095
63
gcm: 0.549763 0.874458 -1.65196
H: -0.00476251 -0.00505797 -0.000101925
64
gcm: 0.550677 0.87606 -1.64331
H: -0.00430882 -0.00398725 -0.000761371
65
gcm: 0.551249 0.877635 -1.63441
H: -0.00725516 -0.00539555 0.000110271
66
gcm: 0.55202 0.878725 -1.62568
H: -0.0111135 -0.00583841 0.00204697
67
gcm: 0.553152 0.879757 -1.61712
H: -0.0113633 -0.00524562 0.00186886
68
gcm: 0.554225 0.88108 -1.60819
H: -0.0149591 -0.00501996 3.76784e-05
69
gcm: 0.554979 0.881995 -1.59891
H: -0.0176734 -0.00442542 -0.000579867
70
gcm: 0.555389 0.882704 -1.58976
H: -0.0164374 -0.00443327 0.00173979
71
gcm: 0.55603 0.883282 -1.58139
H: -0.0194961 -0.00588553 0.00330305
72
gcm: 0.556757 0.883422 -1.57295
H: -0.0219786 -0.00515485 0.00387009
73
gcm: 0.557209 0.883875 -1.56375
H: -0.0192348 -0.00371712 0.00377571
74
gcm: 0.557636 0.884453 -1.55467
H: -0.0201712 -0.00533184 0.00271053
75
gcm: 0.558115 0.884694 -1.54584
H: -0.0231087 -0.00530477 -0.0012014
76
gcm: 0.558527 0.884095 -1.53688
H: -0.0238136 -0.00340424 0.00070034
77
gcm: 0.559047 0.883901 -1.52792
H: -0.0217889 -0.0040457 0.00368389
78
gcm: 0.559494 0.883584 -1.51922
H: -0.0225512 -0.00463277 0.00513143
79
gcm: 0.559792 0.883598 -1.51015
H: -0.0265344 -0.00677942 0.00571089
80
gcm: 0.559953 0.884153 -1.50057
H: -0.0293799 -0.00941561 0.00850053
81
gcm: 0.560078 0.884203 -1.49176
H: -0.0255691 -0.00272799 0.00242047
82
gcm: 0.560255 0.883952 -1.48306
H: -0.0267398 -0.00286034 0.00316777
83
gcm: 0.56026 0.883354 -1.47431
H: -0.0249837 -0.00365068 0.0047794
84
gcm: 0.560262 0.8831 -1.46488
H: -0.0218258 0.000120317 0.00430865
85
gcm: 0.560315 0.882582 -1.45567
H: -0.0232764 0.000260616 0.00585493
86
gcm: 0.560127 0.882287 -1.44724
H: -0.0291033 -0.00143164 0.00724879
87
gcm: 0.560046 0.882671 -1.43842
H: -0.0278577 0.00160261 0.00390005
88
gcm: 0.560222 0.883098 -1.4298
H: -0.0284655 0.000924754 0.00354467
89
gcm: 0.560152 0.883239 -1.42186
H: -0.0319045 -0.00344235 0.00790017
90
gcm: 0.560124 0.88321 -1.41359
H: -0.0280889 -0.00312289 0.00452496
91
gcm: 0.560157 0.883072 -1.40505
H: -0.0252909 0.002543 0.00352238
92
gcm: 0.559459 0.882821 -1.39688
H: -0.0287037 0.00205147 0.0134066
93
gcm: 0.558926 0.883122 -1.38853
H: -0.02701 0.00103679 0.0110241
94
gcm: 0.559329 0.88391 -1.37993
H: -0.0226159 0.00273208 -0.00121279
95
gcm: 0.559686 0.88422 -1.37184
H: -0.0230592 0.00115789 -0.000541109
96
gcm: 0.559582 0.884169 -1.3639
H: -0.0241534 0.00114543 0.00511919
97
gcm: 0.559097 0.884228 -1.35612
H: -0.0245462 0.00200667 0.00662231
98
gcm: 0.558596 0.884381 -1.34836
H: -0.0228593 0.00289917 0.00854295
99
gcm: 0.55849 0.884453 -1.34037
H: -0.0205846 0.00318425 0.00796581
100
gcm: 0.558696 0.884651 -1.33254
H: -0.0177788 0.0040421 0.0044995
101
gcm: 0.558618 0.885605 -1.32496
H: -0.0165933 0.00624153 0.00373773
102
gcm: 0.558128 0.886773 -1.31749
H: -0.0189229 0.00532317 0.00634106
103
gcm: 0.558023 0.886903 -1.30991
H: -0.0172511 0.00363791 0.0055614
104
gcm: 0.558139 0.887166 -1.30228
H: -0.0118934 0.00488094 0.00281454
105
gcm: 0.557771 0.88795 -1.2949
H: -0.0113677 0.00699484 0.00494896
106
gcm: 0.557367 0.887434 -1.28773
H: -0.0133284 0.00626244 0.00568445
107
gcm: 0.557225 0.886446 -1.28062
H: -0.0108995 0.00408546 0.00584354
108
gcm: 0.556341 0.886372 -1.27427
H: -0.00719974 0.00300061 0.0161526
109
gcm: 0.556565 0.886749 -1.26682
H: -0.00427148 0.00747 -0.00968131
110
gcm: 0.555561 0.886618 -1.25925
H: -0.00784334 0.00906835 0.00495861
111
gcm: 0.554292 0.886006 -1.25181
H: -0.00951988 0.00678452 0.0142036
112
gcm: 0.553634 0.885415 -1.24476
H: -0.00699716 0.00461094 0.00896519
113
gcm: 0.55307 0.884857 -1.23785
H: -0.00189596 0.00661578 0.00457135
114
gcm: 0.552623 0.883734 -1.2306
H: 0.00306587 0.00661447 0.00282087
115
gcm: 0.552229 0.882335 -1.22331
H: 0.00453386 0.00535325 -0.000932775
116
gcm: 0.55147 0.881097 -1.21639
H: 0.00772829 0.00661077 -0.000111711
117
gcm: 0.550811 0.880069 -1.20937
H: 0.0106055 0.00807492 0.00412514
118
gcm: 0.550351 0.87947 -1.20243
H: 0.0108128 0.00665505 0.00451746
119
gcm: 0.54929 0.878764 -1.19584
H: 0.013327 0.0051201 0.00155656
120
gcm: 0.548131 0.877651 -1.1887
H: 0.0158823 0.00456038 -0.000330058
121
gcm: 0.547563 0.875792 -1.18128
H: 0.0165904 0.00616404 0.00131332
122
gcm: 0.546904 0.874042 -1.17426
H: 0.0190033 0.00717538 0.00226606
123
gcm: 0.545754 0.873112 -1.16717
H: 0.0241242 0.00631613 0.00169398
124
gcm: 0.544723 0.872181 -1.16002
H: 0.0234479 0.00795282 0.00289005
125
gcm: 0.544265 0.870864 -1.15271
H: 0.0240918 0.00668701 0.00388131
126
gcm: 0.543636 0.869181 -1.14536
H: 0.0284038 0.00467077 0.00190936
127
gcm: 0.542526 0.867579 -1.13776
H: 0.0313941 0.00843243 0.00106846
128
gcm: 0.541614 0.866176 -1.13083
H: 0.0323622 0.0152757 0.000504148
129
gcm: 0.540745 0.864737 -1.12375
H: 0.0338623 0.00960229 0.00423903
130
gcm: 0.539908 0.862588 -1.11645
H: 0.0383066 0.00715908 0.00623309
131
gcm: 0.53875 0.860439 -1.10938
H: 0.0396565 0.00587173 0.00633384
132
gcm: 0.53762 0.859479 -1.10203
H: 0.0394439 0.0039714 0.00334214
133
gcm: 0.536373 0.859263 -1.09359
H: 0.0392834 0.00617066 0.00237194
134
gcm: 0.534488 0.85903 -1.08526
H: 0.0393522 0.0113599 0.0039067
135
gcm: 0.533092 0.858461 -1.07772
H: 0.0398631 0.00850034 0.00203613
136
gcm: 0.532231 0.857504 -1.0703
H: 0.0381228 0.0048322 0.00187174
137
gcm: 0.53105 0.856285 -1.06275
H: 0.0376832 0.0102845 0.00588703
138
gcm: 0.529898 0.854655 -1.05504
H: 0.0425675 0.013541 0.00490776
139
gcm: 0.528896 0.853842 -1.04691
H: 0.0406358 0.0103645 0.00500737
140
gcm: 0.527558 0.853703 -1.03896
H: 0.0363366 0.0112761 0.00738713
141
gcm: 0.526187 0.853864 -1.03148
H: 0.0400621 0.0127837 0.00866601
142
gcm: 0.525112 0.854757 -1.02379
H: 0.0461136 0.00799549 0.00938414
143
gcm: 0.523154 0.854934 -1.01654
H: 0.0427167 0.0197545 0.00682115
144
gcm: 0.521615 0.85557 -1.00796
H: 0.0351937 0.00713513 0.0112195
145
gcm: 0.520205 0.856519 -1.00043
H: 0.0393332 0.012036 0.00551239
146
gcm: 0.518833 0.858164 -0.9933
H: 0.0396572 0.0115679 0.00713569
147
gcm: 0.517094 0.85961 -0.985573
H: 0.033048 0.00996181 0.0071653
148
gcm: 0.515287 0.861277 -0.97711
H: 0.0262017 0.0112046 0.00430883
149
gcm: 0.513868 0.863506 -0.969044
H: 0.030317 0.0122303 0.00186462
150
gcm: 0.512403 0.865844 -0.960982
H: 0.0327609 0.00822055 0.00152492
151
gcm: 0.511314 0.867847 -0.952639
H: 0.0271013 0.00843917 0.00651122
152
gcm: 0.509322 0.869885 -0.944475
H: 0.0238367 0.00963419 0.00669858
153
gcm: 0.50784 0.872476 -0.936274
H: 0.021923 0.00585193 0.00445135
154
gcm: 0.506787 0.875265 -0.927915
H: 0.0177153 0.00511415 0.0048298
155
gcm: 0.50541 0.87814 -0.91946
H: 0.0148927 0.00874403 0.0056249
156
gcm: 0.504273 0.881113 -0.910529
H: 0.0105008 0.0103818 0.00325108
157
gcm: 0.503286 0.883866 -0.901598
H: 0.00673363 0.00821374 0.00199462
158
gcm: 0.50204 0.88649 -0.892827
H: 0.00655683 0.0071502 0.0041935
159
gcm: 0.501178 0.888495 -0.884106
H: 0.00357695 0.00573412 0.00569985
160
gcm: 0.499594 0.890177 -0.875497
H: 0.00153656 0.0064087 0.00457994
161
gcm: 0.498104 0.892357 -0.867224
H: -5.84143e-05 0.00701923 0.00449288
162
gcm: 0.496966 0.894524 -0.858812
H: 0.000746306 0.00720074 0.000472877
163
gcm: 0.495932 0.896392 -0.850269
H: 0.00540115 0.00888821 -0.00698751
164
gcm: 0.494985 0.898496 -0.840372
H: -0.0211232 0.00222768 0.00399082
165
gcm: 0.493882 0.900134 -0.830975
H: -0.0148248 0.00467544 0.00302003
166
gcm: 0.492913 0.901266 -0.821896
H: -0.0104755 0.00594572 0.000625663
167
gcm: 0.49208 0.902226 -0.812586
H: -0.0114768 0.00647452 -0.000691398
168
gcm: 0.491553 0.903024 -0.802882
H: -0.0146445 0.00440321 -0.00312143
169
gcm: 0.491233 0.903315 -0.788404
H: 0.00522649 0.00801808 0.00218493
170
gcm: 0.489736 0.90402 -0.783758
H: -0.0407588 0.00250856 0.00321803
171
gcm: 0.488464 0.90458 -0.77767
H: -0.0341998 0.00553587 0.00412676
172
gcm: 0.488049 0.904664 -0.769368
H: -0.0234453 0.00259117 -0.00113289
173
gcm: 0.487693 0.904144 -0.760009
H: -0.0222855 0.00189065 -0.000153532
174
gcm: 0.487304 0.903988 -0.750163
H: -0.0241977 0.00565189 0.000483669
175
gcm: 0.487282 0.904116 -0.740098
H: -0.0229875 0.000246823 -0.00214475
176
gcm: 0.487634 0.903502 -0.729297
H: -0.0187712 -0.00409622 -0.00144603
177
gcm: 0.488413 0.902384 -0.713621
H: 0.00592214 0.00920253 0.000661828
178
gcm: 0.488544 0.902002 -0.70471
H: -0.0296453 0.000803611 -0.000532699
179
gcm: 0.489582 0.901354 -0.696137
H: -0.0342295 -0.0080489 -0.00798181
180
gcm: 0.488288 0.900928 -0.685593
H: -0.0214264 0.0208465 0.0133116
181
gcm: 0.48692 0.901597 -0.684141
H: -0.0651392 -0.00238255 0.00518386
182
gcm: 0.486886 0.900873 -0.676691
H: -0.034498 -0.00240299 -0.000419316
183
gcm: 0.487819 0.899517 -0.665532
H: -0.0144947 0.0040465 -0.00451399
184
gcm: 0.488422 0.898762 -0.654743
H: -0.0135584 0.00653022 -0.00524045
185
gcm: 0.489987 0.899244 -0.641228
H: -0.0155625 -0.00151915 -0.00936722
186
gcm: 0.488445 0.899922 -0.637909
H: -0.0555801 0.0031004 0.0116581
187
gcm: 0.490196 0.89986 -0.624002
H: -0.00293409 0.000248806 -0.00699651
188
gcm: 0.490766 0.899933 -0.611842
H: -0.0162464 0.00433708 -0.00470477
189
gcm: 0.491097 0.900277 -0.602119
H: -0.0257102 0.00102595 -0.00417923
190
gcm: 0.491423 0.899943 -0.594443
H: -0.0325792 -0.00294892 -0.000739225
191
gcm: 0.491168 0.899893 -0.588886
H: -0.0429266 -0.00519364 0.00337842
192
gcm: 0.490665 0.900559 -0.583294
H: -0.0418642 -0.00225958 0.00357873
193
gcm: 0.491131 0.900373 -0.574976
H: -0.0280106 0.000603575 -0.000983852
194
gcm: 0.492556 0.899833 -0.563713
H: -0.0127517 -0.00585894 -0.0103764
195
gcm: 0.492736 0.90003 -0.555723
H: -0.0281074 -8.56355e-06 -0.000498677
196
gcm: 0.494926 0.900305 -0.543851
H: -0.012477 0.0070426 -0.0108588
197
gcm: 0.494398 0.900055 -0.538102
H: -0.0315977 -0.0092882 0.00242008
198
gcm: 0.496108 0.900496 -0.527266
H: -0.00716266 -0.00895079 -0.0111023
199
gcm: 0.495753 0.901285 -0.520788
H: -0.0333428 0.000153471 0.00245898
200
gcm: 0.496171 0.901416 -0.513497
H: -0.0261907 -0.00312882 -0.0020237
201
gcm: 0.497237 0.901359 -0.505567
H: -0.0164368 -0.001996 -0.00237374
202
gcm: 0.498441 0.900992 -0.497444
H: -0.0155752 -0.00487013 -0.00295755
203
gcm: 0.499201 0.900603 -0.489628
H: -0.0146252 -0.00642296 -0.00572035
204
gcm: 0.499782 0.900642 -0.48184
H: -0.0124052 -0.00175835 -0.00390839
205
gcm: 0.500603 0.901421 -0.473793
H: -0.00887661 6.35751e-05 -0.00312543
206
gcm: 0.501516 0.901492 -0.465898
H: -0.00739429 -0.00417095 -0.00618743
207
gcm: 0.502107 0.901436 -0.458408
H: -0.00418697 -0.00673742 -0.00580645
208
gcm: 0.502725 0.901365 -0.451176
H: 7.35172e-05 -0.00515065 -0.0054598
209
gcm: 0.503529 0.901059 -0.444185
H: 0.0051918 -0.0046903 -0.00807303
210
gcm: 0.504526 0.900557 -0.436363
H: -0.0034644 -0.00426652 -0.00541092
211
gcm: 0.505676 0.899923 -0.428547
H: -0.00108969 -0.00459474 -0.0049966
212
gcm: 0.507048 0.899369 -0.420073
H: 0.00615472 -0.00623353 -0.00468055
213
gcm: 0.508323 0.899278 -0.411656
H: 0.0109536 -0.0082515 -0.00186178
214
gcm: 0.509387 0.898765 -0.404427
H: 0.0104323 -0.00467317 -0.00499027
215
gcm: 0.510648 0.898238 -0.396412
H: 0.0184113 -0.00317645 -0.00993726
216
gcm: 0.512097 0.896894 -0.388713
H: 0.0190912 -0.0025244 -0.0100882
217
gcm: 0.513473 0.895035 -0.381416
H: 0.0200454 -0.00226953 -0.00848697
218
gcm: 0.515102 0.892914 -0.373578
H: 0.0216133 -0.00384492 -0.00828762
219
gcm: 0.516834 0.891072 -0.365309
H: 0.0247975 -0.00674526 -0.00888454
220
gcm: 0.518543 0.8888 -0.357469
H: 0.0282186 -0.00918757 -0.0072508
221
gcm: 0.519915 0.887474 -0.350169
H: 0.0303377 -0.0055616 -0.00870737
222
gcm: 0.521691 0.885684 -0.341872
H: 0.0369623 -0.00504853 -0.0109422
223
gcm: 0.523305 0.883499 -0.33318
H: 0.0396907 -0.00307717 -0.0104623
224
gcm: 0.524383 0.882367 -0.325307
H: 0.0340981 -0.00284106 -0.0103106
225
gcm: 0.525371 0.882867 -0.317794
H: 0.0317182 -0.0017944 -0.00925543
226
gcm: 0.526998 0.882195 -0.309271
H: 0.0326225 -0.00443886 -0.00863823
227
gcm: 0.529313 0.880765 -0.30003
H: 0.0367292 -0.00853902 -0.00986034
228
gcm: 0.531751 0.878104 -0.291631
H: 0.0373587 -0.00737269 -0.00805152
229
gcm: 0.533738 0.87715 -0.283651
H: 0.0387093 -0.00472898 -0.00950223
230
gcm: 0.535617 0.87648 -0.274659
H: 0.0419614 -0.00900671 -0.0128939
231
gcm: 0.537606 0.87534 -0.266147
H: 0.0387172 -0.00936042 -0.0142512
232
gcm: 0.53938 0.874547 -0.258438
H: 0.0331174 -0.0100479 -0.0118469
233
gcm: 0.541277 0.874254 -0.24895
H: 0.0416855 -0.0107 -0.015832
234
gcm: 0.542851 0.874256 -0.240648
H: 0.0331673 -0.0084694 -0.00748224
235
gcm: 0.544584 0.874313 -0.231554
H: 0.038277 -0.0059887 -0.012048
236
gcm: 0.546355 0.874714 -0.222036
H: 0.0424265 -0.0069305 -0.0157108
237
gcm: 0.548338 0.875298 -0.213642
H: 0.0364296 -0.0100992 -0.0141287
238
gcm: 0.550225 0.875649 -0.205733
H: 0.033607 -0.0115338 -0.00885042
239
gcm: 0.552337 0.876036 -0.196709
H: 0.0394744 -0.0109862 -0.00855909
240
gcm: 0.554344 0.876187 -0.187983
H: 0.0260882 -0.0136347 -0.00172281
241
gcm: 0.556157 0.876284 -0.178863
H: 0.0253453 -0.0140799 -0.00575419
242
gcm: 0.558058 0.876861 -0.169547
H: 0.0252111 -0.00929627 -0.00767371
243
gcm: 0.559883 0.878308 -0.160837
H: 0.0246988 -0.00918174 -0.00955051
244
gcm: 0.561687 0.880232 -0.152398
H: 0.0234495 -0.0144533 -0.0076361
245
gcm: 0.563571 0.881784 -0.143759
H: 0.0262189 -0.0146697 -0.0053295
246
gcm: 0.564902 0.882996 -0.134555
H: 0.0293068 -0.0170581 -0.00374792
247
gcm: 0.566943 0.885042 -0.126064
H: 0.0182074 -0.0149731 -0.00251054
248
gcm: 0.568955 0.886487 -0.116138
H: 0.0149078 -0.0135355 -0.00289933
249
gcm: 0.570918 0.88808 -0.106539
H: 0.0162125 -0.0124238 -0.00503848
250
gcm: 0.572327 0.890193 -0.0963103
H: 0.0160322 -0.00849925 -0.00646492
251
gcm: 0.573797 0.891749 -0.0863152
H: 0.0129219 -0.0119977 -0.0063082
252
gcm: 0.57491 0.893519 -0.0770794
H: 0.00926146 -0.0131371 -0.00431063
253
gcm: 0.575651 0.895977 -0.068064
H: 0.00224707 -0.0102614 -0.00254286
254
gcm: 0.576653 0.898174 -0.0582352
H: 0.000493667 -0.00986926 -0.00211787
255
gcm: 0.577847 0.899644 -0.0479442
H: 0.003426 -0.0101591 -0.00391329
256
gcm: 0.578435 0.901027 -0.0382948
H: -0.00133386 -0.0102804 -0.0062596
257
gcm: 0.579106 0.902574 -0.0291056
H: -0.00741354 -0.00866614 -0.00386211
258
gcm: 0.580034 0.904155 -0.0189107
H: -0.00970298 -0.00857562 -0.000730682
259
gcm: 0.580876 0.905738 -0.00861712
H: -0.00887276 -0.00753287 -0.00376152
260
gcm: 0.581604 0.907533 0.00141684
H: -0.00899092 -0.00752091 -0.00563545
261
gcm: 0.582315 0.91005 0.0116288
H: -0.0120671 -0.00825352 -0.00274605
262
gcm: 0.582754 0.911112 0.0215978
H: -0.0182816 -0.0103664 0.0019508
263
gcm: 0.583282 0.912053 0.0317254
H: -0.020485 -0.0110865 0.00374581
264
gcm: 0.584128 0.913113 0.0417736
H: -0.0218087 -0.0091038 0.00172813
265
gcm: 0.584845 0.913619 0.0518188
H: -0.020682 -0.00922167 0.000767426
266
gcm: 0.585249 0.913101 0.0621729
H: -0.0217822 -0.0107403 0.00214706
267
gcm: 0.585979 0.914035 0.0723456
H: -0.0204207 -0.00931566 0.00315015
268
gcm: 0.58685 0.915828 0.0823748
H: -0.0197889 -0.00818968 0.00233614
269
gcm: 0.587587 0.916503 0.092388
H: -0.0236703 -0.00784483 -0.00138904
270
gcm: 0.587614 0.916829 0.102564
H: -0.0308457 -0.0083484 0.00473503
271
gcm: 0.587644 0.916213 0.112317
H: -0.0338607 -0.00875524 0.00510202
272
gcm: 0.587992 0.915862 0.12201
H: -0.027027 -0.00843552 0.00283218
273
gcm: 0.588387 0.91582 0.1324
H: -0.0211626 -0.00628229 0.000558758
274
gcm: 0.588721 0.915827 0.142073
H: -0.02962 -0.00825451 0.00478669
275
gcm: 0.589237 0.91532 0.152012
H: -0.0300754 -0.00524959 0.00351874
276
gcm: 0.589633 0.914824 0.162175
H: -0.0266669 -0.00570021 0.00231622
277
gcm: 0.58966 0.914469 0.171674
H: -0.0295326 -0.00640944 0.00400646
278
gcm: 0.589794 0.914505 0.180966
H: -0.0291027 -0.00555366 0.00346726
279
gcm: 0.590215 0.91486 0.191172
H: -0.0264 -0.00477246 0.00222617
280
gcm: 0.590569 0.915353 0.201215
H: -0.0271393 -0.00581796 0.00314269
281
gcm: 0.590736 0.916064 0.210136
H: -0.027299 -0.00658582 0.00359855
282
gcm: 0.590638 0.916885 0.219078
H: -0.026314 -0.00590278 0.00477497
283
gcm: 0.590674 0.917778 0.228967
H: -0.0238626 -0.00415059 0.00488219
284
gcm: 0.591006 0.918553 0.239256
H: -0.0219454 -0.00394714 0.00345851
285
gcm: 0.590964 0.918785 0.248944
H: -0.0260081 -0.00336497 0.00502305
286
gcm: 0.590571 0.918488 0.257613
H: -0.0294527 -0.00291152 0.00613878
287
gcm: 0.591373 0.919337 0.266996
H: -0.0222725 -0.00524723 5.44662e-05
288
gcm: 0.591595 0.920498 0.276006
H: -0.0249077 -0.00476134 0.00270479
289
gcm: 0.591499 0.920336 0.285075
H: -0.0233973 -0.00252783 0.00543054
290
gcm: 0.591517 0.920348 0.293794
H: -0.0230607 -0.00110275 0.00758531
291
gcm: 0.591603 0.921226 0.302518
H: -0.0198112 -0.00275288 0.00660579
292
gcm: 0.591542 0.922592 0.311065
H: -0.0163246 -0.00328508 0.00347333
293
gcm: 0.590956 0.923791 0.319426
H: -0.019911 -0.000273517 0.00732863
294
gcm: 0.590779 0.924194 0.327896
H: -0.02241 0.000210938 0.00709951
295
gcm: 0.591017 0.924248 0.337051
H: -0.0170547 -0.00052064 0.00631284
296
gcm: 0.590811 0.924342 0.345532
H: -0.0125825 -0.000284386 0.00674988
297
gcm: 0.590516 0.924612 0.353403
H: -0.00544056 0.00044556 0.00776729
298
gcm: 0.590244 0.925622 0.361374
H: -0.00499085 0.00192346 0.010218
299
gcm: 0.590092 0.926948 0.369475
H: -0.00772459 0.00122339 0.0102218
300
gcm: 0.589708 0.927873 0.377364
H: -0.00708818 2.15152e-05 0.00920218
301
gcm: 0.589311 0.927999 0.385549
H: -0.00767566 -0.00104601 0.00840042
302
gcm: 0.589503 0.927622 0.39426
H: -0.00312966 0.00157319 0.00933627
303
gcm: 0.589245 0.927493 0.402151
H: 0.00439299 0.00115362 0.00872752
304
gcm: 0.588716 0.927008 0.410205
H: 0.00615443 0.000197377 0.00839079
305
gcm: 0.587966 0.926054 0.418072
H: 0.00373252 -0.00157168 0.00808367
306
gcm: 0.587314 0.924858 0.425508
H: 0.00828833 -5.1302e-05 0.00696374
307
gcm: 0.586747 0.92372 0.433142
H: 0.0171361 0.00239264 0.00489417
308
gcm: 0.586001 0.922639 0.441405
H: 0.0190451 0.00108394 0.00525456
309
gcm: 0.585063 0.921101 0.449759
H: 0.0159875 -0.00243358 0.00590778
310
gcm: 0.583791 0.919804 0.458141
H: 0.0226624 -0.00254047 0.00421357
311
gcm: 0.582745 0.918399 0.466542
H: 0.0220589 0.000373145 0.00443157
312
gcm: 0.582467 0.91632 0.47501
H: 0.0204485 0.00227313 0.00508788
313
gcm: 0.582103 0.914146 0.483274
H: 0.0260803 0.00361722 0.00568332
314
gcm: 0.581266 0.91184 0.491452
H: 0.0295919 0.00385895 0.00830329
315
gcm: 0.580406 0.909927 0.499933
H: 0.0332512 0.00316019 0.0103688
316
gcm: 0.579545 0.90859 0.508317
H: 0.0366466 0.00415098 0.0102529
317
gcm: 0.578682 0.906529 0.516578
H: 0.0370569 0.00607302 0.00876778
318
gcm: 0.578356 0.904662 0.525331
H: 0.0360796 0.00684557 0.0077815
319
gcm: 0.577983 0.903284 0.534831
H: 0.0347359 0.00774383 0.00777707
320
gcm: 0.576512 0.90187 0.544667
H: 0.0298867 0.00764187 0.0095522
321
gcm: 0.57543 0.90095 0.554013
H: 0.0310627 0.00428734 0.0106673
322
gcm: 0.574359 0.899887 0.562939
H: 0.0388362 0.00495151 0.00845397
323
gcm: 0.572918 0.898345 0.571898
H: 0.0465603 0.00883524 0.00393059
324
gcm: 0.571739 0.897227 0.581002
H: 0.0426075 0.00819369 0.00455826
325
gcm: 0.570885 0.896405 0.590102
H: 0.0354188 0.00870124 0.00700988
326
gcm: 0.570014 0.895322 0.59876
H: 0.0373327 0.0101879 0.00768703
327
gcm: 0.569102 0.894156 0.607133
H: 0.042088 0.0105196 0.00859793
328
gcm: 0.56815 0.893173 0.615869
H: 0.0417905 0.0117586 0.00839133
329
gcm: 0.566907 0.8926 0.624858
H: 0.0382265 0.0116846 0.00921536
330
gcm: 0.565849 0.892633 0.633692
H: 0.0391533 0.0120712 0.0104737
331
gcm: 0.565838 0.8926 0.643391
H: 0.03045 0.013207 0.00555793
332
gcm: 0.565522 0.892646 0.652174
H: 0.0334778 0.0113944 0.00429925
333
gcm: 0.564899 0.893286 0.660855
H: 0.0338626 0.0106716 0.00300449
334
gcm: 0.564243 0.894311 0.669589
H: 0.0312308 0.012172 0.00264953
335
gcm: 0.563821 0.89565 0.678462
H: 0.0270213 0.012969 0.00603222
336
gcm: 0.563827 0.897032 0.687638
H: 0.0277409 0.0118448 0.00634765
337
gcm: 0.563688 0.898347 0.696743
H: 0.0277517 0.0121606 0.00160736
338
gcm: 0.563259 0.899625 0.705688
H: 0.0249853 0.0131597 -0.000157133
339
gcm: 0.563133 0.900793 0.714214
H: 0.0223564 0.0132743 -0.000872689
340
gcm: 0.562713 0.902051 0.723028
H: 0.0146425 0.0126329 0.00400583
341
gcm: 0.562938 0.903907 0.732312
H: 0.0136291 0.015198 0.00166416
342
gcm: 0.563408 0.906031 0.741465
H: 0.0103895 0.0133474 0.00244305
343
gcm: 0.563926 0.908166 0.749668
H: 0.00735985 0.00948132 0.00136027
344
gcm: 0.564072 0.909795 0.756755
H: -0.00445305 0.00551062 0.00479934
345
gcm: 0.564082 0.910945 0.765172
H: -0.00829667 0.00837375 0.00824816
346
gcm: 0.565035 0.913155 0.77613
H: 0.00966942 0.0176595 -0.00221963
347
gcm: 0.565143 0.914508 0.785412
H: -0.00452529 0.0137889 0.00121274
348
gcm: 0.565238 0.915652 0.794228
H: -0.0070061 0.0102919 0.00107011
349
gcm: 0.564969 0.91678 0.802856
H: -0.00929807 0.0102932 0.000692578
350
gcm: 0.564978 0.917872 0.811931
H: -0.00900162 0.0128683 -0.00119723
351
gcm: 0.565541 0.919082 0.821707
H: -0.0169888 0.00908347 0.00472241
352
gcm: 0.566141 0.920559 0.830257
H: -0.0119261 0.0111557 -0.00424825
353
gcm: 0.566661 0.922165 0.838973
H: -0.018041 0.0107648 -0.00349733
354
gcm: 0.566803 0.923305 0.847828
H: -0.0207535 0.0112368 0.000131834
355
gcm: 0.567086 0.923699 0.856662
H: -0.0252714 0.0102506 0.00233026
356
gcm: 0.567539 0.924185 0.866178
H: -0.0224523 0.0101168 0.000862732
357
gcm: 0.567811 0.92465 0.875232
H: -0.0229754 0.0099435 -0.000967586
358
gcm: 0.568043 0.924497 0.883482
H: -0.0272693 0.0083188 0.000279118
359
gcm: 0.568531 0.92457 0.892457
H: -0.0215927 0.0101378 0.000804076
360
gcm: 0.569143 0.925027 0.902441
H: -0.0191041 0.012293 0.000753837
361
gcm: 0.56988 0.924877 0.909959
H: -0.0339749 0.00631876 -0.0027757
362
gcm: 0.570538 0.924574 0.918193
H: -0.026096 0.00785099 -0.00427604
363
gcm: 0.57104 0.924562 0.927209
H: -0.0267044 0.00697837 -0.000770347
364
gcm: 0.5713 0.924195 0.937289
H: -0.025458 0.00857015 0.00497942
365
gcm: 0.571887 0.923895 0.94664
H: -0.0236454 0.00849641 0.0013857
366
gcm: 0.572337 0.923771 0.954705
H: -0.0305559 0.00752468 -0.00308948
367
gcm: 0.57272 0.924 0.963423
H: -0.0332127 0.00949103 -0.000672857
368
gcm: 0.573514 0.924374 0.9723
H: -0.0259006 0.00826361 -0.00311981
369
gcm: 0.573983 0.924608 0.980951
H: -0.0243968 0.00753741 -0.00411851
370
gcm: 0.574163 0.924853 0.989573
H: -0.0281778 0.00780289 -0.000322295
371
gcm: 0.574609 0.925006 0.998104
H: -0.0286063 0.00593282 -0.000352815
372
gcm: 0.575124 0.92525 1.00693
H: -0.0281332 0.00635157 -0.0022457
373
gcm: 0.575418 0.925893 1.01553
H: -0.0282254 0.00626043 -0.00245458
374
gcm: 0.57595 0.926989 1.02377
H: -0.0293546 0.00216048 -0.00305625
375
gcm: 0.576612 0.927745 1.03229
H: -0.0297287 0.000837793 -0.00170029
376
gcm: 0.576943 0.928445 1.04104
H: -0.0215689 0.0049946 -0.000765982
377
gcm: 0.577317 0.929295 1.04978
H: -0.0172004 0.00469119 -0.00386257
378
gcm: 0.577237 0.928902 1.05835
H: -0.025404 0.00174638 -0.00240084
379
gcm: 0.577769 0.928225 1.0657
H: -0.0265583 0.0051333 -0.00137215
380
gcm: 0.577929 0.928016 1.07363
H: -0.0266661 0.00611123 -0.00380502
381
gcm: 0.57821 0.928768 1.08207
H: -0.0201047 0.00372191 -0.00738605
382
gcm: 0.578584 0.929012 1.09003
H: -0.0174415 0.00166432 -0.0040525
383
gcm: 0.579057 0.929038 1.09748
H: -0.0199457 0.00233036 0.000125467
384
gcm: 0.579738 0.929646 1.10579
H: -0.0189642 0.0052611 -0.000699545
385
gcm: 0.580188 0.930596 1.1142
H: -0.0173495 0.00168473 -0.00234673
386
gcm: 0.58028 0.930878 1.1219
H: -0.0180771 0.000307954 -0.00209535
387
gcm: 0.580751 0.930911 1.13022
H: -0.0102248 0.00642679 -0.00493126
388
gcm: 0.58135 0.931145 1.13893
H: -0.00394788 0.00470507 -0.00596066
389
gcm: 0.581547 0.931079 1.14674
H: -0.00882568 0.000265441 -0.00107039
390
gcm: 0.581804 0.930442 1.15437
H: -0.0102672 -2.39325e-05 -6.61853e-05
391
gcm: 0.582071 0.930263 1.16219
H: -0.00697506 4.95345e-05 -0.00451481
392
gcm: 0.582396 0.930833 1.16965
H: -0.00282903 -0.000146152 -0.00387797
393
gcm: 0.583363 0.931089 1.17635
H: 0.00271054 0.0018208 -0.00676904
394
gcm: 0.583242 0.930661 1.18389
H: 0.00459791 0.000868273 -0.00478336
395
gcm: 0.583525 0.930083 1.19206
H: 0.00785767 0.00206689 -0.00172732
396
gcm: 0.584242 0.929151 1.20009
H: 0.0101661 0.00103094 -0.00529637
397
gcm: 0.585156 0.929369 1.20754
H: 0.00714937 -0.000517561 -0.00825901
398
gcm: 0.585639 0.92872 1.21464
H: 0.0119792 -4.41892e-06 -0.00626971
399
gcm: 0.585768 0.92799 1.22204
H: 0.0173572 -0.00241091 -0.00478877
400
gcm: 0.586702 0.927058 1.22939
H: 0.0179364 -0.0029461 -0.00810347
401
gcm: 0.587952 0.926203 1.23718
H: 0.0192688 -0.00525446 -0.00702939
402
gcm: 0.588516 0.924993 1.24508
H: 0.0240258 -0.00120135 -0.00329072
403
gcm: 0.589202 0.92335 1.25296
H: 0.0290893 0.000849159 -0.00566436
404
gcm: 0.590312 0.92154 1.26008
H: 0.033704 5.15969e-05 -0.0100986
405
gcm: 0.591303 0.919122 1.26764
H: 0.0362088 -0.00348 -0.00668518
406
gcm: 0.592348 0.917163 1.27525
H: 0.0392746 0.000785798 -0.00884264
407
gcm: 0.593903 0.915517 1.28309
H: 0.0440957 -0.00268783 -0.0119998
408
gcm: 0.594294 0.913452 1.29139
H: 0.0330365 -0.00718878 -0.00630226
409
gcm: 0.595938 0.911996 1.29798
H: 0.0337597 -0.00172623 -0.00620199
410
gcm: 0.597403 0.911662 1.30601
H: 0.0279451 -0.00222129 -0.00498959
411
gcm: 0.598462 0.91227 1.3131
H: 0.0249937 -0.00253655 -0.00424011
412
gcm: 0.600239 0.91182 1.32215
H: 0.0376508 -0.0040527 -0.00686667
413
gcm: 0.602136 0.911323 1.3308
H: 0.0402668 -0.00680111 -0.00840728
414
gcm: 0.603732 0.910316 1.33907
H: 0.0484374 -0.00552739 -0.0117675
415
gcm: 0.605277 0.909308 1.34756
H: 0.0416861 -0.00600803 -0.0105761
416
gcm: 0.60682 0.907779 1.35591
H: 0.031419 -0.00840731 -0.0105227
417
gcm: 0.608047 0.907594 1.36423
H: 0.0309436 -0.013987 -0.013115
418
gcm: 0.608732 0.9072 1.37113
H: 0.0254362 -0.0152227 -0.0121329
419
gcm: 0.609895 0.906636 1.37986
H: 0.0377458 -0.0108734 -0.00877619
420
gcm: 0.61169 0.90642 1.38789
H: 0.0375446 -0.0123145 -0.00841371
421
gcm: 0.61308 0.906627 1.39585
H: 0.0199668 -0.0124606 -0.00987544
422
gcm: 0.614079 0.907944 1.40421
H: 0.0223455 -0.00849619 -0.0190028
423
gcm: 0.615991 0.909051 1.41193
H: 0.0146043 -0.0126316 -0.00181224
424
gcm: 0.617508 0.910068 1.42022
H: 0.0185691 -0.0132193 -0.00473404
425
gcm: 0.61919 0.91102 1.43094
H: 0.035195 -0.0138484 -0.0088093
426
gcm: 0.62079 0.912462 1.43979
H: 0.0263627 -0.0163194 -0.00782069
427
gcm: 0.622204 0.914063 1.44768
H: 0.0161902 -0.0152386 -0.00459897
428
gcm: 0.623212 0.915427 1.45484
H: 0.0146273 -0.0116696 -0.0059097
429
gcm: 0.624144 0.917002 1.4617
H: 0.0173824 -0.0100338 -0.0116577
430
gcm: 0.625522 0.918746 1.46953
H: 0.0121578 -0.0108533 -0.00746776
431
gcm: 0.626886 0.92048 1.47916
H: 0.0107648 -0.0126837 0.00112949
432
gcm: 0.627476 0.922149 1.48513
H: -0.00505611 -0.0120808 -0.000836034
433
gcm: 0.62889 0.923474 1.49751
H: 0.0205702 -0.0117087 -0.00682669
434
gcm: 0.628916 0.923172 1.50592
H: -0.00946604 -0.0101815 0.00335229
435
gcm: 0.631523 0.927278 1.51747
H: 0.0249243 -0.0125146 -0.0152529
436
gcm: 0.633052 0.929115 1.5279
H: 0.0239017 -0.00637845 -0.0122369
437
gcm: 0.632078 0.929884 1.53637
H: -0.0247001 -0.00692655 0.00823117
438
gcm: 0.631967 0.930813 1.54316
H: -0.0382676 -0.0116905 -0.00114185
439
gcm: 0.634111 0.933066 1.55568
H: 0.0118232 -0.0143929 -0.00447107
440
gcm: 0.63418 0.933934 1.56265
H: -0.0215285 -0.0108472 0.00411446
441
gcm: 0.637068 0.937474 1.57255
H: 0.0169333 -0.0125819 -0.0177009
442
gcm: 0.638591 0.939108 1.58478
H: 0.0014496 -0.0101455 -0.00277199
443
gcm: 0.638943 0.941124 1.5971
H: -0.0123201 -0.00531808 0.00310097
444
gcm: 0.638635 0.940646 1.60238
H: -0.034698 -0.00771689 0.000499405
445
gcm: 0.638713 0.943141 1.61262
H: -0.016553 -0.0129437 0.00709714
446
gcm: 0.638996 0.943377 1.62237
H: -0.0161007 -0.0122243 0.00642529
447
gcm: 0.640339 0.943218 1.63397
H: -0.0123366 -0.0140909 0.00268625
448
gcm: 0.64099 0.943593 1.64333
H: -0.0251485 -0.00853311 0.00551232
449
gcm: 0.641061 0.944158 1.65151
H: -0.0299204 -0.00759358 0.00386361
450
gcm: 0.642005 0.944803 1.66341
H: -0.0105394 -0.0118426 -0.000348263
451
gcm: 0.642953 0.945259 1.67367
H: -0.0156972 -0.0137154 0.00357029
452
gcm: 0.643439 0.945822 1.68363
H: -0.0226392 -0.00839045 0.00574488
453
gcm: 0.643619 0.946492 1.69374
H: -0.0249261 -0.00998113 0.00497961
454
gcm: 0.643767 0.946397 1.70307
H: -0.0232834 -0.0089706 0.00383411
455
gcm: 0.644328 0.945664 1.71261
H: -0.0242013 -0.00956045 0.00430547
456
gcm: 0.644724 0.944757 1.72247
H: -0.0224941 -0.00880938 0.00702433
457
gcm: 0.644795 0.944194 1.7316
H: -0.0269272 -0.00648023 0.00706006
458
gcm: 0.645469 0.943877 1.74162
H: -0.0229802 -0.00634381 0.000618724
459
gcm: 0.645731 0.944391 1.75257
H: -0.0206419 -0.00489819 0.00499238
460
gcm: 0.645453 0.945402 1.76056
H: -0.034381 -0.00866837 0.0120878
461
gcm: 0.646029 0.94583 1.76959
H: -0.0303618 -0.00729849 0.00618588
462
gcm: 0.646297 0.946809 1.77934
H: -0.0226334 -0.00628565 0.00509303
463
gcm: 0.646104 0.948009 1.78894
H: -0.0225666 -0.00530843 0.00563994
464
gcm: 0.646558 0.94791 1.79851
H: -0.0214494 -0.00617257 0.0048314
465
gcm: 0.646747 0.947815 1.80718
H: -0.0279459 -0.00723862 0.00577137
466
gcm: 0.64648 0.948151 1.81684
H: -0.0185336 -0.00598827 0.0102687
467
gcm: 0.646732 0.94987 1.8238
H: -0.0255392 -0.0156685 0.0118272
468
gcm: 0.647358 0.950719 1.83373
H: -0.0217981 -0.0026492 0.00554131
469
gcm: 0.647579 0.95015 1.84163
H: -0.0191834 -0.00430455 0.00658471
470
gcm: 0.646944 0.950516 1.85095
H: -0.016522 0.00175499 0.0088123
471
gcm: 0.646793 0.951733 1.86071
H: -0.0185247 -0.000757827 0.00711
472
gcm: 0.647138 0.952166 1.87018
H: -0.013953 -0.00586014 0.00782975
473
gcm: 0.647084 0.952575 1.87822
H: -0.0196727 -0.00208958 0.00866271
474
gcm: 0.647202 0.95367 1.88522
H: -0.0214481 -0.00679582 0.00754953
475
gcm: 0.647539 0.954596 1.89326
H: -0.0186705 -0.00573749 0.00630128
476
gcm: 0.647372 0.954293 1.90213
H: -0.0132526 0.000425762 0.0113887
477
gcm: 0.646777 0.953238 1.91247
H: -0.00551207 0.00530874 0.0145156
478
gcm: 0.646781 0.953961 1.91974
H: -0.0139144 -0.00306638 0.010117
479
gcm: 0.646607 0.954613 1.92751
H: -0.0120612 -0.00469022 0.00771612
480
gcm: 0.646417 0.954929 1.93522
H: -0.0138158 -0.00314756 0.007084
481
gcm: 0.646535 0.955006 1.9427
H: -0.00385295 -0.0025179 0.00886487
482
gcm: 0.646814 0.95497 1.9502
H: -0.000370234 0.000410418 0.00859301
483
gcm: 0.646867 0.954734 1.95837
H: -0.00476617 -0.00201718 0.0104666
484
gcm: 0.646256 0.95431 1.96739
H: -0.00151929 0.00332566 0.00898591
485
gcm: 0.645728 0.954111 1.97511
H: -0.00333269 0.00387476 0.00910905
486
gcm: 0.64582 0.954124 1.98117
H: -0.00295482 0.000991203 0.00484491
487
gcm: 0.645754 0.953731 1.9881
H: 0.000610853 -0.00236788 0.00793561
488
gcm: 0.645216 0.952922 1.99496
H: 0.00523231 8.80901e-05 0.00472351
489
gcm: 0.64438 0.951859 2.00194
H: 0.0136041 0.0034959 0.00588828
490
gcm: 0.644158 0.950912 2.00996
H: 0.00966872 0.00258104 0.0137064
491
gcm: 0.644164 0.949712 2.01794
H: 0.0181219 0.0026133 0.00565902
492
gcm: 0.643701 0.947562 2.0254
H: 0.0212569 -0.00150972 -0.00176731
493
gcm: 0.642765 0.946223 2.03391
H: 0.0190718 -0.0046564 0.00759635
494
gcm: 0.640989 0.943642 2.04117
H: 0.0306515 -0.00404277 -0.0128156
495
gcm: 0.639749 0.94242 2.04926
H: 0.0249323 -0.00259444 0.00486108
496
gcm: 0.63914 0.940978 2.05647
H: 0.0314273 0.00410986 -0.000525353
497
gcm: 0.638033 0.938893 2.06479
H: 0.0270043 -0.00689215 0.0044628
498
gcm: 0.636782 0.934829 2.07097
H: 0.029307 0.00564402 0.000135295
499
gcm: 0.634856 0.932932 2.07755
H: 0.0305355 -0.0019582 0.00963833
500
gcm: 0.633353 0.931106 2.08496
H: 0.0427802 0.00546713 0.00304756
501
gcm: 0.632713 0.927818 2.0926
H: 0.0415073 0.00356836 -0.00315756
502
gcm: 0.632326 0.924976 2.09983
H: 0.0345491 0.00577521 0.000303479
503
gcm: 0.631225 0.924504 2.10801
H: 0.0308999 -0.000116261 0.0074273
504
gcm: 0.629286 0.924457 2.11569
H: 0.0354972 0.00376929 0.00426395
505
gcm: 0.628362 0.923164 2.12304
H: 0.0312676 0.00950983 0.00116249
506
gcm: 0.626274 0.922454 2.13137
H: 0.0358516 0.00535085 0.00558594
507
gcm: 0.624771 0.921041 2.13924
H: 0.0371089 0.00522951 0.000247102
508
gcm: 0.624178 0.919991 2.1467
H: 0.0345248 0.00660531 0.00187034
509
gcm: 0.62227 0.919697 2.15429
H: 0.0431707 0.00955185 -0.00341844
510
gcm: 0.621076 0.919459 2.16201
H: 0.0389716 0.00663095 -0.0023784
511
gcm: 0.619008 0.918764 2.16954
H: 0.0349413 0.0207752 0.00800693
512
gcm: 0.61756 0.917957 2.17557
H: 0.040396 0.0178654 0.00549508
513
gcm: 0.616196 0.917727 2.18057
H: 0.0276701 0.00485983 0.0113777
514
gcm: 0.616005 0.917574 2.18867
H: 0.0404028 0.0233301 -0.000530864
515
gcm: 0.614005 0.917351 2.19595
H: 0.0309207 0.0066954 0.0154153
516
gcm: 0.61415 0.916934 2.20762
H: 0.0456766 0.0196396 0.00858851
516
gcm: 0.61415 0.916934 2.20762
H: 0 0 0
