:metadata
 
Skeleton: /Network/Servers/duerer/Volumes/duerer/laturnus/workspace/new_acm/07-walk.asf
Motion: /Network/Servers/duerer/Volumes/duerer/laturnus/workspace/new_acm/07_05-walk.amc
Mass Distribution: /Network/Servers/duerer/Volumes/duerer/laturnus/workspace/new_acm/pointmass.amd
 
Inital skeleton translation: 0 0 0
Initial skeleton rotation: 0 0 0
 
:data
1
0.466918 0.862746 -2.13497
2
0.467242 0.862612 -2.12733
3
0.466669 0.862656 -2.11957
4
0.466841 0.863005 -2.11118
5
0.467722 0.863561 -2.10304
6
0.46883 0.86467 -2.09516
7
0.468931 0.867535 -2.08641
8
0.469787 0.866873 -2.07888
9
0.470345 0.867138 -2.07126
10
0.470857 0.867875 -2.06395
11
0.471618 0.867991 -2.05671
12
0.472428 0.868321 -2.04934
13
0.473025 0.868255 -2.04229
14
0.473436 0.867269 -2.03547
15
0.474461 0.866437 -2.02819
16
0.475632 0.865937 -2.02083
17
0.476548 0.866 -2.01362
18
0.477422 0.866478 -2.00633
19
0.477366 0.86659 -2.00083
20
0.478559 0.866029 -1.99412
21
0.481223 0.864887 -1.98579
22
0.481082 0.864249 -1.98036
23
0.484257 0.861959 -1.97131
24
0.484699 0.861831 -1.96399
25
0.486555 0.861223 -1.95721
26
0.487258 0.86018 -1.95073
27
0.48845 0.858234 -1.9441
28
0.490542 0.858033 -1.93638
29
0.492122 0.857489 -1.92848
30
0.493258 0.856684 -1.92096
31
0.49467 0.855422 -1.91338
32
0.496334 0.853996 -1.90564
33
0.497867 0.85402 -1.8977
34
0.499672 0.853739 -1.88999
35
0.501822 0.851754 -1.88228
36
0.503494 0.849556 -1.87518
37
0.505435 0.849526 -1.86765
38
0.507186 0.848673 -1.85989
39
0.508214 0.848896 -1.85272
40
0.509318 0.848326 -1.8452
41
0.51226 0.847393 -1.83728
42
0.514612 0.846331 -1.8299
43
0.51582 0.848993 -1.82089
44
0.517228 0.849638 -1.81193
45
0.518702 0.849862 -1.80387
46
0.520833 0.850745 -1.79603
47
0.523127 0.85221 -1.78784
48
0.52538 0.853402 -1.77926
49
0.527593 0.853913 -1.77077
50
0.529553 0.854316 -1.76266
51
0.531286 0.855485 -1.75452
52
0.533075 0.857161 -1.74589
53
0.535141 0.858604 -1.7372
54
0.537198 0.859923 -1.72894
55
0.538923 0.861243 -1.72059
56
0.540459 0.862835 -1.71182
57
0.541808 0.864635 -1.70314
58
0.542705 0.866346 -1.69483
59
0.543822 0.868076 -1.68689
60
0.545536 0.869577 -1.67878
61
0.547023 0.870971 -1.66989
62
0.548403 0.872514 -1.66078
63
0.549763 0.874458 -1.65196
64
0.550677 0.87606 -1.64331
65
0.551249 0.877635 -1.63441
66
0.55202 0.878725 -1.62568
67
0.553152 0.879757 -1.61712
68
0.554225 0.88108 -1.60819
69
0.554979 0.881995 -1.59891
70
0.555389 0.882704 -1.58976
71
0.55603 0.883282 -1.58139
72
0.556757 0.883422 -1.57295
73
0.557209 0.883875 -1.56375
74
0.557636 0.884453 -1.55467
75
0.558115 0.884694 -1.54584
76
0.558527 0.884095 -1.53688
77
0.559047 0.883901 -1.52792
78
0.559494 0.883584 -1.51922
79
0.559792 0.883598 -1.51015
80
0.559953 0.884153 -1.50057
81
0.560078 0.884203 -1.49176
82
0.560255 0.883952 -1.48306
83
0.56026 0.883354 -1.47431
84
0.560262 0.8831 -1.46488
85
0.560315 0.882582 -1.45567
86
0.560127 0.882287 -1.44724
87
0.560046 0.882671 -1.43842
88
0.560222 0.883098 -1.4298
89
0.560152 0.883239 -1.42186
90
0.560124 0.88321 -1.41359
91
0.560157 0.883072 -1.40505
92
0.559459 0.882821 -1.39688
93
0.558926 0.883122 -1.38853
94
0.559329 0.88391 -1.37993
95
0.559686 0.88422 -1.37184
96
0.559582 0.884169 -1.3639
97
0.559097 0.884228 -1.35612
98
0.558596 0.884381 -1.34836
99
0.55849 0.884453 -1.34037
100
0.558696 0.884651 -1.33254
101
0.558618 0.885605 -1.32496
102
0.558128 0.886773 -1.31749
103
0.558023 0.886903 -1.30991
104
0.558139 0.887166 -1.30228
105
0.557771 0.88795 -1.2949
106
0.557367 0.887434 -1.28773
107
0.557225 0.886446 -1.28062
108
0.556341 0.886372 -1.27427
109
0.556565 0.886749 -1.26682
110
0.555561 0.886618 -1.25925
111
0.554292 0.886006 -1.25181
112
0.553634 0.885415 -1.24476
113
0.55307 0.884857 -1.23785
114
0.552623 0.883734 -1.2306
115
0.552229 0.882335 -1.22331
116
0.55147 0.881097 -1.21639
117
0.550811 0.880069 -1.20937
118
0.550351 0.87947 -1.20243
119
0.54929 0.878764 -1.19584
120
0.548131 0.877651 -1.1887
121
0.547563 0.875792 -1.18128
122
0.546904 0.874042 -1.17426
123
0.545754 0.873112 -1.16717
124
0.544723 0.872181 -1.16002
125
0.544265 0.870864 -1.15271
126
0.543636 0.869181 -1.14536
127
0.542526 0.867579 -1.13776
128
0.541614 0.866176 -1.13083
129
0.540745 0.864737 -1.12375
130
0.539908 0.862588 -1.11645
131
0.53875 0.860439 -1.10938
132
0.53762 0.859479 -1.10203
133
0.536373 0.859263 -1.09359
134
0.534488 0.85903 -1.08526
135
0.533092 0.858461 -1.07772
136
0.532231 0.857504 -1.0703
137
0.53105 0.856285 -1.06275
138
0.529898 0.854655 -1.05504
139
0.528896 0.853842 -1.04691
140
0.527558 0.853703 -1.03896
141
0.526187 0.853864 -1.03148
142
0.525112 0.854757 -1.02379
143
0.523154 0.854934 -1.01654
144
0.521615 0.85557 -1.00796
145
0.520205 0.856519 -1.00043
146
0.518833 0.858164 -0.9933
147
0.517094 0.85961 -0.985573
148
0.515287 0.861277 -0.97711
149
0.513868 0.863506 -0.969044
150
0.512403 0.865844 -0.960982
151
0.511314 0.867847 -0.952639
152
0.509322 0.869885 -0.944475
153
0.50784 0.872476 -0.936274
154
0.506787 0.875265 -0.927915
155
0.50541 0.87814 -0.91946
156
0.504273 0.881113 -0.910529
157
0.503286 0.883866 -0.901598
158
0.50204 0.88649 -0.892827
159
0.501178 0.888495 -0.884106
160
0.499594 0.890177 -0.875497
161
0.498104 0.892357 -0.867224
162
0.496966 0.894524 -0.858812
163
0.495932 0.896392 -0.850269
164
0.494985 0.898496 -0.840372
165
0.493882 0.900134 -0.830975
166
0.492913 0.901266 -0.821896
167
0.49208 0.902226 -0.812586
168
0.491553 0.903024 -0.802882
169
0.491233 0.903315 -0.788404
170
0.489736 0.90402 -0.783758
171
0.488464 0.90458 -0.77767
172
0.488049 0.904664 -0.769368
173
0.487693 0.904144 -0.760009
174
0.487304 0.903988 -0.750163
175
0.487282 0.904116 -0.740098
176
0.487634 0.903502 -0.729297
177
0.488413 0.902384 -0.713621
178
0.488544 0.902002 -0.70471
179
0.489582 0.901354 -0.696137
180
0.488288 0.900928 -0.685593
181
0.48692 0.901597 -0.684141
182
0.486886 0.900873 -0.676691
183
0.487819 0.899517 -0.665532
184
0.488422 0.898762 -0.654743
185
0.489987 0.899244 -0.641228
186
0.488445 0.899922 -0.637909
187
0.490196 0.89986 -0.624002
188
0.490766 0.899933 -0.611842
189
0.491097 0.900277 -0.602119
190
0.491423 0.899943 -0.594443
191
0.491168 0.899893 -0.588886
192
0.490665 0.900559 -0.583294
193
0.491131 0.900373 -0.574976
194
0.492556 0.899833 -0.563713
195
0.492736 0.90003 -0.555723
196
0.494926 0.900305 -0.543851
197
0.494398 0.900055 -0.538102
198
0.496108 0.900496 -0.527266
199
0.495753 0.901285 -0.520788
200
0.496171 0.901416 -0.513497
201
0.497237 0.901359 -0.505567
202
0.498441 0.900992 -0.497444
203
0.499201 0.900603 -0.489628
204
0.499782 0.900642 -0.48184
205
0.500603 0.901421 -0.473793
206
0.501516 0.901492 -0.465898
207
0.502107 0.901436 -0.458408
208
0.502725 0.901365 -0.451176
209
0.503529 0.901059 -0.444185
210
0.504526 0.900557 -0.436363
211
0.505676 0.899923 -0.428547
212
0.507048 0.899369 -0.420073
213
0.508323 0.899278 -0.411656
214
0.509387 0.898765 -0.404427
215
0.510648 0.898238 -0.396412
216
0.512097 0.896894 -0.388713
217
0.513473 0.895035 -0.381416
218
0.515102 0.892914 -0.373578
219
0.516834 0.891072 -0.365309
220
0.518543 0.8888 -0.357469
221
0.519915 0.887474 -0.350169
222
0.521691 0.885684 -0.341872
223
0.523305 0.883499 -0.33318
224
0.524383 0.882367 -0.325307
225
0.525371 0.882867 -0.317794
226
0.526998 0.882195 -0.309271
227
0.529313 0.880765 -0.30003
228
0.531751 0.878104 -0.291631
229
0.533738 0.87715 -0.283651
230
0.535617 0.87648 -0.274659
231
0.537606 0.87534 -0.266147
232
0.53938 0.874547 -0.258438
233
0.541277 0.874254 -0.24895
234
0.542851 0.874256 -0.240648
235
0.544584 0.874313 -0.231554
236
0.546355 0.874714 -0.222036
237
0.548338 0.875298 -0.213642
238
0.550225 0.875649 -0.205733
239
0.552337 0.876036 -0.196709
240
0.554344 0.876187 -0.187983
241
0.556157 0.876284 -0.178863
242
0.558058 0.876861 -0.169547
243
0.559883 0.878308 -0.160837
244
0.561687 0.880232 -0.152398
245
0.563571 0.881784 -0.143759
246
0.564902 0.882996 -0.134555
247
0.566943 0.885042 -0.126064
248
0.568955 0.886487 -0.116138
249
0.570918 0.88808 -0.106539
250
0.572327 0.890193 -0.0963103
251
0.573797 0.891749 -0.0863152
252
0.57491 0.893519 -0.0770794
253
0.575651 0.895977 -0.068064
254
0.576653 0.898174 -0.0582352
255
0.577847 0.899644 -0.0479442
256
0.578435 0.901027 -0.0382948
257
0.579106 0.902574 -0.0291056
258
0.580034 0.904155 -0.0189107
259
0.580876 0.905738 -0.00861712
260
0.581604 0.907533 0.00141684
261
0.582315 0.91005 0.0116288
262
0.582754 0.911112 0.0215978
263
0.583282 0.912053 0.0317254
264
0.584128 0.913113 0.0417736
265
0.584845 0.913619 0.0518188
266
0.585249 0.913101 0.0621729
267
0.585979 0.914035 0.0723456
268
0.58685 0.915828 0.0823748
269
0.587587 0.916503 0.092388
270
0.587614 0.916829 0.102564
271
0.587644 0.916213 0.112317
272
0.587992 0.915862 0.12201
273
0.588387 0.91582 0.1324
274
0.588721 0.915827 0.142073
275
0.589237 0.91532 0.152012
276
0.589633 0.914824 0.162175
277
0.58966 0.914469 0.171674
278
0.589794 0.914505 0.180966
279
0.590215 0.91486 0.191172
280
0.590569 0.915353 0.201215
281
0.590736 0.916064 0.210136
282
0.590638 0.916885 0.219078
283
0.590674 0.917778 0.228967
284
0.591006 0.918553 0.239256
285
0.590964 0.918785 0.248944
286
0.590571 0.918488 0.257613
287
0.591373 0.919337 0.266996
288
0.591595 0.920498 0.276006
289
0.591499 0.920336 0.285075
290
0.591517 0.920348 0.293794
291
0.591603 0.921226 0.302518
292
0.591542 0.922592 0.311065
293
0.590956 0.923791 0.319426
294
0.590779 0.924194 0.327896
295
0.591017 0.924248 0.337051
296
0.590811 0.924342 0.345532
297
0.590516 0.924612 0.353403
298
0.590244 0.925622 0.361374
299
0.590092 0.926948 0.369475
300
0.589708 0.927873 0.377364
301
0.589311 0.927999 0.385549
302
0.589503 0.927622 0.39426
303
0.589245 0.927493 0.402151
304
0.588716 0.927008 0.410205
305
0.587966 0.926054 0.418072
306
0.587314 0.924858 0.425508
307
0.586747 0.92372 0.433142
308
0.586001 0.922639 0.441405
309
0.585063 0.921101 0.449759
310
0.583791 0.919804 0.458141
311
0.582745 0.918399 0.466542
312
0.582467 0.91632 0.47501
313
0.582103 0.914146 0.483274
314
0.581266 0.91184 0.491452
315
0.580406 0.909927 0.499933
316
0.579545 0.90859 0.508317
317
0.578682 0.906529 0.516578
318
0.578356 0.904662 0.525331
319
0.577983 0.903284 0.534831
320
0.576512 0.90187 0.544667
321
0.57543 0.90095 0.554013
322
0.574359 0.899887 0.562939
323
0.572918 0.898345 0.571898
324
0.571739 0.897227 0.581002
325
0.570885 0.896405 0.590102
326
0.570014 0.895322 0.59876
327
0.569102 0.894156 0.607133
328
0.56815 0.893173 0.615869
329
0.566907 0.8926 0.624858
330
0.565849 0.892633 0.633692
331
0.565838 0.8926 0.643391
332
0.565522 0.892646 0.652174
333
0.564899 0.893286 0.660855
334
0.564243 0.894311 0.669589
335
0.563821 0.89565 0.678462
336
0.563827 0.897032 0.687638
337
0.563688 0.898347 0.696743
338
0.563259 0.899625 0.705688
339
0.563133 0.900793 0.714214
340
0.562713 0.902051 0.723028
341
0.562938 0.903907 0.732312
342
0.563408 0.906031 0.741465
343
0.563926 0.908166 0.749668
344
0.564072 0.909795 0.756755
345
0.564082 0.910945 0.765172
346
0.565035 0.913155 0.77613
347
0.565143 0.914508 0.785412
348
0.565238 0.915652 0.794228
349
0.564969 0.91678 0.802856
350
0.564978 0.917872 0.811931
351
0.565541 0.919082 0.821707
352
0.566141 0.920559 0.830257
353
0.566661 0.922165 0.838973
354
0.566803 0.923305 0.847828
355
0.567086 0.923699 0.856662
356
0.567539 0.924185 0.866178
357
0.567811 0.92465 0.875232
358
0.568043 0.924497 0.883482
359
0.568531 0.92457 0.892457
360
0.569143 0.925027 0.902441
361
0.56988 0.924877 0.909959
362
0.570538 0.924574 0.918193
363
0.57104 0.924562 0.927209
364
0.5713 0.924195 0.937289
365
0.571887 0.923895 0.94664
366
0.572337 0.923771 0.954705
367
0.57272 0.924 0.963423
368
0.573514 0.924374 0.9723
369
0.573983 0.924608 0.980951
370
0.574163 0.924853 0.989573
371
0.574609 0.925006 0.998104
372
0.575124 0.92525 1.00693
373
0.575418 0.925893 1.01553
374
0.57595 0.926989 1.02377
375
0.576612 0.927745 1.03229
376
0.576943 0.928445 1.04104
377
0.577317 0.929295 1.04978
378
0.577237 0.928902 1.05835
379
0.577769 0.928225 1.0657
380
0.577929 0.928016 1.07363
381
0.57821 0.928768 1.08207
382
0.578584 0.929012 1.09003
383
0.579057 0.929038 1.09748
384
0.579738 0.929646 1.10579
385
0.580188 0.930596 1.1142
386
0.58028 0.930878 1.1219
387
0.580751 0.930911 1.13022
388
0.58135 0.931145 1.13893
389
0.581547 0.931079 1.14674
390
0.581804 0.930442 1.15437
391
0.582071 0.930263 1.16219
392
0.582396 0.930833 1.16965
393
0.583363 0.931089 1.17635
394
0.583242 0.930661 1.18389
395
0.583525 0.930083 1.19206
396
0.584242 0.929151 1.20009
397
0.585156 0.929369 1.20754
398
0.585639 0.92872 1.21464
399
0.585768 0.92799 1.22204
400
0.586702 0.927058 1.22939
401
0.587952 0.926203 1.23718
402
0.588516 0.924993 1.24508
403
0.589202 0.92335 1.25296
404
0.590312 0.92154 1.26008
405
0.591303 0.919122 1.26764
406
0.592348 0.917163 1.27525
407
0.593903 0.915517 1.28309
408
0.594294 0.913452 1.29139
409
0.595938 0.911996 1.29798
410
0.597403 0.911662 1.30601
411
0.598462 0.91227 1.3131
412
0.600239 0.91182 1.32215
413
0.602136 0.911323 1.3308
414
0.603732 0.910316 1.33907
415
0.605277 0.909308 1.34756
416
0.60682 0.907779 1.35591
417
0.608047 0.907594 1.36423
418
0.608732 0.9072 1.37113
419
0.609895 0.906636 1.37986
420
0.61169 0.90642 1.38789
421
0.61308 0.906627 1.39585
422
0.614079 0.907944 1.40421
423
0.615991 0.909051 1.41193
424
0.617508 0.910068 1.42022
425
0.61919 0.91102 1.43094
426
0.62079 0.912462 1.43979
427
0.622204 0.914063 1.44768
428
0.623212 0.915427 1.45484
429
0.624144 0.917002 1.4617
430
0.625522 0.918746 1.46953
431
0.626886 0.92048 1.47916
432
0.627476 0.922149 1.48513
433
0.62889 0.923474 1.49751
434
0.628916 0.923172 1.50592
435
0.631523 0.927278 1.51747
436
0.633052 0.929115 1.5279
437
0.632078 0.929884 1.53637
438
0.631967 0.930813 1.54316
439
0.634111 0.933066 1.55568
440
0.63418 0.933934 1.56265
441
0.637068 0.937474 1.57255
442
0.638591 0.939108 1.58478
443
0.638943 0.941124 1.5971
444
0.638635 0.940646 1.60238
445
0.638713 0.943141 1.61262
446
0.638996 0.943377 1.62237
447
0.640339 0.943218 1.63397
448
0.64099 0.943593 1.64333
449
0.641061 0.944158 1.65151
450
0.642005 0.944803 1.66341
451
0.642953 0.945259 1.67367
452
0.643439 0.945822 1.68363
453
0.643619 0.946492 1.69374
454
0.643767 0.946397 1.70307
455
0.644328 0.945664 1.71261
456
0.644724 0.944757 1.72247
457
0.644795 0.944194 1.7316
458
0.645469 0.943877 1.74162
459
0.645731 0.944391 1.75257
460
0.645453 0.945402 1.76056
461
0.646029 0.94583 1.76959
462
0.646297 0.946809 1.77934
463
0.646104 0.948009 1.78894
464
0.646558 0.94791 1.79851
465
0.646747 0.947815 1.80718
466
0.64648 0.948151 1.81684
467
0.646732 0.94987 1.8238
468
0.647358 0.950719 1.83373
469
0.647579 0.95015 1.84163
470
0.646944 0.950516 1.85095
471
0.646793 0.951733 1.86071
472
0.647138 0.952166 1.87018
473
0.647084 0.952575 1.87822
474
0.647202 0.95367 1.88522
475
0.647539 0.954596 1.89326
476
0.647372 0.954293 1.90213
477
0.646777 0.953238 1.91247
478
0.646781 0.953961 1.91974
479
0.646607 0.954613 1.92751
480
0.646417 0.954929 1.93522
481
0.646535 0.955006 1.9427
482
0.646814 0.95497 1.9502
483
0.646867 0.954734 1.95837
484
0.646256 0.95431 1.96739
485
0.645728 0.954111 1.97511
486
0.64582 0.954124 1.98117
487
0.645754 0.953731 1.9881
488
0.645216 0.952922 1.99496
489
0.64438 0.951859 2.00194
490
0.644158 0.950912 2.00996
491
0.644164 0.949712 2.01794
492
0.643701 0.947562 2.0254
493
0.642765 0.946223 2.03391
494
0.640989 0.943642 2.04117
495
0.639749 0.94242 2.04926
496
0.63914 0.940978 2.05647
497
0.638033 0.938893 2.06479
498
0.636782 0.934829 2.07097
499
0.634856 0.932932 2.07755
500
0.633353 0.931106 2.08496
501
0.632713 0.927818 2.0926
502
0.632326 0.924976 2.09983
503
0.631225 0.924504 2.10801
504
0.629286 0.924457 2.11569
505
0.628362 0.923164 2.12304
506
0.626274 0.922454 2.13137
507
0.624771 0.921041 2.13924
508
0.624178 0.919991 2.1467
509
0.62227 0.919697 2.15429
510
0.621076 0.919459 2.16201
511
0.619008 0.918764 2.16954
512
0.61756 0.917957 2.17557
513
0.616196 0.917727 2.18057
514
0.616005 0.917574 2.18867
515
0.614005 0.917351 2.19595
516
0.61415 0.916934 2.20762
516
0.61415 0.916934 2.20762
