:metadata
 
Skeleton: /Network/Servers/duerer/Volumes/duerer/laturnus/workspace/new_acm/mocapPlayer/mocapPlayer/07-walk.asf
Motion: /Network/Servers/duerer/Volumes/duerer/laturnus/workspace/new_acm/mocapPlayer/mocapPlayer/07_05-walk.amc
Mass Distribution: /Network/Servers/duerer/Volumes/duerer/laturnus/workspace/new_acm/other.amd
 
Inital skeleton translation: 0 0 0
Initial skeleton rotation: 0 0 0
 
:data
1
gcm: 0.466918 0.862746 -2.13497
2
gcm: 0.467242 0.862612 -2.12733
3
gcm: 0.466669 0.862656 -2.11957
4
gcm: 0.466841 0.863005 -2.11118
5
gcm: 0.467722 0.863561 -2.10304
6
gcm: 0.46883 0.86467 -2.09516
7
gcm: 0.468931 0.867535 -2.08641
8
gcm: 0.469787 0.866873 -2.07888
9
gcm: 0.470345 0.867138 -2.07126
10
gcm: 0.470857 0.867875 -2.06395
11
gcm: 0.471618 0.867991 -2.05671
12
gcm: 0.472428 0.868321 -2.04934
13
gcm: 0.473025 0.868255 -2.04229
14
gcm: 0.473436 0.867269 -2.03547
15
gcm: 0.474461 0.866437 -2.02819
16
gcm: 0.475632 0.865937 -2.02083
17
gcm: 0.476548 0.866 -2.01362
18
gcm: 0.477422 0.866478 -2.00633
19
gcm: 0.477366 0.86659 -2.00083
20
gcm: 0.478559 0.866029 -1.99412
21
gcm: 0.481223 0.864887 -1.98579
22
gcm: 0.481082 0.864249 -1.98036
23
gcm: 0.484257 0.861959 -1.97131
24
gcm: 0.484699 0.861831 -1.96399
25
gcm: 0.486555 0.861223 -1.95721
26
gcm: 0.487258 0.86018 -1.95073
27
gcm: 0.48845 0.858234 -1.9441
28
gcm: 0.490542 0.858033 -1.93638
29
gcm: 0.492122 0.857489 -1.92848
30
gcm: 0.493258 0.856684 -1.92096
31
gcm: 0.49467 0.855422 -1.91338
32
gcm: 0.496334 0.853996 -1.90564
33
gcm: 0.497867 0.85402 -1.8977
34
gcm: 0.499672 0.853739 -1.88999
35
gcm: 0.501822 0.851754 -1.88228
36
gcm: 0.503494 0.849556 -1.87518
37
gcm: 0.505435 0.849526 -1.86765
38
gcm: 0.507186 0.848673 -1.85989
39
gcm: 0.508214 0.848896 -1.85272
40
gcm: 0.509318 0.848326 -1.8452
41
gcm: 0.51226 0.847393 -1.83728
42
gcm: 0.514612 0.846331 -1.8299
43
gcm: 0.51582 0.848993 -1.82089
44
gcm: 0.517228 0.849638 -1.81193
45
gcm: 0.518702 0.849862 -1.80387
46
gcm: 0.520833 0.850745 -1.79603
47
gcm: 0.523127 0.85221 -1.78784
48
gcm: 0.52538 0.853402 -1.77926
49
gcm: 0.527593 0.853913 -1.77077
50
gcm: 0.529553 0.854316 -1.76266
51
gcm: 0.531286 0.855485 -1.75452
52
gcm: 0.533075 0.857161 -1.74589
53
gcm: 0.535141 0.858604 -1.7372
54
gcm: 0.537198 0.859923 -1.72894
55
gcm: 0.538923 0.861243 -1.72059
56
gcm: 0.540459 0.862835 -1.71182
57
gcm: 0.541808 0.864635 -1.70314
58
gcm: 0.542705 0.866346 -1.69483
59
gcm: 0.543822 0.868076 -1.68689
60
gcm: 0.545536 0.869577 -1.67878
61
gcm: 0.547023 0.870971 -1.66989
62
gcm: 0.548403 0.872514 -1.66078
63
gcm: 0.549763 0.874458 -1.65196
64
gcm: 0.550677 0.87606 -1.64331
65
gcm: 0.551249 0.877635 -1.63441
66
gcm: 0.55202 0.878725 -1.62568
67
gcm: 0.553152 0.879757 -1.61712
68
gcm: 0.554225 0.88108 -1.60819
69
gcm: 0.554979 0.881995 -1.59891
70
gcm: 0.555389 0.882704 -1.58976
71
gcm: 0.55603 0.883282 -1.58139
72
gcm: 0.556757 0.883422 -1.57295
73
gcm: 0.557209 0.883875 -1.56375
74
gcm: 0.557636 0.884453 -1.55467
75
gcm: 0.558115 0.884694 -1.54584
76
gcm: 0.558527 0.884095 -1.53688
77
gcm: 0.559047 0.883901 -1.52792
78
gcm: 0.559494 0.883584 -1.51922
79
gcm: 0.559792 0.883598 -1.51015
80
gcm: 0.559953 0.884153 -1.50057
81
gcm: 0.560078 0.884203 -1.49176
82
gcm: 0.560255 0.883952 -1.48306
83
gcm: 0.56026 0.883354 -1.47431
84
gcm: 0.560262 0.8831 -1.46488
85
gcm: 0.560315 0.882582 -1.45567
86
gcm: 0.560127 0.882287 -1.44724
87
gcm: 0.560046 0.882671 -1.43842
88
gcm: 0.560222 0.883098 -1.4298
89
gcm: 0.560152 0.883239 -1.42186
90
gcm: 0.560124 0.88321 -1.41359
91
gcm: 0.560157 0.883072 -1.40505
92
gcm: 0.559459 0.882821 -1.39688
93
gcm: 0.558926 0.883122 -1.38853
94
gcm: 0.559329 0.88391 -1.37993
95
gcm: 0.559686 0.88422 -1.37184
96
gcm: 0.559582 0.884169 -1.3639
97
gcm: 0.559097 0.884228 -1.35612
98
gcm: 0.558596 0.884381 -1.34836
99
gcm: 0.55849 0.884453 -1.34037
100
gcm: 0.558696 0.884651 -1.33254
101
gcm: 0.558618 0.885605 -1.32496
