:metadata
 
Skeleton: /Network/Servers/duerer/Volumes/duerer/laturnus/workspace/new_acm/07-walk.asf
Motion: /Network/Servers/duerer/Volumes/duerer/laturnus/workspace/new_acm/07_05-walk.amc
Mass Distribution: /Network/Servers/duerer/Volumes/duerer/laturnus/workspace/new_acm/other.amd
 
Inital skeleton translation: 0 0 0
Initial skeleton rotation: 0 0 0
 
:data
1
0.476139 0.849415 -2.12839
2
0.476337 0.849396 -2.12099
3
0.475649 0.849546 -2.11353
4
0.475678 0.849983 -2.10535
5
0.476419 0.850651 -2.09742
6
0.47742 0.851873 -2.08977
7
0.477128 0.856023 -2.0808
8
0.477885 0.855405 -2.07353
9
0.478308 0.855748 -2.06616
10
0.478683 0.856584 -2.05909
11
0.479355 0.856779 -2.05213
12
0.48007 0.857137 -2.04502
13
0.480587 0.857108 -2.03825
14
0.480913 0.856157 -2.03169
15
0.481893 0.855336 -2.02462
16
0.483003 0.854869 -2.01743
17
0.483828 0.854987 -2.01043
18
0.484621 0.855475 -2.00334
19
0.484476 0.855515 -1.99802
20
0.48562 0.854947 -1.99149
21
0.488263 0.853829 -1.9834
22
0.488051 0.853167 -1.97812
23
0.491234 0.850982 -1.96927
24
0.491588 0.850836 -1.962
25
0.493442 0.850218 -1.95548
26
0.494128 0.849207 -1.94922
27
0.49534 0.847209 -1.94284
28
0.497452 0.847497 -1.93546
29
0.498965 0.846887 -1.92741
30
0.500019 0.846015 -1.91986
31
0.501379 0.844575 -1.91232
32
0.503028 0.842957 -1.90472
33
0.504551 0.842791 -1.89699
34
0.506362 0.84235 -1.88936
35
0.508545 0.840145 -1.88157
36
0.510099 0.837218 -1.87495
37
0.511953 0.837528 -1.86769
38
0.513402 0.836099 -1.86035
39
0.514418 0.836599 -1.85322
40
0.515556 0.835985 -1.84586
41
0.518503 0.835016 -1.83805
42
0.520882 0.834023 -1.83086
43
0.521971 0.836349 -1.82188
44
0.523296 0.836833 -1.81299
45
0.524714 0.837031 -1.805
46
0.526809 0.837855 -1.79726
47
0.529025 0.839197 -1.7892
48
0.531231 0.840312 -1.78072
49
0.533432 0.840792 -1.77232
50
0.535361 0.841163 -1.7643
51
0.537056 0.842277 -1.75625
52
0.538842 0.843953 -1.74763
53
0.540887 0.845451 -1.73891
54
0.54291 0.846806 -1.73064
55
0.544632 0.848138 -1.72227
56
0.546157 0.849756 -1.71343
57
0.547455 0.851589 -1.70467
58
0.548287 0.853348 -1.69629
59
0.549372 0.855148 -1.68819
60
0.551066 0.856717 -1.67984
61
0.552536 0.85818 -1.67067
62
0.553962 0.85979 -1.66116
63
0.555367 0.861777 -1.65193
64
0.556268 0.863409 -1.64297
65
0.556834 0.865005 -1.63372
66
0.55763 0.866102 -1.62456
67
0.558789 0.867169 -1.61555
68
0.559874 0.868549 -1.60614
69
0.560603 0.869529 -1.59634
70
0.560975 0.870314 -1.58669
71
0.561629 0.870932 -1.57783
72
0.562378 0.871103 -1.56887
73
0.562808 0.871603 -1.55917
74
0.563192 0.872234 -1.54958
75
0.563629 0.872522 -1.54024
76
0.563994 0.871979 -1.53077
77
0.564535 0.87184 -1.52131
78
0.565014 0.871543 -1.5121
79
0.565296 0.871656 -1.5024
80
0.565431 0.872576 -1.49198
81
0.565514 0.872676 -1.48269
82
0.565656 0.872444 -1.47353
83
0.565619 0.871912 -1.46431
84
0.565604 0.871811 -1.45442
85
0.565634 0.871275 -1.44476
86
0.565399 0.871068 -1.43587
87
0.565296 0.871635 -1.42662
88
0.565478 0.87223 -1.41758
89
0.565404 0.872542 -1.40919
90
0.565352 0.87267 -1.40048
91
0.565365 0.872659 -1.39159
92
0.564654 0.87256 -1.38304
93
0.564109 0.872994 -1.37429
94
0.56451 0.873889 -1.36535
95
0.564883 0.874314 -1.35692
96
0.564796 0.874368 -1.34864
97
0.56432 0.874546 -1.34054
98
0.563839 0.87479 -1.3325
99
0.563766 0.874943 -1.32425
100
0.564018 0.875294 -1.31619
101
0.563967 0.876404 -1.30843
102
0.563476 0.877683 -1.30075
103
0.563398 0.877943 -1.29296
104
0.563546 0.878328 -1.28519
105
0.563186 0.879225 -1.2777
106
0.562796 0.878835 -1.27046
107
0.562677 0.877987 -1.26326
108
0.561782 0.878153 -1.25694
109
0.562049 0.87853 -1.24938
110
0.561046 0.878495 -1.24174
111
0.559785 0.877993 -1.23421
112
0.559147 0.877441 -1.22707
113
0.558602 0.87692 -1.22013
114
0.558165 0.875838 -1.21288
115
0.557774 0.874451 -1.20555
116
0.557012 0.873203 -1.19862
117
0.556355 0.872144 -1.19164
118
0.555917 0.871499 -1.18474
119
0.554849 0.870742 -1.17822
120
0.553656 0.869613 -1.17117
121
0.553103 0.867656 -1.16379
122
0.552474 0.865803 -1.15685
123
0.551339 0.864756 -1.14984
124
0.550326 0.863666 -1.14279
125
0.549901 0.862212 -1.13561
126
0.549307 0.860357 -1.12837
127
0.548231 0.858541 -1.12096
128
0.547407 0.856955 -1.11429
129
0.546649 0.855277 -1.10738
130
0.545913 0.85285 -1.10024
131
0.544801 0.85041 -1.09334
132
0.543663 0.849092 -1.08615
133
0.542419 0.848508 -1.07787
134
0.540595 0.847983 -1.06973
135
0.539275 0.847129 -1.06244
136
0.538465 0.845886 -1.0553
137
0.537331 0.844411 -1.04807
138
0.536244 0.842344 -1.04088
139
0.535353 0.841189 -1.03315
140
0.534134 0.840779 -1.02558
141
0.532899 0.840783 -1.01843
142
0.532 0.841599 -1.01088
143
0.530133 0.841441 -1.0043
144
0.528869 0.842005 -0.995814
145
0.527533 0.842741 -0.988748
146
0.526253 0.844226 -0.982044
147
0.524648 0.845387 -0.974633
148
0.52297 0.846654 -0.966459
149
0.521645 0.848571 -0.958788
150
0.520319 0.850643 -0.950995
151
0.519367 0.852437 -0.942927
152
0.517501 0.854282 -0.935041
153
0.516162 0.856701 -0.927063
154
0.515254 0.859393 -0.918852
155
0.513996 0.862262 -0.910527
156
0.512952 0.865236 -0.901768
157
0.512107 0.867938 -0.893022
158
0.511014 0.870536 -0.884384
159
0.510233 0.872527 -0.875764
160
0.50864 0.87419 -0.86727
161
0.507128 0.876366 -0.85917
162
0.505974 0.878483 -0.850998
163
0.504863 0.880171 -0.842881
164
0.503981 0.882518 -0.832691
165
0.502879 0.88427 -0.823274
166
0.501898 0.885406 -0.814297
167
0.501051 0.886386 -0.805061
168
0.500555 0.887275 -0.795254
169
0.500355 0.88777 -0.780498
170
0.498826 0.888562 -0.77599
171
0.497538 0.889199 -0.770033
172
0.497157 0.889339 -0.761805
173
0.496841 0.888904 -0.752514
174
0.496463 0.888868 -0.742759
175
0.496493 0.889169 -0.732691
176
0.496917 0.888757 -0.721801
177
0.497733 0.887835 -0.706073
178
0.497876 0.887582 -0.697222
179
0.498939 0.887009 -0.688671
180
0.497641 0.88677 -0.678367
181
0.496295 0.887649 -0.67713
182
0.496262 0.887069 -0.669815
183
0.497214 0.88572 -0.658848
184
0.497843 0.884942 -0.648329
185
0.499378 0.885912 -0.634749
186
0.497737 0.8867 -0.631755
187
0.499474 0.88674 -0.617963
188
0.499983 0.886916 -0.605967
189
0.500203 0.887479 -0.596443
190
0.500429 0.887397 -0.588978
191
0.500123 0.88747 -0.583653
192
0.499565 0.888246 -0.578359
193
0.499956 0.888186 -0.570336
194
0.501331 0.887727 -0.559254
195
0.501432 0.88803 -0.551561
196
0.503575 0.888402 -0.539856
197
0.502957 0.888239 -0.534455
198
0.504622 0.888755 -0.523875
199
0.504165 0.889673 -0.517745
200
0.504472 0.889914 -0.510744
201
0.505452 0.889952 -0.503112
202
0.506597 0.889706 -0.495291
203
0.507305 0.889382 -0.487763
204
0.507824 0.889445 -0.48028
205
0.508559 0.890326 -0.472593
206
0.509387 0.89047 -0.465009
207
0.509877 0.890429 -0.457723
208
0.510368 0.890407 -0.450695
209
0.511069 0.890149 -0.443916
210
0.512005 0.88971 -0.43631
211
0.513098 0.889141 -0.428698
212
0.514425 0.888717 -0.420249
213
0.515663 0.888924 -0.411644
214
0.516736 0.888451 -0.404507
215
0.517965 0.887947 -0.396805
216
0.519388 0.886536 -0.389451
217
0.520753 0.884489 -0.382403
218
0.522402 0.882158 -0.374739
219
0.524159 0.880233 -0.366589
220
0.525852 0.87799 -0.358862
221
0.527211 0.876675 -0.351653
222
0.528977 0.874884 -0.343488
223
0.530572 0.872648 -0.334957
224
0.531612 0.871399 -0.327204
225
0.532565 0.871737 -0.319779
226
0.534226 0.870862 -0.311314
227
0.536642 0.869272 -0.302107
228
0.539167 0.86647 -0.293753
229
0.54117 0.865317 -0.285867
230
0.543048 0.864545 -0.276864
231
0.544978 0.863245 -0.268491
232
0.546714 0.862341 -0.260881
233
0.548526 0.862042 -0.251548
234
0.55008 0.861999 -0.243254
235
0.551762 0.861935 -0.234272
236
0.55348 0.862183 -0.224877
237
0.555437 0.862615 -0.216505
238
0.557309 0.86285 -0.208561
239
0.559371 0.863196 -0.199584
240
0.561366 0.863297 -0.190859
241
0.563135 0.863341 -0.181668
242
0.564993 0.863783 -0.17239
243
0.566802 0.865102 -0.163745
244
0.568634 0.867017 -0.155249
245
0.570514 0.868627 -0.146523
246
0.571798 0.86985 -0.137251
247
0.573823 0.871894 -0.128538
248
0.575789 0.873319 -0.118367
249
0.577713 0.874955 -0.108602
250
0.579101 0.877151 -0.0981536
251
0.580534 0.878769 -0.0878768
252
0.581592 0.880636 -0.0783348
253
0.582254 0.883174 -0.0689921
254
0.583179 0.885446 -0.0587772
255
0.584295 0.887008 -0.0481321
256
0.584802 0.888456 -0.0381361
257
0.585408 0.890058 -0.0285339
258
0.586282 0.891729 -0.017852
259
0.587055 0.893413 -0.00707934
260
0.587705 0.895262 0.00342363
261
0.588374 0.897813 0.0141542
262
0.588767 0.898928 0.02468
263
0.589234 0.899933 0.0353842
264
0.590042 0.901039 0.0460313
265
0.590723 0.901569 0.0566483
266
0.591071 0.901122 0.0676027
267
0.591764 0.902185 0.0783828
268
0.59261 0.904053 0.0889788
269
0.593315 0.904726 0.0995692
270
0.593281 0.905074 0.110383
271
0.593316 0.904559 0.120778
272
0.59362 0.904306 0.131076
273
0.593996 0.904343 0.142049
274
0.594307 0.904442 0.15231
275
0.594756 0.90393 0.162766
276
0.595078 0.903443 0.173441
277
0.595082 0.903181 0.183524
278
0.595194 0.903271 0.19337
279
0.59554 0.903654 0.204078
280
0.595863 0.904244 0.214658
281
0.596056 0.905087 0.224129
282
0.595944 0.906048 0.233556
283
0.595937 0.907085 0.243855
284
0.596242 0.907983 0.25455
285
0.596168 0.908376 0.264668
286
0.595728 0.908249 0.273754
287
0.596502 0.909217 0.283478
288
0.596712 0.910494 0.292893
289
0.596604 0.910473 0.302332
290
0.596642 0.910587 0.311402
291
0.596745 0.911516 0.320466
292
0.59665 0.913012 0.329292
293
0.596053 0.914397 0.337909
294
0.595878 0.914955 0.346585
295
0.596096 0.915161 0.355917
296
0.595881 0.91547 0.364519
297
0.595607 0.915981 0.372468
298
0.595363 0.917148 0.380546
299
0.595242 0.918591 0.388809
300
0.594869 0.919679 0.396773
301
0.594445 0.919992 0.404944
302
0.594604 0.919788 0.413598
303
0.594372 0.919764 0.421491
304
0.593806 0.919363 0.429558
305
0.592985 0.918479 0.437449
306
0.592279 0.917343 0.444868
307
0.591645 0.916228 0.452439
308
0.590812 0.915121 0.460645
309
0.589765 0.913481 0.468976
310
0.588359 0.912039 0.477355
311
0.587251 0.910526 0.485724
312
0.586967 0.908365 0.494112
313
0.586585 0.906104 0.50222
314
0.585731 0.903581 0.510261
315
0.584863 0.901348 0.518684
316
0.583996 0.899941 0.526785
317
0.583157 0.897726 0.534778
318
0.582886 0.895585 0.543333
319
0.582562 0.893874 0.552708
320
0.581143 0.892207 0.562423
321
0.580093 0.891083 0.571634
322
0.57904 0.889767 0.580349
323
0.577615 0.887952 0.589047
324
0.576477 0.886565 0.597885
325
0.575705 0.885473 0.606694
326
0.574952 0.884125 0.615027
327
0.574147 0.88267 0.623056
328
0.573292 0.881381 0.631443
329
0.572185 0.880576 0.640102
330
0.571279 0.880403 0.648572
331
0.571442 0.879909 0.658059
332
0.571295 0.879527 0.666499
333
0.57086 0.879822 0.674903
334
0.570391 0.880544 0.683347
335
0.570178 0.881534 0.691847
336
0.570421 0.882607 0.700655
337
0.570468 0.88366 0.709453
338
0.570167 0.884679 0.718114
339
0.570202 0.885623 0.726355
340
0.570001 0.88668 0.734817
341
0.570441 0.888334 0.74376
342
0.571148 0.890309 0.752672
343
0.571872 0.892295 0.76064
344
0.572228 0.893762 0.767558
345
0.572449 0.894801 0.775817
346
0.573527 0.896893 0.786439
347
0.573787 0.898133 0.795517
348
0.574018 0.89919 0.804133
349
0.573842 0.900323 0.812549
350
0.573911 0.901425 0.821401
351
0.5746 0.902825 0.831215
352
0.57522 0.904196 0.839438
353
0.575802 0.905854 0.848018
354
0.576024 0.907072 0.856752
355
0.576371 0.907581 0.865464
356
0.576866 0.908194 0.874889
357
0.577202 0.90879 0.883866
358
0.577488 0.908771 0.891998
359
0.577986 0.908969 0.9008
360
0.578605 0.909566 0.910602
361
0.579374 0.909575 0.917979
362
0.58005 0.909445 0.926025
363
0.580571 0.909609 0.934865
364
0.580861 0.909398 0.944823
365
0.581465 0.909241 0.954001
366
0.581892 0.909342 0.961855
367
0.582269 0.90985 0.97036
368
0.583049 0.910344 0.978972
369
0.583444 0.910687 0.987367
370
0.583599 0.911121 0.995759
371
0.584039 0.911399 1.00404
372
0.584504 0.911757 1.01259
373
0.58475 0.912614 1.02092
374
0.58522 0.913901 1.0289
375
0.585806 0.914752 1.0372
376
0.586068 0.915629 1.04566
377
0.586379 0.916656 1.05407
378
0.586224 0.916494 1.06231
379
0.586699 0.915876 1.06937
380
0.586776 0.915816 1.07696
381
0.586941 0.916743 1.08507
382
0.587221 0.917153 1.09272
383
0.587638 0.917268 1.09986
384
0.588259 0.917911 1.10784
385
0.588629 0.918933 1.11597
386
0.588616 0.919305 1.12337
387
0.588991 0.919369 1.1313
388
0.589557 0.919617 1.13966
389
0.589708 0.919662 1.14718
390
0.589849 0.919215 1.15451
391
0.58998 0.919168 1.16205
392
0.590184 0.919782 1.16933
393
0.591086 0.919893 1.17568
394
0.590867 0.919489 1.18299
395
0.591057 0.919066 1.19099
396
0.591664 0.918247 1.1988
397
0.592453 0.918477 1.20605
398
0.592855 0.917735 1.21286
399
0.592918 0.917069 1.22007
400
0.593779 0.916178 1.22727
401
0.594966 0.915382 1.2351
402
0.595496 0.914212 1.24289
403
0.596184 0.912513 1.2506
404
0.597289 0.910561 1.25741
405
0.598253 0.908197 1.2649
406
0.599224 0.9062 1.2723
407
0.600719 0.904505 1.28007
408
0.601178 0.902417 1.28842
409
0.602805 0.900725 1.29475
410
0.60431 0.900233 1.30266
411
0.605414 0.900677 1.30963
412
0.607249 0.900015 1.31861
413
0.609177 0.899297 1.32718
414
0.61073 0.898093 1.33527
415
0.612271 0.896849 1.3437
416
0.61377 0.895097 1.35196
417
0.614974 0.894839 1.36033
418
0.615587 0.894353 1.36723
419
0.616688 0.893675 1.37586
420
0.618484 0.893397 1.38387
421
0.61984 0.893452 1.39181
422
0.620668 0.894456 1.40005
423
0.622605 0.895536 1.40778
424
0.62413 0.896585 1.41612
425
0.625798 0.897504 1.42688
426
0.627425 0.89893 1.43588
427
0.628922 0.900616 1.44398
428
0.629929 0.902007 1.45122
429
0.630731 0.903503 1.45805
430
0.63205 0.905234 1.46597
431
0.633469 0.90707 1.47585
432
0.634065 0.90883 1.48206
433
0.635434 0.910182 1.49483
434
0.635408 0.909931 1.50381
435
0.63796 0.91416 1.51559
436
0.639392 0.916158 1.52612
437
0.638377 0.916973 1.53514
438
0.638266 0.917957 1.54261
439
0.640431 0.920316 1.55563
440
0.640451 0.921159 1.56307
441
0.643233 0.924749 1.57302
442
0.64474 0.926399 1.58575
443
0.645062 0.928418 1.5986
444
0.644727 0.928008 1.60441
445
0.644767 0.930516 1.61525
446
0.645036 0.930862 1.62566
447
0.646369 0.930797 1.63801
448
0.647024 0.931236 1.648
449
0.647088 0.931898 1.6568
450
0.648016 0.932641 1.66937
451
0.648953 0.933178 1.68025
452
0.649452 0.93377 1.69081
453
0.649593 0.934493 1.70151
454
0.649723 0.934482 1.71148
455
0.650287 0.933858 1.72163
456
0.650669 0.933068 1.73213
457
0.65072 0.932543 1.74184
458
0.651363 0.932257 1.75237
459
0.651615 0.932906 1.76388
460
0.651339 0.934067 1.77242
461
0.651915 0.934582 1.78199
462
0.652159 0.935653 1.79229
463
0.651921 0.936943 1.8024
464
0.652369 0.936956 1.81254
465
0.65259 0.937003 1.82168
466
0.652307 0.937526 1.83182
467
0.652489 0.939434 1.8394
468
0.653103 0.940396 1.84982
469
0.653327 0.939943 1.85806
470
0.652671 0.94048 1.86769
471
0.652513 0.941841 1.87782
472
0.652861 0.942414 1.88775
473
0.652831 0.942973 1.89613
474
0.652928 0.94418 1.90344
475
0.653266 0.945217 1.91179
476
0.653142 0.945056 1.92094
477
0.652587 0.944156 1.93157
478
0.652623 0.94502 1.93909
479
0.652473 0.945793 1.94711
480
0.652266 0.946306 1.95495
481
0.65242 0.946637 1.96249
482
0.65275 0.946761 1.97006
483
0.652836 0.946663 1.97843
484
0.652238 0.94638 1.98755
485
0.651703 0.946282 1.99536
486
0.65186 0.946383 2.00143
487
0.651832 0.946086 2.00846
488
0.651333 0.945334 2.01537
489
0.650526 0.944258 2.02237
490
0.650387 0.943185 2.03055
491
0.650436 0.941954 2.03847
492
0.64986 0.939678 2.04581
493
0.648933 0.938444 2.05441
494
0.646805 0.935905 2.0613
495
0.645406 0.934585 2.06926
496
0.644792 0.932927 2.07636
497
0.643653 0.930822 2.08471
498
0.642438 0.926663 2.09072
499
0.640439 0.924647 2.09714
500
0.638868 0.92259 2.10429
501
0.638133 0.919031 2.11164
502
0.637779 0.915969 2.11865
503
0.636766 0.915475 2.12677
504
0.63481 0.915288 2.13421
505
0.633875 0.913731 2.14122
506
0.631716 0.912855 2.14927
507
0.630177 0.911321 2.15687
508
0.629638 0.910146 2.1641
509
0.6277 0.909559 2.17129
510
0.626573 0.909034 2.17873
511
0.624569 0.90812 2.18583
512
0.623226 0.906976 2.19135
513
0.622041 0.906617 2.19612
514
0.622082 0.906175 2.20375
515
0.620186 0.905666 2.21064
516
0.620455 0.904635 2.22195
516
0.620455 0.904635 2.22195
