:metadata
 
Skeleton: /Network/Servers/duerer/Volumes/duerer/laturnus/workspace/new_acm/asf/07-walk.asf
Motion: /Network/Servers/duerer/Volumes/duerer/laturnus/workspace/new_acm/amc/07_02-walk.amc
Mass Distribution: /Network/Servers/duerer/Volumes/duerer/laturnus/workspace/new_acm/amd/NHR03-06.amd
 
Inital skeleton translation: 0 0 0
Initial skeleton rotation: 0 0 0
 
:data
1
gcm: 0.525406 0.987572 -1.95958
H: 7.59074 0.502458 -0.500986
L: -0.101658 0.0547143 0.679747
left
2
gcm: 0.523836 0.988873 -1.95004
H: 7.40651 0.421207 -0.693318
L: -0.111485 0.0923749 0.677686
left
3
gcm: 0.522754 0.989828 -1.94035
H: 6.51157 0.569388 0.732884
L: -0.0768487 0.0677715 0.687813
left
4
gcm: 0.521748 0.99065 -1.93064
H: 5.77946 0.674074 2.2751
L: -0.0714016 0.0583434 0.689345
left
5
gcm: 0.520573 0.992147 -1.92103
H: 4.96272 0.459069 1.78582
L: -0.0834371 0.106287 0.682256
left
6
gcm: 0.519536 0.993737 -1.91162
H: 4.45297 0.311251 0.449841
L: -0.0736332 0.112947 0.668436
left
7
gcm: 0.5185 0.994712 -1.90251
H: 3.76439 0.183826 0.293916
L: -0.0735262 0.0691865 0.646614
left
8
gcm: 0.517285 0.995619 -1.89345
H: 2.78469 -0.00571683 0.572508
L: -0.0862718 0.0644299 0.643345
left
9
gcm: 0.516306 0.997176 -1.8842
H: 1.6254 -0.25563 0.213256
L: -0.0694946 0.110507 0.657003
left
10
gcm: 0.515908 0.998745 -1.8748
H: 0.289252 -0.744215 -0.405256
L: -0.0282727 0.111426 0.667085
left
11
gcm: 0.515676 0.999793 -1.86575
H: -0.46745 -1.0023 -0.410333
L: -0.016444 0.074363 0.642554
left
12
gcm: 0.515199 1.00082 -1.85711
H: -0.180261 -0.712302 -0.635432
L: -0.0338993 0.0728458 0.613582
left
13
gcm: 0.514566 1.00191 -1.84812
H: 0.541925 -0.458685 -0.222247
L: -0.0449698 0.0777989 0.63802
left
14
gcm: 0.514009 1.00295 -1.83899
H: 0.282709 -0.592478 0.233132
L: -0.039511 0.0737538 0.648329
left
15
gcm: 0.513418 1.00351 -1.83036
H: -0.480197 -0.802123 -0.0663634
L: -0.0420013 0.039849 0.61312
left
16
gcm: 0.512735 1.00373 -1.82193
H: -0.771626 -0.912655 0.156636
L: -0.0484405 0.0151911 0.598138
left
17
gcm: 0.512175 1.00412 -1.8133
H: -1.10952 -0.94695 0.386595
L: -0.0397594 0.0274915 0.613021
left
18
gcm: 0.511325 1.00458 -1.80464
H: -1.95519 -0.754726 0.787686
L: -0.0603681 0.0329578 0.614337
left
19
gcm: 0.511208 1.00498 -1.79589
H: -1.24687 -1.29333 -0.525414
L: -0.00829396 0.0282254 0.621219
left
20
gcm: 0.511207 1.00519 -1.78747
H: -1.49372 -1.42205 -1.68551
L: -0.000104596 0.0152249 0.597906
left
21
gcm: 0.511053 1.00501 -1.77896
H: -1.9809 -1.37472 -0.637155
L: -0.010937 -0.0128304 0.604352
left
22
gcm: 0.51043 1.00481 -1.77032
H: -1.64889 -1.10097 0.918965
L: -0.0441992 -0.0143385 0.613194
left
23
gcm: 0.509844 1.00481 -1.76154
H: -1.90416 -1.00447 0.382487
L: -0.0416117 0.000330619 0.624036
left
24
gcm: 0.509696 1.00472 -1.75274
H: -1.69384 -1.17385 -1.00865
L: -0.010503 -0.00690959 0.624238
left
25
gcm: 0.5096 1.00399 -1.74403
H: -1.83857 -1.18486 -0.495319
L: -0.00681264 -0.0517135 0.618472
left
26
gcm: 0.509214 1.00281 -1.73535
H: -2.35773 -1.06606 0.448373
L: -0.0274063 -0.0833979 0.61624
left
27
gcm: 0.508651 1.00195 -1.72683
H: -2.59669 -0.999883 0.0435527
L: -0.0399877 -0.0615432 0.605335
left
28
gcm: 0.508224 1.00131 -1.71844
H: -3.69287 -1.06289 0.0317892
L: -0.0303412 -0.0454618 0.595498
left
29
gcm: 0.508279 1.00034 -1.71001
H: -4.87272 -1.39049 -0.123796
L: 0.00392065 -0.0686824 0.598721
left
30
gcm: 0.508199 0.999142 -1.70153
H: -4.48776 -1.41168 -0.156974
L: -0.00564312 -0.0850044 0.60194
left
31
gcm: 0.507678 0.998998 -1.69297
H: -4.76067 -2.06877 -0.0310888
L: -0.037003 -0.0101819 0.607898
left
32
gcm: 0.507571 0.999933 -1.68455
H: -4.91223 -1.23004 -1.03735
L: -0.00763582 0.0663496 0.597929
left
33
gcm: 0.507805 1.00007 -1.67621
H: -5.23194 -1.4294 -0.501208
L: 0.0165992 0.0100909 0.591947
left
34
gcm: 0.507978 0.999574 -1.66762
H: -4.50442 -1.41754 0.433366
L: 0.0123088 -0.0355448 0.609955
left
35
gcm: 0.508021 0.999721 -1.65909
H: -4.72827 -1.27687 -0.246059
L: 0.00302805 0.0104502 0.605205
left
36
gcm: 0.507808 0.999722 -1.65071
H: -6.20005 -1.19179 0.00523443
L: -0.0151086 4.45357e-05 0.595167
left
37
gcm: 0.507758 0.999951 -1.64225
H: -6.60919 -1.27337 -0.383059
L: -0.0035471 0.0162189 0.600498
left
38
gcm: 0.508087 1.00084 -1.63386
H: -5.94551 -1.31347 -0.923503
L: 0.0233549 0.0633772 0.595733
left
39
gcm: 0.50814 1.00142 -1.62546
H: -5.90741 -1.27635 0.170058
L: 0.00379943 0.0411284 0.596237
left
40
gcm: 0.508066 1.00132 -1.61701
H: -6.473 -1.31553 0.0968857
L: -0.00524821 -0.00715214 0.600067
left
41
gcm: 0.508245 1.00128 -1.60873
H: -6.43631 -1.30538 -0.691277
L: 0.012698 -0.00283081 0.588293
left
42
gcm: 0.508345 1.00158 -1.60058
H: -5.57054 -1.25217 -0.595296
L: 0.00707602 0.0211251 0.578301
left
43
gcm: 0.508431 1.0019 -1.59234
H: -5.02615 -1.26146 -0.375225
L: 0.00611072 0.0225644 0.585376
left
44
gcm: 0.508587 1.00243 -1.58401
H: -6.38631 -1.18282 -0.287289
L: 0.011109 0.0379047 0.590929
left
45
gcm: 0.508802 1.003 -1.57563
H: -7.06015 -1.07862 -0.666869
L: 0.0152502 0.040045 0.595365
left
46
gcm: 0.509019 1.00338 -1.56727
H: -6.48009 -0.948093 -0.281683
L: 0.0154288 0.0270169 0.593629
left
47
gcm: 0.509251 1.00377 -1.55895
H: -5.78857 -0.80724 0.49061
L: 0.0164543 0.0282434 0.590438
left
48
gcm: 0.509534 1.0043 -1.55071
H: -4.29306 -0.646091 0.224816
L: 0.0200801 0.0376433 0.584956
left
49
gcm: 0.509794 1.00479 -1.5427
H: -3.51554 -0.233567 0.836178
L: 0.0184428 0.0345431 0.56914
left
50
gcm: 0.510158 1.00509 -1.53462
H: -5.23801 0.0882832 2.62466
L: 0.025831 0.0213188 0.573722
left
51
gcm: 0.510695 1.00516 -1.52657
H: -6.76711 0.0716274 2.30884
L: 0.0381854 0.00490701 0.571653
left
52
gcm: 0.511302 1.00505 -1.51845
H: -2.91183 0.0444494 0.684581
L: 0.0430899 -0.00778828 0.576219
left
53
gcm: 0.511967 1.00542 -1.51011
H: 1.95559 -0.421557 -1.43585
L: 0.047214 0.0262668 0.591892
left
54
gcm: 0.512601 1.00552 -1.50093
H: 5.54275 -0.604525 -3.25271
L: 0.0449874 0.00737194 0.652082
left
55
gcm: 0.513449 1.00454 -1.49129
H: -3.55123 0.229888 5.66771
L: 0.0602159 -0.0698884 0.684346
left
56
gcm: 0.514204 1.00368 -1.48235
H: 3.77262 -0.251829 -1.22047
L: 0.0535676 -0.0611769 0.634794
left
57
gcm: 0.514857 1.00365 -1.47359
H: 3.58571 -0.161506 -0.877357
L: 0.0463836 -0.00206221 0.622043
none 
58
gcm: 0.515522 1.00335 -1.46469
H: 4.37083 -0.179682 -0.00333031
L: 0.0472018 -0.0211356 0.631531
left
59
gcm: 0.516567 1.00296 -1.45541
H: 5.49142 -0.326217 -0.418728
L: 0.0741885 -0.0279387 0.65937
left
60
gcm: 0.517786 1.00376 -1.44591
H: 6.35994 -0.0449112 -0.429719
L: 0.0866176 0.056707 0.674431
left
61
gcm: 0.518789 1.00432 -1.43653
H: 7.41737 -0.0729702 -1.01689
L: 0.0711496 0.0401114 0.665833
left
62
gcm: 0.51976 1.00522 -1.42741
H: 5.79237 -0.275313 -3.0263
L: 0.0689701 0.0635632 0.647762
left
63
gcm: 0.521291 1.0067 -1.41776
H: 1.27786 0.012036 1.67698
L: 0.108691 0.105254 0.684716
none 
64
gcm: 0.522954 1.0078 -1.40812
H: 4.80274 -0.623468 -2.56082
L: 0.118101 0.078078 0.684909
none 
65
gcm: 0.524806 1.00831 -1.39747
H: 7.29159 -0.540177 -0.605471
L: 0.131455 0.0361069 0.756015
none 
66
gcm: 0.526526 1.00911 -1.38676
H: 10.0135 -1.0344 -1.8917
L: 0.122111 0.0566973 0.760529
none 
67
gcm: 0.528337 1.00978 -1.3764
H: 9.19646 -0.973095 -2.37007
L: 0.128597 0.0478312 0.735109
right
68
gcm: 0.530175 1.01035 -1.36655
H: 7.659 -0.608873 -1.95528
L: 0.130523 0.0406444 0.699531
right
69
gcm: 0.531762 1.01096 -1.35695
H: 8.19037 -0.617293 -1.13083
L: 0.112673 0.0430984 0.681263
right
70
gcm: 0.533264 1.013 -1.34722
H: 8.44326 -0.800331 -1.48457
L: 0.106615 0.145063 0.691037
right
71
gcm: 0.534813 1.01369 -1.33777
H: 6.86387 -0.871875 -1.68583
L: 0.109972 0.0485834 0.671218
right
72
gcm: 0.536605 1.01411 -1.32859
H: 5.39317 -0.922622 -1.44645
L: 0.127226 0.0299172 0.651426
right
73
gcm: 0.538435 1.01458 -1.3193
H: 5.99884 -0.616114 -1.54517
L: 0.129956 0.0337852 0.660086
right
74
gcm: 0.539872 1.01589 -1.30968
H: 6.3469 -0.273593 -1.20591
L: 0.102029 0.0925552 0.682462
right
75
gcm: 0.541098 1.01738 -1.30029
H: 6.34592 -0.306065 -0.00117633
L: 0.0870639 0.106129 0.666639
right
76
gcm: 0.542267 1.01854 -1.29132
H: 6.12247 -0.46482 0.941865
L: 0.0829825 0.0823896 0.637316
right
77
gcm: 0.543486 1.01949 -1.28208
H: 4.83252 -0.348891 0.141508
L: 0.086584 0.0673031 0.655579
right
78
gcm: 0.544708 1.01979 -1.2727
H: 3.81109 0.0287514 -0.523204
L: 0.086719 0.0210433 0.666428
right
79
gcm: 0.545806 1.01984 -1.26361
H: 2.79576 0.359142 -0.399409
L: 0.0779914 0.00351348 0.645058
right
80
gcm: 0.546697 1.02068 -1.25468
H: 2.22097 0.280314 0.271653
L: 0.0632343 0.0600708 0.633977
right
81
gcm: 0.547598 1.02209 -1.24595
H: 0.564514 0.407927 -0.290419
L: 0.063987 0.0996299 0.62006
right
82
gcm: 0.548925 1.02284 -1.23736
H: -0.276675 0.149957 -1.13811
L: 0.0941934 0.0534394 0.610017
right
83
gcm: 0.550396 1.02329 -1.22871
H: 1.33362 -0.0918286 -1.52403
L: 0.104487 0.0319662 0.614117
right
84
gcm: 0.551728 1.02349 -1.22012
H: 1.92872 0.261768 -1.44404
L: 0.0945062 0.0146547 0.609959
right
85
gcm: 0.552717 1.02351 -1.21173
H: 0.729736 0.969027 -0.639593
L: 0.0702553 0.000942458 0.595345
right
86
gcm: 0.553417 1.02395 -1.20332
H: -0.620336 1.04693 0.103491
L: 0.0496773 0.0315763 0.597657
right
87
gcm: 0.554372 1.02456 -1.19469
H: -0.615141 0.897586 -0.0188094
L: 0.0677966 0.0431191 0.612316
right
88
gcm: 0.555141 1.02519 -1.18637
H: -1.31757 0.871919 0.411706
L: 0.0546235 0.0447341 0.590791
right
89
gcm: 0.555403 1.02568 -1.17825
H: -2.88635 1.28714 0.930098
L: 0.0185913 0.034869 0.57662
right
90
gcm: 0.555809 1.02561 -1.16972
H: -1.96062 1.18543 0.68461
L: 0.0288291 -0.00514401 0.605387
right
91
gcm: 0.556572 1.02545 -1.16078
H: -0.626819 0.747502 0.383253
L: 0.0541529 -0.0110617 0.634714
right
92
gcm: 0.557306 1.02565 -1.15201
H: -1.72832 1.3993 -0.0942785
L: 0.0521718 0.0137269 0.622731
right
93
gcm: 0.557822 1.02569 -1.14381
H: -3.72973 1.5386 -0.656948
L: 0.0366305 0.00340528 0.582636
right
94
gcm: 0.558356 1.02547 -1.13551
H: -3.2107 1.15219 -0.497314
L: 0.0379119 -0.0161636 0.589119
right
95
gcm: 0.559119 1.02522 -1.12687
H: -2.70892 1.19086 -0.357118
L: 0.0541264 -0.0177466 0.613111
right
96
gcm: 0.559824 1.02453 -1.11854
H: -1.99859 1.15102 0.34548
L: 0.0501155 -0.0490439 0.591825
right
97
gcm: 0.560352 1.02307 -1.11043
H: -1.87486 1.24586 0.753289
L: 0.0374576 -0.10303 0.575771
right
98
gcm: 0.56087 1.02279 -1.10199
H: -2.75402 1.31785 0.72463
L: 0.0367885 -0.0203305 0.599398
right
99
gcm: 0.561333 1.0221 -1.09343
H: -3.47918 1.4589 0.589984
L: 0.032841 -0.0491427 0.607512
right
100
gcm: 0.561912 1.02072 -1.08489
H: -3.32499 1.05147 -0.11962
L: 0.041155 -0.0976111 0.606545
right
101
gcm: 0.562609 1.01985 -1.07626
H: -3.48294 1.09532 -0.426128
L: 0.0494799 -0.0615949 0.612416
right
102
gcm: 0.563046 1.01928 -1.06762
H: -3.38106 1.23787 0.723674
L: 0.0309756 -0.0404026 0.613442
right
103
gcm: 0.563215 1.01872 -1.0591
H: -3.60922 1.43226 1.4233
L: 0.0120555 -0.0402062 0.605291
right
104
gcm: 0.563372 1.01818 -1.05074
H: -3.90531 1.11557 1.21908
L: 0.0111179 -0.0380239 0.59337
right
105
gcm: 0.563769 1.01792 -1.04217
H: -4.31454 0.964885 0.680039
L: 0.0281762 -0.0184448 0.60841
right
106
gcm: 0.564263 1.0184 -1.03329
H: -5.4216 1.13983 -0.343848
L: 0.035102 0.0340802 0.630176
right
107
gcm: 0.564639 1.0188 -1.02458
H: -6.59929 1.34703 -0.135289
L: 0.0266846 0.0281984 0.618723
right
108
gcm: 0.565199 1.01811 -1.01639
H: -6.29761 1.1106 -0.280509
L: 0.039782 -0.0490168 0.581096
right
109
gcm: 0.565605 1.01766 -1.0082
H: -5.59104 0.991397 -0.36887
L: 0.0287923 -0.0316388 0.581585
right
110
gcm: 0.565514 1.01859 -0.999498
H: -6.56992 1.18104 0.976613
L: -0.00643167 0.0660364 0.618008
right
111
gcm: 0.565515 1.01887 -0.990895
H: -7.52827 1.61577 0.820712
L: 5.19283e-05 0.0195956 0.610812
right
112
gcm: 0.565768 1.01784 -0.982635
H: -6.0528 0.794672 -0.0490297
L: 0.0179737 -0.0731558 0.586511
right
113
gcm: 0.566134 1.01777 -0.974265
H: -5.88489 0.95992 -0.232293
L: 0.0259744 -0.00510834 0.594256
right
114
gcm: 0.566479 1.01867 -0.965942
H: -6.38179 0.938539 -0.165309
L: 0.0245266 0.0637542 0.590906
right
115
gcm: 0.566803 1.01893 -0.95778
H: -7.40534 0.946941 0.222357
L: 0.0229641 0.0184229 0.57954
right
116
gcm: 0.566989 1.01866 -0.949625
H: -8.54117 1.09496 0.315709
L: 0.0131912 -0.0188542 0.578995
right
117
gcm: 0.566916 1.01898 -0.941438
H: -8.36601 0.92698 -0.0842234
L: -0.00514785 0.0224353 0.58128
right
118
gcm: 0.566968 1.01963 -0.933602
H: -9.17749 0.700785 -0.812462
L: 0.00366307 0.0466478 0.556317
right
119
gcm: 0.567269 1.01987 -0.924683
H: -2.67523 0.639257 -0.761897
L: 0.0213698 0.0169839 0.633277
right
120
gcm: 0.567436 1.02067 -0.915778
H: -4.42628 0.497126 -1.0961
L: 0.0118683 0.0567679 0.632244
right
121
gcm: 0.567502 1.02133 -0.906596
H: -4.5999 0.316221 -1.01518
L: 0.00470776 0.0465251 0.651953
right
122
gcm: 0.567507 1.02127 -0.897427
H: -2.78881 0.237236 -1.05599
L: 0.000345657 -0.00415143 0.650991
right
123
gcm: 0.567599 1.02119 -0.888399
H: -2.14683 0.240906 -1.41474
L: 0.00653115 -0.00579498 0.640983
right
124
gcm: 0.567861 1.02069 -0.87949
H: -2.17794 0.049982 -1.38915
L: 0.0185966 -0.0353708 0.63252
right
125
gcm: 0.567852 1.01935 -0.870524
H: -1.31972 0.161246 -0.0989786
L: -0.000626613 -0.095291 0.636574
right
126
gcm: 0.567262 1.01798 -0.861593
H: -0.500807 0.374123 0.923856
L: -0.041888 -0.0972888 0.634115
right
127
gcm: 0.566648 1.01703 -0.852799
H: 0.0253101 0.458242 0.130833
L: -0.0435978 -0.0674 0.624357
right
128
gcm: 0.566111 1.01638 -0.843809
H: 0.790004 0.523765 1.10879
L: -0.0381435 -0.0459529 0.638294
right
129
gcm: 0.565334 1.01557 -0.834776
H: 1.76168 0.678742 2.9837
L: -0.0551576 -0.0573497 0.641338
right
130
gcm: 0.564521 1.01466 -0.825794
H: 2.75672 0.633068 2.8958
L: -0.057713 -0.0650619 0.637774
right
131
gcm: 0.563916 1.01385 -0.816833
H: 3.53741 0.486813 1.50103
L: -0.0429992 -0.0571783 0.636234
right
132
gcm: 0.563335 1.01299 -0.807987
H: 3.89549 0.197739 0.203874
L: -0.0412418 -0.0613123 0.62803
right
133
gcm: 0.562727 1.01207 -0.798813
H: 4.48401 0.139483 -0.00166161
L: -0.0431401 -0.0649271 0.651343
right
134
gcm: 0.561939 1.01065 -0.789336
H: 4.66479 0.326123 1.35689
L: -0.0559871 -0.100787 0.672893
right
135
gcm: 0.560771 1.00979 -0.779726
H: 5.19061 0.429214 2.84447
L: -0.0828819 -0.0610679 0.682311
right
136
gcm: 0.5596 1.01029 -0.769905
H: 5.34913 0.231333 1.47737
L: -0.0831535 0.0352895 0.697262
right
137
gcm: 0.558536 1.01093 -0.76009
H: 5.02308 -0.0728912 0.110968
L: -0.0755172 0.045407 0.696875
right
138
gcm: 0.557699 1.01122 -0.749996
H: 6.17626 0.0150505 0.66426
L: -0.0594594 0.0206415 0.716648
none 
139
gcm: 0.55672 1.01085 -0.739826
H: 6.2024 0.13277 1.40965
L: -0.069522 -0.0260637 0.722101
none 
140
gcm: 0.555217 1.01031 -0.730022
H: 5.60147 0.150041 2.01164
L: -0.106702 -0.0385896 0.69606
none 
141
gcm: 0.553828 1.01078 -0.720698
H: 5.93375 0.234654 1.04885
L: -0.0986458 0.0334447 0.66206
none 
142
gcm: 0.552756 1.0118 -0.711672
H: 5.80951 0.315857 -0.120526
L: -0.0760804 0.0723987 0.64081
none 
143
gcm: 0.55192 1.01195 -0.700561
H: 15.2102 0.600875 0.662076
L: -0.0593823 0.010362 0.788885
left
144
gcm: 0.55028 1.01253 -0.689892
H: 10.5254 0.856093 2.5738
L: -0.116391 0.0416063 0.757534
left
145
gcm: 0.548611 1.01258 -0.679314
H: 9.13891 0.869706 2.56074
L: -0.118556 0.00339546 0.751025
left
146
gcm: 0.547987 1.01284 -0.669352
H: 9.31642 0.283387 -0.964454
L: -0.0442838 0.0186208 0.70731
left
147
gcm: 0.547273 1.01328 -0.659013
H: 10.3053 0.372277 -0.385221
L: -0.0506747 0.0309165 0.734035
left
148
gcm: 0.546256 1.01406 -0.649069
H: 8.25722 0.415723 0.385374
L: -0.0721796 0.0552073 0.706006
left
149
gcm: 0.545272 1.01514 -0.639446
H: 6.55173 -0.0998047 -0.397749
L: -0.0698659 0.0772256 0.683258
left
150
gcm: 0.544203 1.01673 -0.629829
H: 6.03319 0.815441 0.126662
L: -0.0758974 0.113024 0.682798
left
151
gcm: 0.543206 1.01843 -0.620016
H: 6.70569 0.603152 0.603837
L: -0.0707887 0.120266 0.696766
left
152
gcm: 0.542399 1.01995 -0.610114
H: 4.76462 1.24301 0.692842
L: -0.0573378 0.107919 0.703035
left
153
gcm: 0.541487 1.02122 -0.60045
H: 4.01797 0.227475 1.07981
L: -0.0647285 0.0901693 0.686149
left
154
gcm: 0.540522 1.02245 -0.591052
H: 3.21275 0.177229 0.971662
L: -0.0685363 0.0876064 0.667217
left
155
gcm: 0.539687 1.02431 -0.58187
H: 1.62932 -0.583532 0.186506
L: -0.0592667 0.131602 0.651926
left
156
gcm: 0.538828 1.02616 -0.572639
H: 2.51155 0.167071 -0.0264941
L: -0.0610245 0.131822 0.655415
left
157
gcm: 0.537963 1.02717 -0.563505
H: 6.52018 0.890759 -0.517008
L: -0.0613602 0.0712097 0.648493
left
158
gcm: 0.53751 1.02802 -0.554524
H: -3.68818 -1.46127 1.11329
L: -0.0322091 0.0604163 0.637662
left
159
gcm: 0.536965 1.02891 -0.545622
H: 2.09825 -0.35407 -0.266815
L: -0.0386698 0.0637132 0.632061
left
160
gcm: 0.536349 1.02983 -0.536849
H: -2.35762 -1.00777 1.71115
L: -0.0437245 0.06524 0.622864
left
161
gcm: 0.536479 1.03107 -0.527923
H: -0.152874 -0.622578 -1.10167
L: 0.00921625 0.0876822 0.633766
left
162
gcm: 0.536695 1.03197 -0.519204
H: 1.86778 -0.213979 -2.4968
L: 0.0153621 0.0638952 0.619017
left
163
gcm: 0.536111 1.03279 -0.510746
H: -4.53242 -1.36947 0.804586
L: -0.0414829 0.0586203 0.600522
left
164
gcm: 0.535529 1.03347 -0.502055
H: -1.9957 -1.10463 0.116619
L: -0.0413419 0.0480273 0.617047
left
165
gcm: 0.53533 1.03369 -0.493461
H: -1.3833 -0.866576 -0.25789
L: -0.0141164 0.0155927 0.610195
left
166
gcm: 0.534975 1.03403 -0.484908
H: -1.20095 -0.778249 0.0142154
L: -0.0251757 0.0242982 0.607257
left
167
gcm: 0.534831 1.03516 -0.475892
H: -0.0546216 -1.09176 -0.951103
L: -0.0102399 0.0802603 0.64011
left
168
gcm: 0.534919 1.03649 -0.466903
H: -0.790834 -1.22571 -1.17893
L: 0.00619609 0.0944556 0.63826
left
169
gcm: 0.534756 1.03657 -0.458505
H: -1.74607 -1.1181 0.25588
L: -0.0115266 0.00526396 0.596268
left
170
gcm: 0.53451 1.03582 -0.450325
H: -1.84386 -1.11209 0.720515
L: -0.0174511 -0.0529484 0.58077
left
171
gcm: 0.534173 1.03534 -0.441909
H: -2.39051 -1.01777 0.57003
L: -0.0239615 -0.0338973 0.597535
left
172
gcm: 0.533851 1.03531 -0.433209
H: -3.11487 -1.07617 0.0133664
L: -0.0228735 -0.00210956 0.617678
left
173
gcm: 0.533844 1.03504 -0.424562
H: -4.49465 -1.47162 -0.802397
L: -0.000507554 -0.0196693 0.613958
left
174
gcm: 0.534056 1.03447 -0.41576
H: -3.5774 -1.49012 -1.32981
L: 0.0150895 -0.0400521 0.624968
left
175
gcm: 0.534182 1.03405 -0.406962
H: -1.72259 -1.21646 -0.89375
L: 0.00896473 -0.0302052 0.624615
left
176
gcm: 0.534206 1.03387 -0.398424
H: -3.43534 -1.46647 0.595535
L: 0.00164752 -0.0123958 0.606189
left
177
gcm: 0.53478 1.03402 -0.389241
H: -2.14799 -1.44093 -2.06004
L: 0.0407952 0.0104632 0.65203
left
178
gcm: 0.533157 1.02986 -0.383781
H: -10.3566 -0.875127 6.90006
L: -0.115254 -0.295104 0.387662
left
179
gcm: 0.534227 1.03256 -0.373602
H: -3.93094 -2.06805 -3.46603
L: 0.0759732 0.191451 0.722691
left
180
gcm: 0.534698 1.03348 -0.364884
H: -3.68798 -1.56131 -2.12411
L: 0.0334611 0.0653214 0.618984
left
181
gcm: 0.534795 1.03399 -0.356702
H: -3.93463 -1.39741 -0.821833
L: 0.00684309 0.0360037 0.580922
left
182
gcm: 0.534783 1.03586 -0.348167
H: -5.04545 -1.54952 -0.368253
L: -0.000840755 0.133157 0.605988
left
183
gcm: 0.534714 1.03726 -0.339818
H: -6.6188 -1.55849 0.038771
L: -0.00491036 0.099314 0.592786
left
184
gcm: 0.53501 1.0368 -0.33201
H: -6.66521 -1.56539 -0.466836
L: 0.0210705 -0.0326766 0.554328
left
185
gcm: 0.535443 1.03659 -0.324257
H: -6.39345 -1.78472 -1.27814
L: 0.0307179 -0.0146774 0.550482
left
186
gcm: 0.535591 1.03753 -0.315891
H: -6.12943 -1.63718 -0.371475
L: 0.010535 0.0666383 0.593975
left
187
gcm: 0.535873 1.03846 -0.307355
H: -5.46287 -1.49955 -0.206519
L: 0.0199842 0.0655019 0.606075
left
188
gcm: 0.536054 1.03906 -0.299139
H: -5.89023 -1.5978 -0.360906
L: 0.0128666 0.0432622 0.583357
left
189
gcm: 0.536262 1.039 -0.29085
H: -5.67502 -1.4983 -0.484124
L: 0.0147339 -0.00434055 0.58853
left
190
gcm: 0.536431 1.03809 -0.282485
H: -5.3458 -1.29251 0.323538
L: 0.012055 -0.0646966 0.593896
left
191
gcm: 0.536438 1.03789 -0.274791
H: -7.39487 -1.31945 0.783028
L: 0.000490223 -0.014487 0.546251
left
192
gcm: 0.536641 1.03823 -0.26702
H: -6.21618 -1.37765 0.0924091
L: 0.014373 0.0242675 0.551737
left
193
gcm: 0.536964 1.03841 -0.258691
H: -4.08297 -1.32199 -0.4421
L: 0.0229811 0.012557 0.591372
left
194
gcm: 0.537283 1.03848 -0.250623
H: -5.63755 -1.00848 -0.0850463
L: 0.0226225 0.00498519 0.572808
left
195
gcm: 0.537752 1.03842 -0.242802
H: -6.19205 -0.738852 0.712406
L: 0.0333114 -0.00439963 0.555329
left
196
gcm: 0.53835 1.03893 -0.234541
H: -4.69248 -0.890853 0.258137
L: 0.042436 0.0367293 0.586486
left
197
gcm: 0.5392 1.03986 -0.226115
H: -4.30181 -0.920715 -0.877566
L: 0.0603688 0.065633 0.598262
left
198
gcm: 0.53993 1.04016 -0.218249
H: -3.94524 -0.50591 0.105007
L: 0.0517874 0.0217343 0.558527
left
199
gcm: 0.540297 1.04009 -0.210717
H: -2.59894 -0.308349 0.909894
L: 0.0261227 -0.00499654 0.534729
left
200
gcm: 0.540926 1.04003 -0.202745
H: -3.11872 -0.333488 1.98187
L: 0.0446577 -0.00433963 0.565988
left
201
gcm: 0.541888 1.04045 -0.194393
H: -2.94228 -0.287484 1.08683
L: 0.068242 0.0296401 0.59305
left
202
gcm: 0.542319 1.0403 -0.185942
H: -0.515352 0.0987863 1.34231
L: 0.0306546 -0.0109194 0.599966
left
203
gcm: 0.543439 1.04021 -0.177411
H: 0.0434176 0.310245 0.585441
L: 0.0795275 -0.00592774 0.605701
left
204
gcm: 0.544545 1.04034 -0.168342
H: 1.632 -0.0576162 0.100179
L: 0.0785074 0.00925481 0.643918
left
205
gcm: 0.54559 1.04007 -0.159357
H: 2.16792 -0.168167 -0.401082
L: 0.0742021 -0.0193354 0.637959
left
206
gcm: 0.546579 1.0392 -0.150464
H: 3.52752 -0.126425 -0.850812
L: 0.0701851 -0.0615553 0.631371
left
207
gcm: 0.547594 1.0381 -0.1415
H: 4.04709 -0.162314 -0.996863
L: 0.0720618 -0.0781809 0.636494
left
208
gcm: 0.5487 1.0365 -0.132613
H: 4.36533 -0.206944 -0.889882
L: 0.0785743 -0.1139 0.630947
left
209
gcm: 0.549762 1.0362 -0.123715
H: 5.36062 -0.0768326 -0.612845
L: 0.0753592 -0.0213546 0.63175
left
210
gcm: 0.551044 1.03759 -0.114276
H: 5.17429 0.0386634 -0.368623
L: 0.0910543 0.0992763 0.670157
left
211
gcm: 0.552601 1.03874 -0.104327
H: 4.80169 -0.0775496 -0.343491
L: 0.110514 0.0815412 0.706375
left
212
gcm: 0.553949 1.03957 -0.0944385
H: 5.5414 -0.217528 -0.643097
L: 0.0957044 0.0589807 0.702111
left
213
gcm: 0.555324 1.03991 -0.0847639
H: 5.45975 -0.372029 -0.873858
L: 0.097645 0.023575 0.686891
none 
214
gcm: 0.557117 1.0402 -0.0754323
H: 3.97501 -0.257369 -1.56442
L: 0.127263 0.0206226 0.662545
none 
215
gcm: 0.559217 1.04025 -0.0643866
H: 12.6183 -0.666483 -3.40383
L: 0.149115 0.00360281 0.784246
none 
216
gcm: 0.56123 1.0409 -0.0536159
H: 7.48432 -0.544083 -1.61064
L: 0.14292 0.0460995 0.76472
none 
217
gcm: 0.562761 1.04159 -0.0441117
H: 7.70683 -0.888327 -1.61494
L: 0.108703 0.049374 0.674795
right
218
gcm: 0.56493 1.04203 -0.034033
H: 7.85854 -1.03139 -2.74105
L: 0.15399 0.0313961 0.715588
none 
219
gcm: 0.566409 1.04254 -0.0245157
H: 6.57079 -0.628608 -0.857788
L: 0.105048 0.0359379 0.675733
right
220
gcm: 0.56807 1.043 -0.0149413
H: 6.86041 -0.686265 -0.345595
L: 0.117951 0.0324951 0.679779
right
221
gcm: 0.569964 1.04337 -0.00498884
H: 7.3267 -0.571104 0.264441
L: 0.134425 0.026423 0.706626
right
222
gcm: 0.571484 1.04353 0.00507133
H: 6.99299 -0.326029 0.477514
L: 0.107927 0.0115181 0.714272
right
223
gcm: 0.572918 1.04446 0.0147872
H: 6.77454 -0.443064 -0.727655
L: 0.101854 0.065815 0.689828
right
224
gcm: 0.574546 1.04565 0.0240802
H: 7.18226 -0.733679 -1.92488
L: 0.11555 0.0845016 0.659799
right
225
gcm: 0.576092 1.04654 0.0332086
H: 6.45798 -0.562738 -1.48945
L: 0.109757 0.0634519 0.64812
right
226
gcm: 0.577658 1.04774 0.0428288
H: 6.03923 -0.472758 -0.757845
L: 0.111233 0.0846977 0.683033
right
227
gcm: 0.579174 1.04869 0.0525719
H: 6.12144 -0.441949 -0.786955
L: 0.107574 0.0678113 0.691763
right
228
gcm: 0.58052 1.04956 0.0617114
H: 3.97909 -0.112175 -1.22505
L: 0.095597 0.0618517 0.648901
right
229
gcm: 0.582059 1.04986 0.0707985
H: 2.18468 0.0381443 -1.25447
L: 0.109274 0.0212677 0.645184
right
230
gcm: 0.583644 1.04966 0.080546
H: 3.79979 -0.477937 0.0700751
L: 0.112532 -0.014391 0.692071
right
231
gcm: 0.585335 1.05049 0.0902306
H: 2.71375 -0.287242 -1.80081
L: 0.120071 0.0589918 0.687608
right
232
gcm: 0.586282 1.05242 0.0993278
H: 1.21235 0.144111 -0.88163
L: 0.0672576 0.137231 0.645903
right
233
gcm: 0.586534 1.05366 0.107535
H: -0.711689 0.556375 0.968009
L: 0.0178296 0.0874738 0.58268
right
234
gcm: 0.586501 1.05417 0.114848
H: -2.03654 0.837923 2.8827
L: -0.00230212 0.0365508 0.519266
right
235
gcm: 0.587515 1.05441 0.124119
H: 0.137878 0.732017 0.327376
L: 0.071952 0.0171981 0.658215
right
236
gcm: 0.588266 1.05419 0.133127
H: -0.307853 0.9734 -0.256411
L: 0.0533648 -0.0155343 0.639608
right
237
gcm: 0.588858 1.05395 0.141779
H: -2.0266 1.03625 -0.450198
L: 0.0420302 -0.0175488 0.614266
right
238
gcm: 0.589589 1.05435 0.15069
H: -1.33807 0.757665 -0.0649947
L: 0.051888 0.0284806 0.632666
right
239
gcm: 0.590455 1.05498 0.159986
H: 0.67336 0.650484 -0.114501
L: 0.0615135 0.0451813 0.66003
right
240
gcm: 0.590939 1.05525 0.168855
H: -0.386756 1.01143 1.03619
L: 0.0343398 0.0188648 0.629676
right
241
gcm: 0.591151 1.05512 0.177429
H: -1.54122 1.21059 1.85446
L: 0.0150743 -0.00903204 0.608809
right
242
gcm: 0.591601 1.05458 0.186399
H: -1.31335 1.38588 0.602995
L: 0.0319449 -0.0383789 0.636843
right
243
gcm: 0.592332 1.05406 0.195237
H: -1.59136 1.12599 -0.634364
L: 0.0518658 -0.0367407 0.627465
right
244
gcm: 0.592925 1.0541 0.20371
H: -1.91365 1.17946 0.697696
L: 0.0421051 0.00260122 0.601613
right
245
gcm: 0.593413 1.05435 0.21261
H: -2.0063 1.31067 1.28995
L: 0.0346637 0.0176469 0.631924
right
246
gcm: 0.593979 1.05379 0.221655
H: -2.2251 1.14961 -0.119075
L: 0.0401957 -0.0393692 0.642177
right
247
gcm: 0.594408 1.0526 0.230253
H: -2.69938 1.19829 0.00366185
L: 0.030463 -0.0849848 0.610462
right
248
gcm: 0.594778 1.0507 0.239081
H: -3.22286 1.33931 0.527928
L: 0.0262475 -0.134841 0.626765
right
249
gcm: 0.594998 1.04982 0.248456
H: -3.32885 1.47356 0.793518
L: 0.0156197 -0.0621472 0.66562
right
250
gcm: 0.594983 1.0494 0.257871
H: -2.99993 1.57625 1.36984
L: -0.00107942 -0.030061 0.668452
right
251
gcm: 0.594996 1.04827 0.267092
H: -4.01504 1.65245 1.54719
L: 0.000956534 -0.0800503 0.654748
right
252
gcm: 0.595839 1.0467 0.275574
H: -4.85921 1.09665 -1.35363
L: 0.059878 -0.111596 0.602184
right
253
gcm: 0.596218 1.04573 0.284724
H: -4.15851 1.13393 -0.0278515
L: 0.0269066 -0.0689007 0.649637
right
254
gcm: 0.596463 1.04472 0.293793
H: -3.85833 1.13807 0.673069
L: 0.0173973 -0.0720716 0.643903
right
255
gcm: 0.59669 1.04377 0.302734
H: -4.39381 1.26227 0.588119
L: 0.016094 -0.0668275 0.63481
right
256
gcm: 0.59687 1.04352 0.311783
H: -6.10283 1.39496 0.116873
L: 0.0127618 -0.0177261 0.642476
right
257
gcm: 0.596866 1.04319 0.320825
H: -4.06504 1.17655 0.5597
L: -0.000259744 -0.0238544 0.642015
right
258
gcm: 0.596887 1.0425 0.329409
H: -8.61957 1.33576 -0.0438776
L: 0.00149188 -0.0489171 0.60947
right
259
gcm: 0.596409 1.0427 0.33772
H: -7.61586 1.45928 1.90948
L: -0.0339898 0.0139291 0.590064
right
260
gcm: 0.596546 1.04318 0.347373
H: -6.05747 1.04916 -0.549572
L: 0.00973278 0.0343801 0.685384
right
261
gcm: 0.596077 1.04317 0.355935
H: -8.05211 1.30052 1.10357
L: -0.0332949 -0.000598449 0.607904
right
262
gcm: 0.597792 1.04294 0.366949
H: -5.80673 0.523999 -4.37981
L: 0.121767 -0.0166737 0.781939
right
263
gcm: 0.596044 1.04291 0.373398
H: -10.8017 1.73447 3.2537
L: -0.12409 -0.00214803 0.457896
right
264
gcm: 0.596964 1.04332 0.383749
H: -6.36131 0.856625 -2.17794
L: 0.0652912 0.0292206 0.734967
right
265
gcm: 0.596175 1.04347 0.392928
H: -6.22293 1.63106 2.31687
L: -0.0560151 0.0111536 0.651651
right
266
gcm: 0.595506 1.04289 0.401699
H: -7.63915 1.39533 0.44002
L: -0.0474698 -0.0414167 0.622791
right
267
gcm: 0.595065 1.04278 0.409788
H: -9.1393 1.1034 -0.598683
L: -0.0313324 -0.00761677 0.574305
right
268
gcm: 0.595056 1.04332 0.418636
H: -6.33517 0.27088 -1.03286
L: -0.000587977 0.0378809 0.628206
right
269
gcm: 0.595084 1.04321 0.428237
H: -4.64397 0.191683 0.34285
L: 0.00193501 -0.0079486 0.681658
right
270
gcm: 0.594968 1.0433 0.437859
H: -4.01428 0.95717 -0.303136
L: -0.00820408 0.00690998 0.683157
right
271
gcm: 0.594797 1.04375 0.447302
H: -2.9388 0.790764 -1.21165
L: -0.0121163 0.0316638 0.670483
right
272
gcm: 0.594439 1.04351 0.456827
H: -2.393 0.609342 0.0424743
L: -0.0254177 -0.0172299 0.676249
right
273
gcm: 0.593557 1.04254 0.466457
H: -0.298751 -0.426073 0.00228509
L: -0.0626457 -0.0682729 0.683759
right
274
gcm: 0.592286 1.0413 0.476042
H: -1.65427 0.864831 0.917451
L: -0.0902215 -0.0882408 0.68049
right
275
gcm: 0.591422 1.04038 0.485542
H: -0.260699 0.908883 0.885935
L: -0.0614038 -0.0653308 0.674545
right
276
gcm: 0.590813 1.03958 0.495018
H: 2.276 0.0507092 1.20025
L: -0.0432307 -0.05685 0.672768
right
277
gcm: 0.589979 1.03876 0.504719
H: 2.87094 0.272989 1.34123
L: -0.0591821 -0.0586098 0.688809
right
278
gcm: 0.589069 1.0381 0.514512
H: 3.57119 0.496881 0.826261
L: -0.0646302 -0.0467494 0.695275
right
279
gcm: 0.588248 1.03599 0.524045
H: 5.32464 -0.0224969 0.421296
L: -0.0583143 -0.149685 0.676809
right
280
gcm: 0.586962 1.03287 0.533375
H: 5.5795 0.484556 1.86745
L: -0.0912723 -0.22146 0.662491
right
281
gcm: 0.585249 1.03182 0.543082
H: 5.8976 0.435568 2.4393
L: -0.121651 -0.0748006 0.689186
right
282
gcm: 0.583582 1.03268 0.553257
H: 5.08287 0.611527 0.905489
L: -0.118358 0.0616368 0.722389
right
283
gcm: 0.581959 1.03314 0.56351
H: 4.38768 0.728039 0.998546
L: -0.115235 0.0322995 0.727991
right
284
gcm: 0.580504 1.03257 0.573852
H: 4.73007 0.527312 1.33547
L: -0.103257 -0.0404443 0.734258
none 
285
gcm: 0.579131 1.03203 0.584061
H: 6.19399 -0.552404 0.417549
L: -0.0974715 -0.0382289 0.724867
none 
286
gcm: 0.577398 1.032 0.594153
H: 5.43796 0.294777 1.11179
L: -0.123105 -0.00239582 0.716516
none 
287
gcm: 0.575493 1.03218 0.604475
H: 5.28592 0.196578 1.61662
L: -0.135224 0.0131323 0.732874
none 
288
gcm: 0.57427 1.03172 0.615685
H: 13.2032 0.661432 0.61138
L: -0.0868308 -0.0331312 0.795871
none 
289
gcm: 0.573216 1.03136 0.626282
H: 13.7653 0.855055 -0.539953
L: -0.0748632 -0.0253204 0.752413
left
290
gcm: 0.571818 1.03161 0.636972
H: 12.5104 0.911524 0.24335
L: -0.0991995 0.0180116 0.758977
left
291
gcm: 0.570231 1.03234 0.64776
H: 11.2217 0.93792 1.19586
L: -0.112698 0.0517682 0.76594
left
292
gcm: 0.568585 1.03308 0.658176
H: 9.43349 0.687206 1.08197
L: -0.116875 0.052214 0.739593
left
293
gcm: 0.567035 1.03429 0.668314
H: 8.42061 0.7713 0.405358
L: -0.110049 0.0863901 0.71979
left
294
gcm: 0.565826 1.03612 0.678538
H: 8.33261 0.947228 -0.50726
L: -0.0858622 0.129812 0.725877
left
295
gcm: 0.564904 1.03767 0.688665
H: 7.95625 0.744273 -1.12467
L: -0.0654394 0.110059 0.719002
left
296
gcm: 0.563654 1.0389 0.698419
H: 6.47648 0.569897 -0.0826493
L: -0.0887409 0.0872456 0.69254
left
297
gcm: 0.562236 1.04072 0.708095
H: 3.478 -0.22035 1.33525
L: -0.100661 0.128952 0.687024
left
298
gcm: 0.561281 1.04282 0.717606
H: 3.26795 0.521842 0.0765342
L: -0.0678105 0.149269 0.675288
left
299
gcm: 0.560244 1.04407 0.72705
H: 7.57164 0.99036 -0.765353
L: -0.0736282 0.0885771 0.670506
left
300
gcm: 0.558568 1.04506 0.736847
H: -2.31705 -0.900075 3.56544
L: -0.119039 0.070764 0.695568
left
301
gcm: 0.557343 1.04696 0.746768
H: 2.41012 -0.0308744 0.711704
L: -0.0869655 0.134666 0.704391
left
302
gcm: 0.556673 1.04882 0.756231
H: 3.37833 0.513874 -1.26249
L: -0.0475521 0.132103 0.671875
left
303
gcm: 0.555816 1.04986 0.765101
H: -0.206825 0.53987 0.0561412
L: -0.0608719 0.0737415 0.629774
left
304
gcm: 0.55495 1.05104 0.774192
H: -0.470964 -0.707836 -0.15873
L: -0.061432 0.0835764 0.645485
left
305
gcm: 0.553787 1.05818 0.784138
H: -1.26126 -0.956639 -1.74804
L: -0.0826128 0.507344 0.706111
left
306
gcm: 0.553813 1.05448 0.792558
H: -1.86979 -1.11803 -0.584056
L: 0.00183533 -0.263083 0.597835
left
307
gcm: 0.55347 1.05381 0.801063
H: -2.29482 -1.43052 0.113089
L: -0.0243093 -0.0474934 0.603843
left
308
gcm: 0.552721 1.05479 0.809718
H: 0.233525 -0.78906 0.143222
L: -0.0531755 0.069681 0.614515
left
309
gcm: 0.551985 1.05517 0.818221
H: -0.288423 -0.797995 0.0820966
L: -0.0522731 0.0272534 0.603726
left
310
gcm: 0.551155 1.05505 0.827074
H: -1.13336 -1.15423 0.426699
L: -0.0589703 -0.00886003 0.628571
left
311
gcm: 0.551115 1.05594 0.837696
H: -1.20449 -1.60845 -1.57007
L: -0.00280663 0.0631996 0.754147
left
312
gcm: 0.551086 1.05636 0.847022
H: -3.53451 -1.66513 -1.09653
L: -0.00208791 0.0300738 0.662152
left
313
gcm: 0.550804 1.05665 0.855799
H: -3.26338 -1.4797 -0.0514038
L: -0.0199834 0.0205688 0.62321
left
314
gcm: 0.550393 1.05682 0.865011
H: -2.38449 -1.29711 0.387735
L: -0.0291743 0.0117502 0.654037
left
315
gcm: 0.549946 1.05684 0.874494
H: -2.75615 -1.40156 0.295519
L: -0.031752 0.00189922 0.673293
left
316
gcm: 0.549623 1.05623 0.883483
H: -3.88129 -1.65749 -0.312227
L: -0.0229686 -0.0440016 0.638181
left
317
gcm: 0.549184 1.05537 0.892048
H: -4.1554 -1.44735 -0.220115
L: -0.0311726 -0.0607691 0.608118
left
318
gcm: 0.548896 1.05498 0.900907
H: -3.45003 -1.37256 -0.336115
L: -0.0204205 -0.027776 0.629037
left
319
gcm: 0.549092 1.05443 0.910068
H: -2.61912 -1.78101 -1.15916
L: 0.0139257 -0.038725 0.650431
left
320
gcm: 0.549034 1.0537 0.919171
H: -2.19427 -1.63587 -0.715726
L: -0.00410046 -0.0522453 0.646294
left
321
gcm: 0.548736 1.05351 0.928471
H: -3.56352 -1.43022 0.243371
L: -0.0212046 -0.0135916 0.660278
left
322
gcm: 0.549026 1.05371 0.938064
H: -4.98956 -1.68335 -0.83054
L: 0.0206302 0.01459 0.681075
left
323
gcm: 0.548389 1.05118 0.944323
H: -8.00547 -1.1568 2.02194
L: -0.0452603 -0.179863 0.444419
left
324
gcm: 0.54845 1.05058 0.952329
H: -4.76374 -1.4678 0.0782855
L: 0.00433321 -0.0423734 0.568462
left
325
gcm: 0.548343 1.05174 0.96174
H: -4.17502 -1.32734 0.77087
L: -0.0076138 0.0819823 0.668116
left
326
gcm: 0.549546 1.05431 0.972741
H: -4.38739 -2.11949 -4.1258
L: 0.0854087 0.182654 0.781091
left
327
gcm: 0.549488 1.0543 0.98115
H: -5.02686 -1.51773 -0.671218
L: -0.00411333 -0.000601897 0.597022
left
328
gcm: 0.549498 1.05482 0.989619
H: -6.84813 -1.6206 0.462451
L: 0.000725168 0.0372317 0.601355
left
329
gcm: 0.549352 1.05502 0.998498
H: -6.96627 -1.45282 1.14713
L: -0.0103728 0.0137452 0.63039
left
330
gcm: 0.549491 1.05562 1.00756
H: -7.50395 -1.63714 0.1263
L: 0.00990945 0.0428305 0.643608
left
331
gcm: 0.549623 1.05637 1.01643
H: -6.91125 -1.55952 0.119863
L: 0.0093492 0.0532713 0.62927
left
332
gcm: 0.54978 1.05628 1.02522
H: -6.73063 -1.74193 0.0178778
L: 0.0111171 -0.00631312 0.62436
left
333
gcm: 0.550356 1.05598 1.03396
H: -6.6527 -1.65164 -1.07381
L: 0.0409192 -0.0217119 0.620637
left
334
gcm: 0.550911 1.05585 1.04285
H: -6.53155 -1.6986 -1.23632
L: 0.0394275 -0.00901279 0.630942
left
335
gcm: 0.551205 1.05579 1.0518
H: -6.2119 -1.632 -0.461845
L: 0.0208581 -0.00454933 0.635495
left
336
gcm: 0.551241 1.05654 1.06034
H: -6.08136 -1.49962 1.13442
L: 0.00256378 0.0532418 0.60628
left
337
gcm: 0.55154 1.05767 1.06872
H: -7.35807 -1.33019 1.32239
L: 0.0212474 0.0806903 0.595394
left
338
gcm: 0.55226 1.05772 1.07741
H: -7.23523 -1.1548 0.416259
L: 0.0510725 0.00358215 0.616497
left
339
gcm: 0.553024 1.05778 1.08608
H: -4.96695 -1.00258 0.244211
L: 0.0542845 0.00381652 0.615814
left
340
gcm: 0.553679 1.05907 1.09441
H: -4.26642 -0.915775 0.371826
L: 0.0464564 0.0918259 0.591413
left
341
gcm: 0.553919 1.06041 1.10195
H: -8.2737 -0.537945 2.27879
L: 0.0170939 0.0955142 0.535693
left
342
gcm: 0.554034 1.06073 1.11151
H: -0.455312 -0.179501 2.64412
L: 0.00813109 0.022466 0.678243
left
343
gcm: 0.555299 1.06092 1.12186
H: 1.33534 -0.208449 0.243946
L: 0.0898634 0.0136216 0.735297
left
344
gcm: 0.556833 1.0609 1.13113
H: -0.461493 -0.537033 -0.801523
L: 0.108868 -0.00168212 0.658127
left
345
gcm: 0.557509 1.06064 1.14008
H: 0.0270689 -0.254336 1.0453
L: 0.0479936 -0.0181002 0.635033
left
346
gcm: 0.558195 1.06022 1.14958
H: 1.88286 -0.277385 0.328685
L: 0.0487448 -0.0300738 0.674747
left
347
gcm: 0.558949 1.05938 1.15927
H: 2.05247 -0.412563 -0.170023
L: 0.0535163 -0.0598337 0.688282
left
348
gcm: 0.561234 1.0586 1.16775
H: 0.731537 -0.62514 -2.48566
L: 0.162211 -0.0553734 0.602108
left
349
gcm: 0.562819 1.05691 1.17697
H: 2.07814 -0.122528 -1.19082
L: 0.112533 -0.120098 0.654239
left
350
gcm: 0.564385 1.05552 1.18676
H: 3.87636 -0.161252 -1.5637
L: 0.111201 -0.0985877 0.695112
left
351
gcm: 0.565304 1.05536 1.19597
H: 4.01908 -0.170142 -0.296156
L: 0.0652333 -0.011133 0.653643
left
352
gcm: 0.566401 1.05591 1.2058
H: 5.67653 -0.302247 -0.366737
L: 0.0778716 0.0387262 0.697923
left
353
gcm: 0.567889 1.05743 1.21602
H: 6.10685 -0.18256 -1.18106
L: 0.105668 0.107826 0.725613
left
354
gcm: 0.569773 1.05821 1.22634
H: 5.65777 -0.304238 -1.76371
L: 0.133813 0.0556288 0.732994
left
355
gcm: 0.571587 1.05864 1.23618
H: 5.29941 -0.406715 -1.29318
L: 0.128748 0.0308127 0.698854
left
356
gcm: 0.573633 1.05911 1.24617
H: 5.48044 -0.510846 -1.93873
L: 0.145272 0.0330708 0.708847
none 
357
gcm: 0.575761 1.05954 1.25611
H: 5.051 -0.222134 -1.60237
L: 0.151121 0.0304069 0.70614
none 
358
gcm: 0.577697 1.05894 1.26711
H: 10.336 -0.319361 -1.15431
L: 0.137456 -0.0421607 0.781085
none 
359
gcm: 0.579453 1.05942 1.27818
H: 12.4025 -0.601142 -0.826027
L: 0.124617 0.0340055 0.786021
none 
360
gcm: 0.581198 1.06008 1.2886
H: 8.82847 -0.568087 -1.64588
L: 0.123907 0.0465401 0.739782
right
361
gcm: 0.583182 1.06028 1.29893
H: 7.88497 -0.617824 -2.32062
L: 0.140858 0.0143531 0.733374
right
362
gcm: 0.584977 1.06032 1.30888
H: 9.29289 -0.720474 -1.08776
L: 0.127501 0.00310793 0.705918
right
363
gcm: 0.586519 1.06076 1.31931
H: 11.4039 -0.651889 -0.809255
L: 0.109433 0.031187 0.740572
right
364
gcm: 0.588496 1.06227 1.33061
H: 5.73497 -0.178298 -0.421745
L: 0.140386 0.107174 0.802685
right
365
gcm: 0.590499 1.06363 1.3405
H: 9.93366 -0.465588 -3.26673
L: 0.14222 0.0964833 0.701937
right
366
gcm: 0.592036 1.06435 1.35004
H: 4.65035 -0.655814 1.7029
L: 0.109152 0.0507105 0.677384
right
367
gcm: 0.593462 1.06477 1.3586
H: 9.59476 -0.883662 -1.91984
L: 0.101192 0.0300229 0.608018
right
368
gcm: 0.594827 1.06515 1.3678
H: -1.98204 0.40903 2.01485
L: 0.0969567 0.0272928 0.652763
right
369
gcm: 0.596496 1.06596 1.37821
H: 11.7162 -0.973787 -1.3731
L: 0.118467 0.0573323 0.739672
right
370
gcm: 0.598287 1.07042 1.38958
H: 4.78544 -0.39129 -0.709035
L: 0.127163 0.316745 0.807236
right
371
gcm: 0.599889 1.06876 1.39747
H: 3.16053 0.0863874 -1.76049
L: 0.113727 -0.118256 0.559996
right
372
gcm: 0.601277 1.0692 1.40653
H: 2.61249 0.288785 -1.25987
L: 0.0985738 0.0313532 0.643446
right
373
gcm: 0.602562 1.06997 1.41646
H: 4.1772 -0.135349 -0.110092
L: 0.0912266 0.0545502 0.704948
right
374
gcm: 0.603088 1.07157 1.42464
H: -5.75688 0.594842 4.95695
L: 0.0373248 0.114173 0.580812
right
375
gcm: 0.604242 1.07323 1.43418
H: 4.46715 0.4637 -2.0285
L: 0.0819648 0.117541 0.676912
right
376
gcm: 0.604526 1.07409 1.44092
H: -2.74903 0.652592 1.91653
L: 0.0201582 0.060799 0.478841
right
377
gcm: 0.605705 1.07446 1.45231
H: 6.69493 0.210333 1.09334
L: 0.0837284 0.0263947 0.808874
right
378
gcm: 0.60611 1.07531 1.4599
H: -4.50961 1.26763 1.52712
L: 0.0287491 0.0603439 0.538857
right
379
gcm: 0.607447 1.07692 1.4708
H: 2.22349 0.688353 -0.116202
L: 0.09491 0.114812 0.773997
right
380
gcm: 0.608562 1.07848 1.47906
H: -3.14192 0.975662 -0.162202
L: 0.0791847 0.11026 0.586368
right
381
gcm: 0.6101 1.079 1.48887
H: 0.9831 0.659711 -1.38694
L: 0.109168 0.0371364 0.696031
right
382
gcm: 0.61082 1.07972 1.49758
H: -2.45008 1.11498 1.51044
L: 0.0511199 0.0510376 0.61865
right
383
gcm: 0.611859 1.08014 1.50621
H: -2.93927 1.16221 0.255143
L: 0.0738148 0.030206 0.612893
right
384
gcm: 0.61347 1.08002 1.51524
H: -1.20345 0.989311 -2.39639
L: 0.114363 -0.00873495 0.641322
right
385
gcm: 0.614624 1.08009 1.52522
H: -0.279612 1.13547 -1.12321
L: 0.0819515 0.0048003 0.708576
right
386
gcm: 0.614307 1.07927 1.53224
H: -5.19948 1.9857 3.69721
L: -0.0225423 -0.0583906 0.498407
right
387
gcm: 0.613982 1.07851 1.53967
H: -5.34568 1.80926 3.43971
L: -0.0230536 -0.0534643 0.527437
right
388
gcm: 0.614881 1.07849 1.54846
H: -2.27629 1.23738 0.477815
L: 0.0638417 -0.00163431 0.623655
right
389
gcm: 0.617924 1.07888 1.56046
H: 1.88286 0.200428 -5.89188
L: 0.21605 0.0278317 0.852274
right
390
gcm: 0.618451 1.07798 1.56867
H: -6.22462 1.67675 1.30372
L: 0.0373598 -0.0639292 0.582853
right
391
gcm: 0.619522 1.07638 1.57841
H: -3.63057 1.2266 -0.828598
L: 0.0760943 -0.114066 0.691793
right
392
gcm: 0.620437 1.07541 1.58815
H: -2.58809 0.936553 -0.0995538
L: 0.0649671 -0.0685674 0.691608
right
393
gcm: 0.621194 1.07394 1.59702
H: -3.41956 1.20623 0.48652
L: 0.0537581 -0.104239 0.629215
right
394
gcm: 0.621852 1.07256 1.6057
H: -4.39219 1.30992 1.21765
L: 0.046662 -0.0981899 0.61619
right
395
gcm: 0.622472 1.07176 1.6145
H: -5.64885 1.50369 0.75613
L: 0.0440752 -0.0566029 0.625092
right
396
gcm: 0.623425 1.0709 1.62344
H: -3.60213 1.2108 -0.613892
L: 0.0676432 -0.0610416 0.635007
right
397
gcm: 0.623857 1.07024 1.63281
H: -4.41903 1.30553 0.948707
L: 0.0306526 -0.0472142 0.665303
right
398
gcm: 0.624078 1.06895 1.64176
H: -7.15927 1.4945 1.68794
L: 0.0156744 -0.0916903 0.635192
right
399
gcm: 0.624901 1.06796 1.65072
H: -5.27481 1.31016 -0.423402
L: 0.0584701 -0.0696673 0.636223
right
400
gcm: 0.626123 1.06904 1.66115
H: -4.53875 0.60327 -2.17031
L: 0.0867183 0.0766525 0.740635
right
401
gcm: 0.626153 1.07034 1.66918
H: -8.55676 1.57743 1.32558
L: 0.0021958 0.0922661 0.570247
right
402
gcm: 0.626326 1.07011 1.6774
H: -7.35538 0.655237 1.0048
L: 0.0122707 -0.0162667 0.58313
right
403
gcm: 0.626897 1.06956 1.68644
H: -7.82154 1.48313 -0.00907926
L: 0.0405404 -0.0394423 0.641741
right
404
gcm: 0.627599 1.06945 1.69548
H: -8.42201 1.42227 -0.0181533
L: 0.0497857 -0.0075687 0.642217
right
405
gcm: 0.628087 1.06949 1.70431
H: -7.29927 1.38953 0.533938
L: 0.034661 0.00298093 0.627147
right
406
gcm: 0.628051 1.06926 1.71348
H: -7.67759 1.39809 0.493646
L: -0.00256313 -0.0163963 0.651088
right
407
gcm: 0.627381 1.06888 1.72311
H: -9.70069 1.28819 1.46335
L: -0.0475587 -0.0272659 0.68311
right
408
gcm: 0.6275 1.06893 1.7315
H: -5.15227 0.926933 -0.404056
L: 0.00846437 0.00348661 0.596132
right
409
gcm: 0.627679 1.06966 1.73983
H: -3.98903 0.72095 -0.205631
L: 0.0127454 0.0521498 0.591007
right
410
gcm: 0.627485 1.07056 1.74966
H: -10.7063 1.03214 1.26307
L: -0.013777 0.0638535 0.698514
right
411
gcm: 0.627926 1.07097 1.75754
H: -5.46976 0.604596 -0.664406
L: 0.0312688 0.0292821 0.559147
right
412
gcm: 0.62887 1.07119 1.76651
H: -10.4086 0.283601 -2.20013
L: 0.0670005 0.0154659 0.637116
right
413
gcm: 0.629727 1.07111 1.77549
H: -0.594271 0.0879127 -2.67059
L: 0.0608523 -0.00583953 0.637556
right
414
gcm: 0.630386 1.07057 1.78561
H: -1.49217 0.0819078 -2.52123
L: 0.0468014 -0.0383783 0.718489
right
415
gcm: 0.630386 1.07057 1.78561
H: 0 0 0
L: 0 0 0
none 
416
gcm: 0.630386 1.07057 1.78561
H: 0 0 0
L: 0 0 0
none 
417
gcm: 0.630386 1.07057 1.78561
H: 0 0 0
L: 0 0 0
none 
418
gcm: 0.630386 1.07057 1.78561
H: 0 0 0
L: 0 0 0
none 
419
gcm: 0.630386 1.07057 1.78561
H: 0 0 0
L: 0 0 0
none 
420
gcm: 0.630386 1.07057 1.78561
H: 0 0 0
L: 0 0 0
none 
421
gcm: 0.630386 1.07057 1.78561
H: 0 0 0
L: 0 0 0
none 
422
gcm: 0.630386 1.07057 1.78561
H: 0 0 0
L: 0 0 0
none 
423
gcm: 0.630386 1.07057 1.78561
H: 0 0 0
L: 0 0 0
none 
424
gcm: 0.630386 1.07057 1.78561
H: 0 0 0
L: 0 0 0
none 
425
gcm: 0.630386 1.07057 1.78561
H: 0 0 0
L: 0 0 0
none 
426
gcm: 0.630386 1.07057 1.78561
H: 0 0 0
L: 0 0 0
none 
427
gcm: 0.630386 1.07057 1.78561
H: 0 0 0
L: 0 0 0
none 
428
gcm: 0.630386 1.07057 1.78561
H: 0 0 0
L: 0 0 0
none 
429
gcm: 0.630386 1.07057 1.78561
H: 0 0 0
L: 0 0 0
none 
430
gcm: 0.630386 1.07057 1.78561
H: 0 0 0
L: 0 0 0
none 
431
gcm: 0.630386 1.07057 1.78561
H: 0 0 0
L: 0 0 0
none 
432
gcm: 0.630386 1.07057 1.78561
H: 0 0 0
L: 0 0 0
none 
433
gcm: 0.630386 1.07057 1.78561
H: 0 0 0
L: 0 0 0
none 
434
gcm: 0.630386 1.07057 1.78561
H: 0 0 0
L: 0 0 0
none 
435
gcm: 0.630386 1.07057 1.78561
H: 0 0 0
L: 0 0 0
none 
436
gcm: 0.630386 1.07057 1.78561
H: 0 0 0
L: 0 0 0
none 
437
gcm: 0.630386 1.07057 1.78561
H: 0 0 0
L: 0 0 0
none 
438
gcm: 0.630386 1.07057 1.78561
H: 0 0 0
L: 0 0 0
none 
439
gcm: 0.630386 1.07057 1.78561
H: 0 0 0
L: 0 0 0
none 
440
gcm: 0.630386 1.07057 1.78561
H: 0 0 0
L: 0 0 0
none 
441
gcm: 0.630386 1.07057 1.78561
H: 0 0 0
L: 0 0 0
none 
442
gcm: 0.630386 1.07057 1.78561
H: 0 0 0
L: 0 0 0
none 
443
gcm: 0.630386 1.07057 1.78561
H: 0 0 0
L: 0 0 0
none 
444
gcm: 0.630386 1.07057 1.78561
H: 0 0 0
L: 0 0 0
none 
445
gcm: 0.630386 1.07057 1.78561
H: 0 0 0
L: 0 0 0
none 
446
gcm: 0.630386 1.07057 1.78561
H: 0 0 0
L: 0 0 0
none 
447
gcm: 0.630386 1.07057 1.78561
H: 0 0 0
L: 0 0 0
none 
448
gcm: 0.630386 1.07057 1.78561
H: 0 0 0
L: 0 0 0
none 
449
gcm: 0.630386 1.07057 1.78561
H: 0 0 0
L: 0 0 0
none 
450
gcm: 0.630386 1.07057 1.78561
H: 0 0 0
L: 0 0 0
none 
451
gcm: 0.630386 1.07057 1.78561
H: 0 0 0
L: 0 0 0
none 
452
gcm: 0.630386 1.07057 1.78561
H: 0 0 0
L: 0 0 0
none 
453
gcm: 0.630386 1.07057 1.78561
H: 0 0 0
L: 0 0 0
none 
454
gcm: 0.630386 1.07057 1.78561
H: 0 0 0
L: 0 0 0
none 
455
gcm: 0.630386 1.07057 1.78561
H: 0 0 0
L: 0 0 0
none 
456
gcm: 0.630386 1.07057 1.78561
H: 0 0 0
L: 0 0 0
none 
457
gcm: 0.630386 1.07057 1.78561
H: 0 0 0
L: 0 0 0
none 
458
gcm: 0.630386 1.07057 1.78561
H: 0 0 0
L: 0 0 0
none 
459
gcm: 0.630386 1.07057 1.78561
H: 0 0 0
L: 0 0 0
none 
460
gcm: 0.630386 1.07057 1.78561
H: 0 0 0
L: 0 0 0
none 
461
gcm: 0.630386 1.07057 1.78561
H: 0 0 0
L: 0 0 0
none 
462
gcm: 0.630386 1.07057 1.78561
H: 0 0 0
L: 0 0 0
none 
463
gcm: 0.630386 1.07057 1.78561
H: 0 0 0
L: 0 0 0
none 
464
gcm: 0.630386 1.07057 1.78561
H: 0 0 0
L: 0 0 0
none 
465
gcm: 0.630386 1.07057 1.78561
H: 0 0 0
L: 0 0 0
none 
466
gcm: 0.630386 1.07057 1.78561
H: 0 0 0
L: 0 0 0
none 
467
gcm: 0.630386 1.07057 1.78561
H: 0 0 0
L: 0 0 0
none 
468
gcm: 0.630386 1.07057 1.78561
H: 0 0 0
L: 0 0 0
none 
469
gcm: 0.630386 1.07057 1.78561
H: 0 0 0
L: 0 0 0
none 
470
gcm: 0.630386 1.07057 1.78561
H: 0 0 0
L: 0 0 0
none 
471
gcm: 0.630386 1.07057 1.78561
H: 0 0 0
L: 0 0 0
none 
472
gcm: 0.630386 1.07057 1.78561
H: 0 0 0
L: 0 0 0
none 
473
gcm: 0.630386 1.07057 1.78561
H: 0 0 0
L: 0 0 0
none 
474
gcm: 0.630386 1.07057 1.78561
H: 0 0 0
L: 0 0 0
none 
475
gcm: 0.630386 1.07057 1.78561
H: 0 0 0
L: 0 0 0
none 
476
gcm: 0.630386 1.07057 1.78561
H: 0 0 0
L: 0 0 0
none 
477
gcm: 0.630386 1.07057 1.78561
H: 0 0 0
L: 0 0 0
none 
478
gcm: 0.630386 1.07057 1.78561
H: 0 0 0
L: 0 0 0
none 
479
gcm: 0.630386 1.07057 1.78561
H: 0 0 0
L: 0 0 0
none 
480
gcm: 0.630386 1.07057 1.78561
H: 0 0 0
L: 0 0 0
none 
481
gcm: 0.630386 1.07057 1.78561
H: 0 0 0
L: 0 0 0
none 
482
gcm: 0.630386 1.07057 1.78561
H: 0 0 0
L: 0 0 0
none 
483
gcm: 0.630386 1.07057 1.78561
H: 0 0 0
L: 0 0 0
none 
484
gcm: 0.630386 1.07057 1.78561
H: 0 0 0
L: 0 0 0
none 
485
gcm: 0.630386 1.07057 1.78561
H: 0 0 0
L: 0 0 0
none 
486
gcm: 0.630386 1.07057 1.78561
H: 0 0 0
L: 0 0 0
none 
487
gcm: 0.630386 1.07057 1.78561
H: 0 0 0
L: 0 0 0
none 
488
gcm: 0.630386 1.07057 1.78561
H: 0 0 0
L: 0 0 0
none 
489
gcm: 0.630386 1.07057 1.78561
H: 0 0 0
L: 0 0 0
none 
490
gcm: 0.630386 1.07057 1.78561
H: 0 0 0
L: 0 0 0
none 
491
gcm: 0.630386 1.07057 1.78561
H: 0 0 0
L: 0 0 0
none 
492
gcm: 0.630386 1.07057 1.78561
H: 0 0 0
L: 0 0 0
none 
493
gcm: 0.630386 1.07057 1.78561
H: 0 0 0
L: 0 0 0
none 
494
gcm: 0.630386 1.07057 1.78561
H: 0 0 0
L: 0 0 0
none 
495
gcm: 0.630386 1.07057 1.78561
H: 0 0 0
L: 0 0 0
none 
496
gcm: 0.630386 1.07057 1.78561
H: 0 0 0
L: 0 0 0
none 
497
gcm: 0.630386 1.07057 1.78561
H: 0 0 0
L: 0 0 0
none 
498
gcm: 0.630386 1.07057 1.78561
H: 0 0 0
L: 0 0 0
none 
499
gcm: 0.630386 1.07057 1.78561
H: 0 0 0
L: 0 0 0
none 
500
gcm: 0.630386 1.07057 1.78561
H: 0 0 0
L: 0 0 0
none 
501
gcm: 0.630386 1.07057 1.78561
H: 0 0 0
L: 0 0 0
none 
502
gcm: 0.630386 1.07057 1.78561
H: 0 0 0
L: 0 0 0
none 
503
gcm: 0.630386 1.07057 1.78561
H: 0 0 0
L: 0 0 0
none 
504
gcm: 0.630386 1.07057 1.78561
H: 0 0 0
L: 0 0 0
none 
505
gcm: 0.630386 1.07057 1.78561
H: 0 0 0
L: 0 0 0
none 
506
gcm: 0.630386 1.07057 1.78561
H: 0 0 0
L: 0 0 0
none 
507
gcm: 0.630386 1.07057 1.78561
H: 0 0 0
L: 0 0 0
none 
508
gcm: 0.630386 1.07057 1.78561
H: 0 0 0
L: 0 0 0
none 
509
gcm: 0.630386 1.07057 1.78561
H: 0 0 0
L: 0 0 0
none 
510
gcm: 0.630386 1.07057 1.78561
H: 0 0 0
L: 0 0 0
none 
511
gcm: 0.630386 1.07057 1.78561
H: 0 0 0
L: 0 0 0
none 
512
gcm: 0.630386 1.07057 1.78561
H: 0 0 0
L: 0 0 0
none 
513
gcm: 0.630386 1.07057 1.78561
H: 0 0 0
L: 0 0 0
none 
514
gcm: 0.630386 1.07057 1.78561
H: 0 0 0
L: 0 0 0
none 
515
gcm: 0.630386 1.07057 1.78561
H: 0 0 0
L: 0 0 0
none 
516
gcm: 0.630386 1.07057 1.78561
H: 0 0 0
L: 0 0 0
none 
516
gcm: 0.630386 1.07057 1.78561
H: 0 0 0
L: 0 0 0
none 
