:metadata
 
Skeleton: /Network/Servers/duerer/Volumes/duerer/laturnus/workspace/new_acm/asf/07-walk.asf
Motion: /Network/Servers/duerer/Volumes/duerer/laturnus/workspace/new_acm/amc/07_05-walk.amc
Mass Distribution: /Network/Servers/duerer/Volumes/duerer/laturnus/workspace/new_acm/amd/NHR03-06.amd
 
Inital skeleton translation: 0 0 0
Initial skeleton rotation: 0 0 0
 
:data
1
gcm: 0.46183 0.983035 -2.17099
H: -4.71972 -1.46479 -1.20238
L: 0.0436104 -0.0106006 0.517458
left
2
gcm: 0.461942 0.982535 -2.16414
H: -4.18044 -1.24054 -0.330582
L: 0.00799299 -0.0354685 0.486134
left
3
gcm: 0.461698 0.982292 -2.15719
H: -4.60613 -0.732023 0.578767
L: -0.0173309 -0.0173021 0.49366
left
4
gcm: 0.462115 0.982301 -2.14961
H: -3.76816 -0.944646 0.435091
L: 0.0295837 0.000674889 0.537762
left
5
gcm: 0.462842 0.982466 -2.14196
H: -4.65122 -1.22211 -0.323592
L: 0.0516753 0.0117354 0.543187
left
6
gcm: 0.46353 0.983171 -2.13449
H: -5.15456 -1.21524 -0.342538
L: 0.0488209 0.0500426 0.530744
left
7
gcm: 0.463867 0.983354 -2.12706
H: -28.0529 0.7523 -8.12286
L: 0.0238998 0.0129898 0.527686
left
8
gcm: 0.464289 0.982345 -2.11983
H: -3.22554 -0.770159 -0.258613
L: 0.0299809 -0.0716521 0.512792
left
9
gcm: 0.46458 0.982324 -2.1125
H: -3.9063 -0.747999 0.352822
L: 0.0206329 -0.00146828 0.520278
left
10
gcm: 0.464953 0.982669 -2.10514
H: -4.71458 -0.612091 0.420129
L: 0.0265296 0.0244545 0.522981
left
11
gcm: 0.465622 0.982399 -2.0977
H: -4.5256 -0.543958 -0.0187156
L: 0.0474632 -0.0191833 0.52798
left
12
gcm: 0.466237 0.982466 -2.09018
H: -2.21482 -0.325628 1.77293
L: 0.0436894 0.00477926 0.533811
left
13
gcm: 0.466674 0.982175 -2.08278
H: -3.51244 -0.191926 1.14759
L: 0.0310275 -0.0206885 0.525779
left
14
gcm: 0.466962 0.981063 -2.07535
H: -3.469 -0.0887685 1.81664
L: 0.0204102 -0.0789523 0.527248
left
15
gcm: 0.467592 0.980181 -2.06764
H: -1.64711 -0.370709 1.56439
L: 0.0447384 -0.0625745 0.547358
left
16
gcm: 0.468326 0.979516 -2.06007
H: -2.44345 -0.396086 1.01097
L: 0.0521186 -0.0472406 0.537745
left
17
gcm: 0.468956 0.979383 -2.05255
H: -2.37434 0.125309 1.69042
L: 0.0447296 -0.00945065 0.533552
left
18
gcm: 0.469047 0.97981 -2.04473
H: -0.749527 0.39208 1.6187
L: 0.0064519 0.0303348 0.555459
left
19
gcm: 0.467711 0.979967 -2.03888
H: -4.01064 0.686566 2.43738
L: -0.0948143 0.0111829 0.4152
left
20
gcm: 0.468706 0.97952 -2.03124
H: -1.53512 -0.342475 0.258247
L: 0.0706376 -0.0317921 0.54276
left
21
gcm: 0.471734 0.978555 -2.02196
H: 0.807738 -1.1872 -2.25259
L: 0.214993 -0.0684788 0.658724
left
22
gcm: 0.470526 0.978176 -2.01667
H: -4.99911 1.17102 3.81831
L: -0.0858027 -0.0269395 0.375482
left
23
gcm: 0.474354 0.976062 -2.00623
H: 1.02287 -1.78754 -4.69149
L: 0.271843 -0.150078 0.741762
left
24
gcm: 0.474502 0.976335 -1.99794
H: 2.9918 0.754452 1.80108
L: 0.0104738 0.0194053 0.588502
left
25
gcm: 0.476808 0.976037 -1.99005
H: -0.0889931 -1.27031 -2.53472
L: 0.16375 -0.0211863 0.560005
left
26
gcm: 0.477455 0.975279 -1.9821
H: 1.41169 -0.112203 0.507962
L: 0.0459245 -0.0537868 0.564325
left
27
gcm: 0.478417 0.973631 -1.97404
H: 2.15407 -0.154135 -0.545808
L: 0.0683098 -0.117043 0.572028
left
28
gcm: 0.480124 0.973423 -1.96499
H: -3.06383 0.483833 -3.71432
L: 0.121208 -0.0147811 0.642937
left
29
gcm: 0.481995 0.973139 -1.95605
H: 3.42086 0.0373948 -0.557121
L: 0.132819 -0.0201515 0.634621
left
30
gcm: 0.483564 0.972736 -1.94747
H: 4.62167 -0.159299 -0.199915
L: 0.111413 -0.0285817 0.609063
none 
31
gcm: 0.485003 0.972145 -1.93868
H: 7.25143 -0.520199 0.382846
L: 0.102129 -0.0419771 0.624253
left
32
gcm: 0.486589 0.971478 -1.92943
H: 6.79224 -0.117835 -0.480246
L: 0.11266 -0.0473712 0.65677
left
33
gcm: 0.488222 0.972242 -1.91999
H: 6.44032 0.151032 -0.832359
L: 0.115903 0.0542327 0.669934
left
34
gcm: 0.490142 0.972505 -1.91093
H: 6.81536 -0.0703918 -1.70563
L: 0.136326 0.0186818 0.64378
left
35
gcm: 0.492256 0.971131 -1.90214
H: 8.65687 -0.643891 -1.48455
L: 0.150067 -0.0975382 0.623982
left
36
gcm: 0.494154 0.970365 -1.89311
H: 11.86 -0.799712 1.38614
L: 0.134798 -0.0543647 0.641312
none 
37
gcm: 0.496443 0.970606 -1.8835
H: 0.691439 1.03713 -2.87255
L: 0.162533 0.0171017 0.682195
none 
38
gcm: 0.499386 0.970795 -1.87332
H: 12.712 -1.36291 1.01731
L: 0.208953 0.0133836 0.722911
right
39
gcm: 0.500271 0.971327 -1.86468
H: -0.734068 1.63191 -1.95792
L: 0.0628054 0.037772 0.613339
none 
40
gcm: 0.501472 0.97135 -1.85573
H: 3.20171 0.651264 -0.283672
L: 0.0852764 0.00163081 0.634929
none 
41
gcm: 0.50405 0.97084 -1.84644
H: 3.26807 -0.232377 -0.331921
L: 0.183026 -0.0362193 0.659988
none 
42
gcm: 0.506311 0.970067 -1.83737
H: 2.99257 -0.0891366 -0.530384
L: 0.160513 -0.0548753 0.64397
right
43
gcm: 0.508038 0.973738 -1.82734
H: 7.09879 -0.717652 -0.390324
L: 0.122624 0.260638 0.712145
right
44
gcm: 0.510116 0.974751 -1.81671
H: 12.4758 -1.32682 0.133304
L: 0.147586 0.0719293 0.754451
right
45
gcm: 0.512166 0.975267 -1.80671
H: 7.75697 -0.935561 0.847156
L: 0.145534 0.0366249 0.709935
right
46
gcm: 0.51438 0.976502 -1.79668
H: 6.10632 -0.765439 -0.0742588
L: 0.157213 0.0876874 0.712307
right
47
gcm: 0.51678 0.978323 -1.78671
H: 6.50847 -0.877094 -1.09133
L: 0.170393 0.129303 0.708082
right
48
gcm: 0.519132 0.979857 -1.77692
H: 6.94264 -0.736647 -1.75753
L: 0.166945 0.108917 0.695153
right
49
gcm: 0.521198 0.980757 -1.76754
H: 6.16161 -0.558718 -0.76883
L: 0.146728 0.0638835 0.665865
right
50
gcm: 0.523021 0.981539 -1.75858
H: 5.98291 -0.71844 0.233606
L: 0.129429 0.0555593 0.63593
right
51
gcm: 0.524768 0.982917 -1.74969
H: 6.34319 -0.936889 -0.59244
L: 0.124004 0.0978551 0.63148
right
52
gcm: 0.526478 0.984731 -1.74085
H: 5.46161 -0.847262 -0.336195
L: 0.121431 0.128765 0.627323
right
53
gcm: 0.528163 0.986371 -1.73219
H: 4.32296 -0.696011 1.02027
L: 0.11965 0.116415 0.615242
right
54
gcm: 0.529949 0.98784 -1.72356
H: 4.62081 -0.815399 0.604713
L: 0.1268 0.104302 0.612837
right
55
gcm: 0.531671 0.989261 -1.7149
H: 5.15182 -0.831305 -0.35252
L: 0.122256 0.100921 0.61457
right
56
gcm: 0.533379 0.990906 -1.70616
H: 5.32082 -0.620789 -0.689816
L: 0.121273 0.116783 0.62059
right
57
gcm: 0.535067 0.992637 -1.69729
H: 5.29857 -0.647855 -0.132361
L: 0.119818 0.122934 0.629344
right
58
gcm: 0.536306 0.994169 -1.68898
H: 3.36963 -0.443936 0.938241
L: 0.0879651 0.108741 0.590175
right
59
gcm: 0.537687 0.995689 -1.68139
H: 1.32193 -0.118559 0.303575
L: 0.0980544 0.10791 0.538954
right
60
gcm: 0.539561 0.99703 -1.67352
H: 1.1932 -0.199954 -0.607738
L: 0.133052 0.0951977 0.55894
right
61
gcm: 0.541117 0.998311 -1.66532
H: 0.96597 0.0110932 -0.418496
L: 0.110485 0.0910084 0.582362
right
62
gcm: 0.542347 0.999666 -1.65748
H: 0.0813927 0.50611 -0.59743
L: 0.0873295 0.0961856 0.55644
right
63
gcm: 0.543556 1.00138 -1.6497
H: -0.592348 0.528804 -0.755961
L: 0.0858542 0.121704 0.552372
right
64
gcm: 0.544557 1.00284 -1.64186
H: -0.371364 0.305138 0.0289312
L: 0.0711036 0.103475 0.556327
right
65
gcm: 0.545311 1.00432 -1.63434
H: -0.422233 0.448101 0.447453
L: 0.0534832 0.105214 0.533924
right
66
gcm: 0.54622 1.00531 -1.62727
H: -0.906437 0.73885 -0.201857
L: 0.0645222 0.0701102 0.502537
right
67
gcm: 0.547456 1.00618 -1.61997
H: -1.73204 0.791938 -0.770675
L: 0.0877642 0.0622367 0.517716
right
68
gcm: 0.548612 1.00729 -1.61245
H: -2.18781 0.743553 -0.673122
L: 0.0820782 0.078405 0.534404
right
69
gcm: 0.549498 1.00799 -1.60498
H: -1.81454 0.928956 0.148602
L: 0.0629098 0.0500841 0.530475
right
70
gcm: 0.550225 1.00851 -1.59741
H: -2.24958 1.08503 0.373632
L: 0.0516375 0.0368533 0.537155
right
71
gcm: 0.551106 1.00886 -1.59048
H: -2.86682 0.856506 -0.545855
L: 0.0625258 0.0248976 0.492304
right
72
gcm: 0.551985 1.00876 -1.58375
H: -3.00192 0.82725 -0.794247
L: 0.0624185 -0.00711126 0.477597
right
73
gcm: 0.552795 1.00902 -1.57614
H: -2.6817 0.818306 -0.748876
L: 0.0574969 0.0182518 0.540561
right
74
gcm: 0.553594 1.00936 -1.56849
H: -2.35399 0.731807 -0.599088
L: 0.0567751 0.0239875 0.542879
right
75
gcm: 0.554261 1.00928 -1.56124
H: -2.14865 1.1792 1.17999
L: 0.0473556 -0.00584806 0.514489
right
76
gcm: 0.554909 1.00836 -1.55396
H: -2.35959 1.03252 -0.571708
L: 0.0459666 -0.0653059 0.517237
right
77
gcm: 0.55585 1.0079 -1.54651
H: -2.01785 0.722402 -1.6855
L: 0.0668024 -0.0326225 0.528977
right
78
gcm: 0.556725 1.00739 -1.53913
H: -1.94562 0.862939 -0.498984
L: 0.0621886 -0.0362255 0.523535
right
79
gcm: 0.557418 1.00704 -1.53186
H: -2.76821 0.836476 0.639537
L: 0.0491635 -0.0244047 0.516173
right
80
gcm: 0.557992 1.00666 -1.5246
H: -3.6977 0.427782 0.706924
L: 0.0407947 -0.0268743 0.516057
right
81
gcm: 0.558455 1.00645 -1.51722
H: -2.90022 1.14079 -0.0115941
L: 0.0328399 -0.0153916 0.523729
right
82
gcm: 0.55897 1.006 -1.50977
H: -1.44692 1.0205 -0.408841
L: 0.0365592 -0.0319374 0.529024
right
83
gcm: 0.559555 1.00507 -1.50231
H: -1.61164 0.901392 -0.371813
L: 0.041514 -0.0656734 0.52927
right
84
gcm: 0.560003 1.00432 -1.49475
H: -3.44272 0.988866 -0.565666
L: 0.0318337 -0.0531731 0.536957
right
85
gcm: 0.560449 1.00354 -1.48721
H: -2.21576 0.846732 0.218091
L: 0.0316639 -0.0553235 0.535566
right
86
gcm: 0.560896 1.00293 -1.4797
H: -3.01196 0.97443 -0.208608
L: 0.0317153 -0.0437377 0.533183
right
87
gcm: 0.56121 1.0028 -1.4721
H: -4.06142 1.13169 -0.801964
L: 0.0222915 -0.00919165 0.539585
right
88
gcm: 0.561497 1.00269 -1.46481
H: -4.72518 1.15035 -0.0582087
L: 0.0204032 -0.00762382 0.517723
right
89
gcm: 0.561841 1.0024 -1.45766
H: -4.77985 1.03474 0.554261
L: 0.0244494 -0.0206689 0.507731
right
90
gcm: 0.562296 1.00201 -1.45023
H: -4.11141 0.908617 -0.105462
L: 0.0322641 -0.0275024 0.527435
right
91
gcm: 0.562737 1.00154 -1.44289
H: -3.20059 0.945264 -0.509167
L: 0.0313083 -0.0332803 0.520845
right
92
gcm: 0.563028 1.00103 -1.43589
H: -2.90367 0.920895 0.0310279
L: 0.0206646 -0.0362209 0.496932
right
93
gcm: 0.56336 1.001 -1.42874
H: -3.48398 0.880011 -0.600627
L: 0.0235715 -0.00273875 0.507896
right
94
gcm: 0.563875 1.00128 -1.42127
H: -4.46686 0.836121 -1.14523
L: 0.0365851 0.0203669 0.530453
right
95
gcm: 0.564331 1.0012 -1.41403
H: -4.53418 0.743524 -0.596995
L: 0.032341 -0.00613045 0.514158
right
96
gcm: 0.564455 1.00083 -1.40685
H: -3.98709 0.826654 -0.0224469
L: 0.00883847 -0.0261531 0.509502
right
97
gcm: 0.56428 1.00049 -1.39959
H: -4.20506 1.00373 0.558636
L: -0.0124456 -0.0240779 0.515484
right
98
gcm: 0.564243 1.00034 -1.3923
H: -3.86016 0.954612 0.288669
L: -0.00260353 -0.0101953 0.517201
right
99
gcm: 0.564531 1.00023 -1.38488
H: -3.79682 0.828267 -0.110543
L: 0.0204404 -0.00831819 0.527476
right
100
gcm: 0.564943 1.00007 -1.37742
H: -4.84392 0.763553 -0.651709
L: 0.0292358 -0.0110871 0.529111
right
101
gcm: 0.564998 1.00064 -1.37021
H: -4.90604 0.788153 -0.465008
L: 0.00393208 0.0404735 0.512271
right
102
gcm: 0.564824 1.00157 -1.36308
H: -4.39719 0.886219 0.259853
L: -0.0123923 0.0660992 0.506219
right
103
gcm: 0.564994 1.00144 -1.35568
H: -4.93721 0.848516 -0.203905
L: 0.0120696 -0.00909756 0.525462
right
104
gcm: 0.56518 1.00143 -1.34817
H: -5.20075 0.809431 -0.182321
L: 0.0132581 -0.000892684 0.533032
right
105
gcm: 0.565094 1.00204 -1.34084
H: -5.53611 0.813153 0.244086
L: -0.00610235 0.0429431 0.520446
right
106
gcm: 0.564934 1.00139 -1.33364
H: -5.86234 0.726362 -0.101766
L: -0.0113729 -0.0460968 0.511041
right
107
gcm: 0.564947 1.00026 -1.32645
H: -5.60421 0.578695 -0.399021
L: 0.00091931 -0.0800501 0.510588
right
108
gcm: 0.565175 1.00019 -1.31965
H: -9.13931 0.484116 0.0512965
L: 0.0162148 -0.00468625 0.482558
right
109
gcm: 0.564506 1.00029 -1.31237
H: -2.12831 0.399271 -1.17205
L: -0.0475514 0.00681444 0.517077
right
110
gcm: 0.564003 1.0001 -1.30444
H: -2.61254 0.530065 -0.371654
L: -0.0356696 -0.0132667 0.563303
right
111
gcm: 0.563908 0.999587 -1.29635
H: -2.09179 0.518448 -0.253649
L: -0.00677437 -0.0365981 0.574155
right
112
gcm: 0.56394 0.999095 -1.28854
H: -1.23052 0.37989 -0.595093
L: 0.00229017 -0.0349659 0.554655
right
113
gcm: 0.563702 0.998541 -1.28077
H: -1.92193 0.258107 -0.753893
L: -0.0169019 -0.0393022 0.551893
right
114
gcm: 0.563393 0.997466 -1.27276
H: -2.21397 0.109425 -0.808735
L: -0.0219369 -0.0763822 0.568683
right
115
gcm: 0.563041 0.996167 -1.26474
H: -1.57896 0.16231 -0.386416
L: -0.0249772 -0.0922208 0.569077
right
116
gcm: 0.562475 0.995059 -1.25692
H: -1.5867 0.248253 -0.428265
L: -0.0401863 -0.0786215 0.554964
right
117
gcm: 0.562004 0.994303 -1.24881
H: -0.588602 0.0993261 -0.816548
L: -0.0334611 -0.0537221 0.576241
right
118
gcm: 0.561639 0.994022 -1.24065
H: -0.022616 -0.0141028 -0.493225
L: -0.0258988 -0.0199069 0.579489
right
119
gcm: 0.560841 0.993615 -1.23274
H: -0.838467 -0.0266162 -0.167006
L: -0.0566608 -0.0288903 0.561406
right
120
gcm: 0.559939 0.992789 -1.22456
H: -1.69225 -0.202973 -0.752973
L: -0.0640373 -0.0586719 0.580966
right
121
gcm: 0.559258 0.991421 -1.21624
H: 0.107725 -0.00229472 -0.506441
L: -0.048385 -0.0971276 0.590507
right
122
gcm: 0.558409 0.99018 -1.20795
H: -0.0894174 0.174968 -0.0679002
L: -0.0602949 -0.0881496 0.588794
right
123
gcm: 0.557316 0.989741 -1.19945
H: 0.662601 0.157184 0.623961
L: -0.0775503 -0.0311156 0.603106
right
124
gcm: 0.556279 0.989379 -1.19082
H: 1.6147 0.0638182 0.0239432
L: -0.0736844 -0.0257254 0.612718
right
125
gcm: 0.555617 0.988734 -1.18209
H: 1.29859 -0.116883 -0.670626
L: -0.0469562 -0.0458244 0.619843
right
126
gcm: 0.554807 0.987714 -1.17319
H: 1.21071 0.0753769 0.422845
L: -0.0575062 -0.0723752 0.631773
right
127
gcm: 0.553409 0.986748 -1.16397
H: 0.810969 0.297744 1.1321
L: -0.0992615 -0.0685842 0.654847
right
128
gcm: 0.551986 0.986328 -1.15474
H: 1.20027 -0.147254 0.563948
L: -0.101047 -0.0298053 0.655473
right
129
gcm: 0.550892 0.985752 -1.14558
H: 3.29052 -0.0312601 0.0173786
L: -0.0777099 -0.0409414 0.649936
right
130
gcm: 0.549762 0.98447 -1.13636
H: 4.05353 0.181493 0.414692
L: -0.0802149 -0.0910059 0.655253
right
131
gcm: 0.548215 0.983234 -1.12707
H: 4.45368 -0.0334117 1.35121
L: -0.109815 -0.0877515 0.65938
right
132
gcm: 0.546721 0.983101 -1.11745
H: 5.98925 -0.226759 1.25237
L: -0.106111 -0.00946656 0.682679
right
133
gcm: 0.545392 0.98376 -1.10732
H: 6.64326 0.125688 1.33602
L: -0.0943307 0.046797 0.719706
right
134
gcm: 0.543508 0.984385 -1.0973
H: 5.2203 0.387508 2.25053
L: -0.133787 0.0444034 0.71092
right
135
gcm: 0.541482 0.984607 -1.08751
H: 4.84994 0.0907484 1.64891
L: -0.143816 0.0157434 0.695099
none 
136
gcm: 0.539769 0.984418 -1.07756
H: 5.22397 -0.0632634 1.101
L: -0.121605 -0.013417 0.70668
none 
137
gcm: 0.538044 0.983917 -1.06766
H: 5.21955 0.170748 1.54552
L: -0.122506 -0.0355618 0.702646
none 
138
gcm: 0.536594 0.98337 -1.05785
H: 5.94595 0.378242 0.666782
L: -0.102972 -0.0388513 0.696945
none 
139
gcm: 0.535176 0.983366 -1.04797
H: 6.02164 0.261618 0.0522379
L: -0.10064 -0.000309452 0.70143
none 
140
gcm: 0.533338 0.983811 -1.03806
H: 5.4239 0.453338 0.712287
L: -0.130506 0.0316131 0.703843
none 
141
gcm: 0.531506 0.984414 -1.02821
H: 3.7398 -0.00368043 1.01836
L: -0.130088 0.0427961 0.698852
none 
142
gcm: 0.529794 0.985508 -1.01854
H: 3.1787 -0.437197 0.414091
L: -0.121567 0.077709 0.686451
none 
143
gcm: 0.527694 0.986513 -1.00904
H: 4.22543 0.963852 0.712943
L: -0.149065 0.0713193 0.675007
none 
144
gcm: 0.525601 0.987159 -0.999398
H: 4.65718 0.0588658 1.25103
L: -0.148594 0.045909 0.6844
none 
145
gcm: 0.52414 0.988556 -0.989921
H: 3.92946 0.128176 -0.0355526
L: -0.103712 0.0991791 0.672856
left
146
gcm: 0.522674 0.99055 -0.980809
H: 3.02699 0.123297 -0.309822
L: -0.104089 0.14155 0.646931
left
147
gcm: 0.520955 0.991991 -0.971079
H: 8.35961 0.963396 0.736429
L: -0.122073 0.102345 0.690856
left
148
gcm: 0.519433 0.993361 -0.960822
H: 12.7325 1.3837 0.831924
L: -0.108073 0.0972702 0.728206
left
149
gcm: 0.517977 0.995459 -0.951308
H: 7.95 1.06838 0.525964
L: -0.103346 0.148978 0.675528
left
150
gcm: 0.516547 0.997488 -0.941836
H: 6.70464 0.912493 0.346564
L: -0.101535 0.144024 0.672527
left
151
gcm: 0.515028 0.999107 -0.932604
H: 5.71264 1.21866 0.345203
L: -0.107838 0.11492 0.655444
left
152
gcm: 0.51344 1.00088 -0.923748
H: 5.9137 1.17647 0.201842
L: -0.112813 0.125729 0.628747
left
153
gcm: 0.512198 1.00311 -0.914883
H: 5.65002 1.0117 -0.199924
L: -0.0881497 0.158628 0.629483
left
154
gcm: 0.51102 1.00542 -0.906198
H: 2.72949 0.610509 0.146415
L: -0.0836169 0.164079 0.616606
left
155
gcm: 0.509602 1.00782 -0.897734
H: -0.639817 0.269445 0.652142
L: -0.100729 0.170307 0.600944
left
156
gcm: 0.508417 1.0103 -0.88891
H: -0.101985 0.527967 -0.283426
L: -0.0841342 0.176342 0.626496
left
157
gcm: 0.507493 1.01247 -0.880141
H: 0.929417 0.596798 -1.12963
L: -0.0655772 0.15355 0.622598
left
158
gcm: 0.506694 1.0145 -0.871773
H: 0.756117 0.0480747 -1.90021
L: -0.0567351 0.144633 0.594132
left
159
gcm: 0.505808 1.01617 -0.863593
H: 0.255672 0.0480593 -0.710786
L: -0.0628991 0.118127 0.580776
left
160
gcm: 0.504691 1.01761 -0.855452
H: -0.205797 0.0278684 0.889195
L: -0.079277 0.102073 0.577985
left
161
gcm: 0.50359 1.01947 -0.847507
H: -1.5515 -0.127988 0.693928
L: -0.0782184 0.132046 0.564097
left
162
gcm: 0.502577 1.02142 -0.839555
H: 0.128205 0.356827 -0.551197
L: -0.0718797 0.13904 0.564588
left
163
gcm: 0.501838 1.02318 -0.831181
H: 5.6988 1.14711 -2.29433
L: -0.0524999 0.124681 0.594558
left
164
gcm: 0.501209 1.02467 -0.822543
H: -6.00705 -1.82602 1.49148
L: -0.0446181 0.105994 0.613302
left
165
gcm: 0.500485 1.02596 -0.814336
H: -2.78981 -0.944304 0.292126
L: -0.0514285 0.0915541 0.582708
left
166
gcm: 0.499726 1.02696 -0.806494
H: -0.927614 -0.591321 0.0581
L: -0.0539033 0.0709743 0.556792
left
167
gcm: 0.498874 1.02783 -0.798619
H: -1.40815 -0.584548 0.885508
L: -0.0604523 0.0613143 0.559114
left
168
gcm: 0.498134 1.02841 -0.790713
H: -2.06408 -0.881874 0.717021
L: -0.0525959 0.0414567 0.561317
left
169
gcm: 0.497479 1.02858 -0.781172
H: 1.44304 -0.848728 0.275124
L: -0.0465126 0.0121064 0.677405
left
170
gcm: 0.496558 1.02885 -0.77464
H: -5.06886 -0.873851 0.252554
L: -0.0653317 0.0190668 0.463785
left
171
gcm: 0.495865 1.02915 -0.767772
H: -3.19899 -0.871962 -0.719844
L: -0.0492515 0.0214549 0.487613
left
172
gcm: 0.495564 1.02908 -0.760287
H: -1.18408 -0.825054 -0.791276
L: -0.0213386 -0.0048675 0.531435
left
173
gcm: 0.495071 1.02848 -0.752356
H: -1.04844 -0.839734 0.124905
L: -0.0349883 -0.0426312 0.563112
left
174
gcm: 0.494508 1.02826 -0.74421
H: -1.45695 -0.889229 -0.277864
L: -0.0399789 -0.0157563 0.578378
left
175
gcm: 0.494295 1.02814 -0.736068
H: -1.97517 -1.02589 -0.972152
L: -0.0151258 -0.00866424 0.578085
left
176
gcm: 0.494398 1.02727 -0.727617
H: -1.47387 -1.14681 -0.416727
L: 0.00726603 -0.0619145 0.600059
left
177
gcm: 0.494472 1.0264 -0.717439
H: 2.15585 -0.955985 0.406475
L: 0.00525249 -0.0614798 0.722602
left
178
gcm: 0.494283 1.02595 -0.7096
H: -2.49868 -1.16881 0.781452
L: -0.013377 -0.0321023 0.556567
left
179
gcm: 0.494754 1.02519 -0.701836
H: -2.32811 -1.29459 -0.323477
L: 0.0334476 -0.053661 0.551214
left
180
gcm: 0.493808 1.02473 -0.693334
H: -1.3672 -0.411746 0.272103
L: -0.0671741 -0.0329 0.603682
left
181
gcm: 0.493019 1.02462 -0.687936
H: -8.62023 -1.24832 0.700104
L: -0.0560449 -0.00758492 0.383276
left
182
gcm: 0.493087 1.02362 -0.680398
H: -3.5939 -1.0236 -0.230099
L: 0.00486722 -0.0714281 0.535176
left
183
gcm: 0.493678 1.02248 -0.671479
H: 0.504746 -0.827347 -1.23342
L: 0.0419194 -0.0808325 0.633251
left
184
gcm: 0.493752 1.02197 -0.66283
H: 1.35332 -0.721618 -1.20665
L: 0.00523845 -0.0363025 0.614101
left
185
gcm: 0.494271 1.02202 -0.653356
H: -5.29839 -1.66642 1.63355
L: 0.0368654 0.00417198 0.672621
left
186
gcm: 0.493583 1.02236 -0.647145
H: -7.81971 -0.823039 0.167726
L: -0.0488566 0.0239351 0.441016
left
187
gcm: 0.49433 1.02258 -0.637478
H: 0.191933 -1.00129 -1.10946
L: 0.0530387 0.0152375 0.686337
left
188
gcm: 0.494359 1.02282 -0.628321
H: -0.784041 -0.990658 -0.634845
L: 0.00206605 0.0170485 0.650134
left
189
gcm: 0.494553 1.02298 -0.620044
H: -4.31181 -1.1471 -0.23667
L: 0.0137864 0.0113489 0.587666
left
190
gcm: 0.49494 1.02233 -0.612764
H: -7.36034 -1.21169 0.510859
L: 0.0274895 -0.0456648 0.516919
left
191
gcm: 0.494942 1.02199 -0.606069
H: -6.784 -1.27485 1.41203
L: 0.000159625 -0.0241455 0.475326
left
192
gcm: 0.494561 1.02229 -0.599185
H: -5.53279 -1.22294 0.9192
L: -0.0271117 0.0210279 0.488784
left
193
gcm: 0.494656 1.02181 -0.591498
H: -4.26246 -1.08936 -0.496051
L: 0.00675602 -0.0343864 0.545711
left
194
gcm: 0.495671 1.02114 -0.582669
H: -2.17788 -1.46344 -0.746756
L: 0.0721091 -0.0473478 0.626896
left
195
gcm: 0.495691 1.02115 -0.574815
H: -5.47584 -1.1605 0.56555
L: 0.00140848 0.000680844 0.557639
left
196
gcm: 0.496138 1.0207 -0.565882
H: -2.55072 -1.32094 0.441628
L: 0.0316999 -0.0321588 0.634221
left
197
gcm: 0.496496 1.02049 -0.558826
H: -6.36442 -1.09179 -0.580138
L: 0.0254468 -0.0142311 0.500997
left
198
gcm: 0.497494 1.02096 -0.550072
H: -2.94987 -1.32258 -0.601527
L: 0.0708376 0.0333333 0.621546
left
199
gcm: 0.497318 1.02137 -0.542771
H: -6.96334 -0.82984 0.622491
L: -0.0124818 0.0285318 0.518363
left
200
gcm: 0.49779 1.02112 -0.53502
H: -6.07052 -0.979464 -0.259617
L: 0.0335172 -0.0171888 0.550275
left
201
gcm: 0.498551 1.02072 -0.527137
H: -5.66775 -1.09187 0.103018
L: 0.0540425 -0.0289164 0.55974
left
202
gcm: 0.499185 1.01999 -0.519304
H: -5.55842 -0.93153 1.15362
L: 0.0449784 -0.0517959 0.556129
left
203
gcm: 0.49949 1.01928 -0.511329
H: -4.29138 -0.804329 0.787452
L: 0.0216978 -0.0503598 0.566237
left
204
gcm: 0.499876 1.019 -0.503417
H: -3.55426 -0.772475 -0.0565689
L: 0.027404 -0.0194737 0.56177
left
205
gcm: 0.500442 1.01944 -0.49566
H: -5.14458 -0.5283 0.447178
L: 0.0401393 0.0310297 0.550697
left
206
gcm: 0.50098 1.01927 -0.487706
H: -4.92572 -0.394098 1.25689
L: 0.0382198 -0.0117532 0.564788
left
207
gcm: 0.501529 1.01906 -0.479803
H: -3.59453 -0.647524 1.62292
L: 0.0389811 -0.0155899 0.561094
left
208
gcm: 0.502079 1.01881 -0.472196
H: -4.90969 -0.10367 1.44124
L: 0.0390499 -0.0177478 0.540063
left
209
gcm: 0.502457 1.01845 -0.465336
H: -8.31374 0.263988 1.92904
L: 0.0268691 -0.0248804 0.487087
left
210
gcm: 0.503181 1.01767 -0.456968
H: -1.54775 -0.114455 1.35963
L: 0.0513918 -0.0557979 0.594109
left
211
gcm: 0.504097 1.0168 -0.448522
H: -1.64575 -0.462325 0.911127
L: 0.0650326 -0.0614629 0.599693
left
212
gcm: 0.505155 1.01601 -0.439884
H: -0.624017 -0.716704 0.280522
L: 0.0751161 -0.0566111 0.613272
left
213
gcm: 0.506226 1.01532 -0.431501
H: 0.531975 -0.665347 -0.108976
L: 0.0760339 -0.0490091 0.595227
left
214
gcm: 0.507034 1.01466 -0.423554
H: 0.181824 -0.0590509 0.283066
L: 0.0573364 -0.0467038 0.564248
left
215
gcm: 0.508218 1.01421 -0.414374
H: -0.299423 0.143857 0.340066
L: 0.0840648 -0.0319027 0.651773
left
216
gcm: 0.509441 1.01316 -0.405577
H: 0.299595 -0.0459465 0.214643
L: 0.0868745 -0.0742222 0.624565
left
217
gcm: 0.510725 1.01181 -0.396894
H: 2.61582 -0.280533 -0.512964
L: 0.0911413 -0.0960387 0.616483
left
218
gcm: 0.512201 1.01023 -0.387782
H: 3.81656 -0.355552 -1.02395
L: 0.104831 -0.112028 0.646961
left
219
gcm: 0.513612 1.00872 -0.378588
H: 3.12127 -0.201371 -1.02539
L: 0.100148 -0.107295 0.652737
left
220
gcm: 0.514779 1.00661 -0.369844
H: 1.81654 -0.158815 0.491182
L: 0.0828913 -0.149962 0.620822
left
221
gcm: 0.516076 1.00545 -0.361093
H: 1.82171 0.0826125 0.390807
L: 0.0920779 -0.0823712 0.621387
left
222
gcm: 0.517673 1.00402 -0.351433
H: 3.3838 0.175899 -0.0500682
L: 0.113407 -0.10121 0.685862
left
223
gcm: 0.519187 1.00233 -0.341673
H: 4.422 0.0827717 -0.0251373
L: 0.10749 -0.120363 0.692954
left
224
gcm: 0.520571 1.00165 -0.332286
H: 5.13514 0.127766 -0.33261
L: 0.0982019 -0.0479821 0.66643
left
225
gcm: 0.52191 1.00267 -0.323024
H: 5.37384 0.335276 -0.699368
L: 0.0951104 0.0720168 0.657652
left
226
gcm: 0.523506 1.00262 -0.313327
H: 6.68238 0.0548443 -1.89755
L: 0.113332 -0.00365045 0.688444
left
227
gcm: 0.525405 1.00175 -0.30327
H: 6.16159 -0.391439 -1.96173
L: 0.134785 -0.0616431 0.71405
left
228
gcm: 0.527505 0.99953 -0.293804
H: 5.51111 -0.377446 -0.876252
L: 0.149105 -0.157436 0.672069
left
229
gcm: 0.529463 0.998995 -0.284294
H: 6.13309 -0.025638 -0.715214
L: 0.139012 -0.0380066 0.675214
none 
230
gcm: 0.531297 0.998754 -0.274033
H: 5.84934 -0.180504 -0.855378
L: 0.130206 -0.0170768 0.728572
none 
231
gcm: 0.533453 0.998217 -0.263889
H: 6.272 -0.245149 -1.25619
L: 0.153072 -0.0381514 0.720174
none 
232
gcm: 0.535427 0.99776 -0.254431
H: 4.29119 -0.14255 -1.32162
L: 0.140192 -0.0324226 0.671522
none 
233
gcm: 0.537898 0.997799 -0.24248
H: 4.77699 0.116581 -1.34834
L: 0.175405 0.00276873 0.848579
right
234
gcm: 0.53938 0.99827 -0.233345
H: 2.91956 0.0344873 1.26018
L: 0.105266 0.0334596 0.648557
none 
235
gcm: 0.541334 0.998833 -0.223337
H: 4.79219 -0.0513443 0.118624
L: 0.138744 0.0399433 0.710572
none 
236
gcm: 0.543549 0.999735 -0.212899
H: 5.7967 -0.258225 -1.04134
L: 0.157261 0.0640054 0.741067
none 
237
gcm: 0.545507 1.00086 -0.203529
H: 4.70171 -0.215739 -0.159561
L: 0.138986 0.0795934 0.665266
none 
238
gcm: 0.547162 1.00183 -0.19523
H: 3.1397 -0.463061 0.809105
L: 0.117514 0.0690202 0.589263
none 
239
gcm: 0.549539 1.00271 -0.185583
H: 3.62787 -0.582124 -0.102918
L: 0.168743 0.0627977 0.684945
none 
240
gcm: 0.551787 1.00299 -0.175412
H: 8.90259 -0.78074 0.577059
L: 0.159638 0.0196179 0.722097
right
241
gcm: 0.553792 1.00329 -0.165234
H: 8.76887 -0.787365 0.493603
L: 0.142339 0.0213008 0.72266
right
242
gcm: 0.555695 1.00422 -0.155294
H: 9.19005 -0.805174 -0.613616
L: 0.135148 0.0660364 0.705755
right
243
gcm: 0.557667 1.0058 -0.14556
H: 8.60521 -0.718265 -1.18126
L: 0.139987 0.112614 0.691098
right
244
gcm: 0.559677 1.00758 -0.136038
H: 6.34387 -0.723367 -1.3003
L: 0.142702 0.125994 0.676061
right
245
gcm: 0.561723 1.00909 -0.126677
H: 6.24812 -0.905368 -0.877658
L: 0.145285 0.106921 0.664648
right
246
gcm: 0.563723 1.01041 -0.117003
H: 7.21158 -0.724229 -0.20311
L: 0.141989 0.0938887 0.686856
right
247
gcm: 0.565906 1.01217 -0.107366
H: 4.78193 -0.827531 -1.04714
L: 0.155014 0.125052 0.684223
right
248
gcm: 0.567306 1.01365 -0.0985829
H: 6.80667 -0.639415 0.692766
L: 0.0993719 0.105296 0.623598
right
249
gcm: 0.568884 1.01522 -0.0896432
H: 4.80715 -0.288175 0.199968
L: 0.112054 0.111281 0.634717
right
250
gcm: 0.570675 1.0171 -0.0802337
H: 5.0965 -0.560082 -1.1614
L: 0.127169 0.133246 0.668078
right
251
gcm: 0.572405 1.01848 -0.0714127
H: 4.38611 -0.48887 -0.621619
L: 0.122848 0.0981914 0.626287
right
252
gcm: 0.573919 1.02002 -0.0630234
H: 2.07276 -0.305501 0.43601
L: 0.107464 0.10923 0.595644
right
253
gcm: 0.575165 1.0221 -0.0545116
H: 1.25164 -0.267477 0.571063
L: 0.0884808 0.147695 0.604335
right
254
gcm: 0.576292 1.02402 -0.0457109
H: 1.60969 -0.0377303 0.101084
L: 0.0799939 0.136755 0.624846
right
255
gcm: 0.57753 1.02532 -0.0367445
H: 1.87113 0.0812209 0.4158
L: 0.087936 0.0921258 0.636617
right
256
gcm: 0.578692 1.02644 -0.0284581
H: 1.18149 0.148271 0.75619
L: 0.0824808 0.0793813 0.588332
right
257
gcm: 0.579714 1.02768 -0.0205991
H: 0.359394 0.165254 0.534313
L: 0.0725285 0.0883994 0.557991
right
258
gcm: 0.580923 1.02904 -0.0122005
H: -0.369574 0.567408 -0.236286
L: 0.0858415 0.0960685 0.596298
right
259
gcm: 0.582116 1.03045 -0.00373034
H: -0.788176 0.670853 -0.528134
L: 0.0847223 0.100057 0.601384
right
260
gcm: 0.583102 1.03199 0.00475332
H: -0.905426 0.741933 -0.302251
L: 0.0699831 0.109414 0.602339
right
261
gcm: 0.583806 1.03421 0.0133192
H: -1.57043 1.02655 0.701185
L: 0.0500294 0.157999 0.608181
right
262
gcm: 0.584392 1.03511 0.0215516
H: -1.55743 1.10383 1.48442
L: 0.0416051 0.0634748 0.584497
right
263
gcm: 0.585471 1.03591 0.0298569
H: -1.65037 0.959689 -0.437987
L: 0.0766056 0.057085 0.589678
right
264
gcm: 0.586855 1.03671 0.038001
H: -2.33347 0.768068 -2.06965
L: 0.0982717 0.0569348 0.578228
right
265
gcm: 0.587954 1.03705 0.0461002
H: -2.46005 0.944759 -0.456015
L: 0.078036 0.023674 0.575041
right
266
gcm: 0.588693 1.03642 0.0543599
H: -2.54111 1.26877 0.710202
L: 0.0524349 -0.0442913 0.586442
right
267
gcm: 0.5898 1.03719 0.0626592
H: -3.75532 1.09169 -1.09969
L: 0.0785704 0.0543551 0.589253
right
268
gcm: 0.591007 1.03875 0.0710123
H: -3.50703 1.19982 -0.579083
L: 0.0857091 0.110725 0.593069
right
269
gcm: 0.592081 1.03913 0.0792041
H: -2.26703 1.09818 -0.829083
L: 0.0762851 0.0269128 0.581617
right
270
gcm: 0.592438 1.03922 0.0874935
H: -1.98999 1.10247 1.13816
L: 0.0253215 0.006938 0.588545
right
271
gcm: 0.592835 1.0383 0.0955641
H: -3.21523 0.825045 0.0283796
L: 0.0282003 -0.06576 0.573012
right
272
gcm: 0.593495 1.03757 0.103541
H: -3.70082 1.2584 0.869629
L: 0.0468482 -0.0514304 0.566348
right
273
gcm: 0.594077 1.03721 0.111467
H: -2.84797 1.27946 -0.279521
L: 0.04134 -0.0261582 0.562775
right
274
gcm: 0.594849 1.03693 0.119753
H: -3.8335 1.04658 -0.454083
L: 0.0547877 -0.0192089 0.588317
right
275
gcm: 0.595789 1.03633 0.128223
H: -1.76609 0.923277 -0.420272
L: 0.0667478 -0.0431282 0.601359
right
276
gcm: 0.596581 1.03567 0.136819
H: -1.99335 0.960572 -0.423128
L: 0.056272 -0.0470147 0.610328
right
277
gcm: 0.596957 1.03493 0.144803
H: -4.4271 1.22023 0.435458
L: 0.0266968 -0.0522896 0.566827
right
278
gcm: 0.597503 1.03465 0.152836
H: -3.59957 1.1787 0.314665
L: 0.0387251 -0.0200289 0.570364
right
279
gcm: 0.598337 1.03494 0.161327
H: -2.45139 1.13405 -0.131789
L: 0.0592495 0.0204958 0.602857
right
280
gcm: 0.599054 1.03521 0.169534
H: -4.20987 1.05799 -0.178957
L: 0.0509047 0.0196615 0.582699
right
281
gcm: 0.599622 1.03543 0.17713
H: -5.71607 0.88384 -0.396383
L: 0.040323 0.0154097 0.539337
right
282
gcm: 0.600058 1.03583 0.184967
H: -6.09092 1.099 0.262918
L: 0.0309159 0.0286384 0.556422
right
283
gcm: 0.600474 1.03645 0.193542
H: -4.65006 1.17062 0.27295
L: 0.0295782 0.0436084 0.608788
right
284
gcm: 0.60108 1.03691 0.202225
H: -3.49768 0.97733 -0.284789
L: 0.0429697 0.0329358 0.616512
right
285
gcm: 0.601574 1.03679 0.210631
H: -6.10881 1.24303 0.192653
L: 0.0350943 -0.00832629 0.596804
right
286
gcm: 0.601498 1.03613 0.218283
H: -6.7766 1.46964 1.23456
L: -0.00536336 -0.0473578 0.543295
right
287
gcm: 0.602588 1.03641 0.227323
H: -4.1585 0.855723 -1.73736
L: 0.0773757 0.0198588 0.641853
right
288
gcm: 0.603105 1.03703 0.235494
H: -5.53827 1.24708 0.417569
L: 0.0366949 0.0444183 0.58013
right
289
gcm: 0.60349 1.03649 0.243259
H: -6.5329 1.33522 0.518387
L: 0.0273378 -0.0386284 0.551295
right
290
gcm: 0.603903 1.03617 0.250718
H: -6.04026 1.24119 -0.00917872
L: 0.0293068 -0.0225384 0.529602
right
291
gcm: 0.604157 1.03671 0.259164
H: -3.98907 1.25845 0.61493
L: 0.0180704 0.0382422 0.599712
right
292
gcm: 0.604481 1.03757 0.267303
H: -6.32957 1.19214 1.19821
L: 0.0229733 0.061431 0.577835
right
293
gcm: 0.604348 1.03817 0.274813
H: -7.33909 1.16106 0.42126
L: -0.00945635 0.0421764 0.5332
right
294
gcm: 0.604524 1.03809 0.282474
H: -5.43571 1.01137 -1.23468
L: 0.0125046 -0.00580951 0.543937
right
295
gcm: 0.605155 1.03776 0.290857
H: -6.49153 1.11486 -0.713789
L: 0.0448235 -0.0228514 0.595199
right
296
gcm: 0.605625 1.03747 0.298747
H: -7.30188 0.967691 -1.3101
L: 0.0333976 -0.0207894 0.560169
right
297
gcm: 0.605878 1.0374 0.306296
H: -8.67694 0.823125 -1.31454
L: 0.0179677 -0.00526716 0.536015
right
298
gcm: 0.605687 1.03804 0.31404
H: -6.90636 0.800333 0.305318
L: -0.0135937 0.0452914 0.549847
right
299
gcm: 0.60557 1.03884 0.322234
H: -3.6568 0.736422 0.5907
L: -0.00832197 0.0573013 0.581765
right
300
gcm: 0.605705 1.03912 0.3306
H: -3.72966 0.389847 -1.65249
L: 0.00959204 0.0199508 0.593943
right
301
gcm: 0.606028 1.03861 0.339383
H: -4.17613 0.0622011 -3.01556
L: 0.0229464 -0.0362043 0.623584
right
302
gcm: 0.606404 1.03782 0.348339
H: -4.3285 0.0998122 -1.88517
L: 0.0266927 -0.0564398 0.63591
right
303
gcm: 0.606526 1.03721 0.356909
H: -1.88871 -0.118207 -1.82807
L: 0.00868393 -0.0428772 0.608498
right
304
gcm: 0.60673 1.03636 0.365521
H: -1.50064 -0.0740362 -1.79639
L: 0.0144792 -0.0605899 0.611388
right
305
gcm: 0.606819 1.0351 0.374312
H: -1.6884 0.142595 -1.07067
L: 0.00633133 -0.0898985 0.624189
right
306
gcm: 0.606424 1.03376 0.382963
H: -1.70855 0.474294 0.001037
L: -0.0280714 -0.0950935 0.614221
right
307
gcm: 0.605808 1.03263 0.39136
H: -0.954702 0.458367 0.620727
L: -0.0437542 -0.0797132 0.596187
right
308
gcm: 0.605511 1.03161 0.400249
H: -0.192217 0.425819 1.07411
L: -0.0210405 -0.0727895 0.63109
right
309
gcm: 0.605223 1.03032 0.40952
H: 2.6528 0.735842 0.740325
L: -0.0204746 -0.0912271 0.658263
right
310
gcm: 0.604205 1.0293 0.418679
H: 2.83019 0.970281 3.02381
L: -0.072257 -0.0726324 0.650271
right
311
gcm: 0.603275 1.02801 0.42807
H: 2.36524 0.760045 3.00124
L: -0.0660513 -0.0913398 0.666777
right
312
gcm: 0.602931 1.02609 0.437799
H: 1.91588 0.689572 2.04309
L: -0.024443 -0.136531 0.690735
right
313
gcm: 0.602604 1.02421 0.44758
H: 1.95239 0.567564 1.5349
L: -0.0232242 -0.133704 0.694459
right
314
gcm: 0.602001 1.02238 0.457313
H: 4.27321 0.423383 0.705473
L: -0.0427684 -0.129548 0.691071
right
315
gcm: 0.601121 1.02106 0.466687
H: 5.98964 0.850061 3.1532
L: -0.0625204 -0.0938379 0.665576
right
316
gcm: 0.600207 1.01997 0.476149
H: 1.31017 0.381826 2.48056
L: -0.0649025 -0.0777101 0.671763
right
317
gcm: 0.599368 1.01826 0.486
H: 4.36002 -0.0600246 -0.428526
L: -0.0595784 -0.121448 0.699461
right
318
gcm: 0.599002 1.01697 0.496411
H: 6.71034 0.22721 0.167097
L: -0.0259481 -0.0913491 0.739137
right
319
gcm: 0.598726 1.01633 0.507309
H: 7.94859 0.529238 1.40335
L: -0.0195966 -0.045327 0.7738
right
320
gcm: 0.597051 1.01552 0.518231
H: 5.72654 0.616961 3.86779
L: -0.11896 -0.0574462 0.77547
right
321
gcm: 0.595911 1.01521 0.528829
H: 5.13215 0.425815 2.72719
L: -0.0808813 -0.0219522 0.752423
right
322
gcm: 0.594985 1.0149 0.539449
H: 6.76914 0.280836 1.38529
L: -0.0657885 -0.0223824 0.754049
right
323
gcm: 0.593472 1.01408 0.54988
H: 6.56588 0.231456 1.99964
L: -0.107429 -0.0579217 0.74056
none 
324
gcm: 0.591949 1.01361 0.560426
H: 5.43349 0.321321 1.81943
L: -0.108092 -0.0335473 0.748785
none 
325
gcm: 0.590783 1.01355 0.571134
H: 5.74681 0.355422 0.544154
L: -0.0828245 -0.00389591 0.760289
none 
326
gcm: 0.589604 1.01336 0.581397
H: 5.39754 0.22418 0.370178
L: -0.0836753 -0.013897 0.728643
none 
327
gcm: 0.588435 1.01317 0.5914
H: 5.19234 0.156174 0.842052
L: -0.0830038 -0.0137122 0.710211
none 
328
gcm: 0.587179 1.01317 0.60165
H: 5.91636 0.300208 0.882275
L: -0.0892073 0.00034527 0.727764
none 
329
gcm: 0.585235 1.0135 0.61211
H: 5.24086 0.33557 1.43682
L: -0.137984 0.0233939 0.742632
left
330
gcm: 0.583415 1.01441 0.622446
H: 5.026 0.307296 1.67961
L: -0.129261 0.0645292 0.733902
left
331
gcm: 0.583323 1.01476 0.633948
H: 14.2565 0.573405 -0.196299
L: -0.00653307 0.0247033 0.816584
left
332
gcm: 0.583229 1.01555 0.64458
H: 11.5043 0.783629 -2.01576
L: -0.00663964 0.0564505 0.754936
left
333
gcm: 0.582325 1.01658 0.654837
H: 8.81942 0.574691 -0.764927
L: -0.0642274 0.0733612 0.728189
left
334
gcm: 0.581159 1.01789 0.665131
H: 7.34035 0.614275 0.839711
L: -0.0827739 0.0925199 0.730898
left
335
gcm: 0.580384 1.01963 0.675308
H: 7.81718 0.461869 0.268767
L: -0.0550049 0.123848 0.722563
left
336
gcm: 0.579794 1.02142 0.685177
H: 7.07018 0.530119 -0.763957
L: -0.0419006 0.126748 0.700721
left
337
gcm: 0.578887 1.02308 0.694925
H: 5.93062 0.840614 -0.284263
L: -0.0644089 0.118373 0.692086
left
338
gcm: 0.578171 1.0246 0.70468
H: 6.19257 0.656805 -0.350104
L: -0.0508387 0.10742 0.69264
left
339
gcm: 0.57785 1.02593 0.713859
H: 4.77211 0.172531 -1.42617
L: -0.022737 0.0945349 0.651684
left
340
gcm: 0.576582 1.02736 0.723242
H: 3.61554 0.627065 1.18224
L: -0.0900691 0.101725 0.666193
left
341
gcm: 0.576104 1.02938 0.732562
H: 3.31132 0.516919 -0.58605
L: -0.0338984 0.14342 0.661735
left
342
gcm: 0.576 1.0316 0.741713
H: 1.78836 -0.074959 -1.6818
L: -0.00743912 0.157576 0.649684
left
343
gcm: 0.575952 1.03376 0.750753
H: 1.33579 -0.395147 -2.11111
L: -0.00338479 0.153125 0.641888
left
344
gcm: 0.575151 1.03548 0.758506
H: 0.213299 -0.219094 0.404438
L: -0.0568358 0.121956 0.550465
left
345
gcm: 0.5743 1.03664 0.766522
H: 0.123254 -0.107298 2.00152
L: -0.0604787 0.08257 0.569116
left
346
gcm: 0.575187 1.03874 0.777137
H: 2.51024 -0.646929 -2.90565
L: 0.0629784 0.148892 0.75366
left
347
gcm: 0.574476 1.04011 0.785738
H: 0.355847 -0.267125 0.655445
L: -0.0504452 0.0976011 0.610685
left
348
gcm: 0.573771 1.04137 0.794454
H: -0.243199 -0.375411 1.16543
L: -0.050077 0.0897762 0.618803
left
349
gcm: 0.573018 1.04257 0.803093
H: -1.39936 -0.494863 1.04216
L: -0.0534878 0.0846189 0.613373
left
350
gcm: 0.572589 1.04357 0.811733
H: -0.850632 -0.669318 -0.342274
L: -0.0304471 0.071315 0.613424
left
351
gcm: 0.572624 1.04445 0.820509
H: -4.48869 -1.63822 0.357143
L: 0.00251858 0.0627243 0.623151
left
352
gcm: 0.572923 1.04606 0.828917
H: 1.10723 -0.485041 -2.18449
L: 0.0212435 0.113637 0.596907
left
353
gcm: 0.572884 1.04754 0.837252
H: -2.43571 -1.13048 -0.809381
L: -0.00282194 0.105072 0.591807
left
354
gcm: 0.572481 1.04856 0.845581
H: -2.33211 -1.07482 0.407375
L: -0.0285786 0.0727549 0.591398
left
355
gcm: 0.572151 1.04888 0.853602
H: -2.60419 -1.00953 0.511164
L: -0.0234442 0.0230552 0.56943
left
356
gcm: 0.571978 1.04928 0.861965
H: -2.18183 -1.05293 -0.224091
L: -0.0122696 0.027916 0.593834
left
357
gcm: 0.571794 1.04954 0.870456
H: -2.00737 -1.19118 -0.503991
L: -0.0130569 0.0188441 0.602836
left
358
gcm: 0.5715 1.04929 0.878425
H: -2.70875 -1.0813 0.428692
L: -0.0208557 -0.0181128 0.565796
left
359
gcm: 0.571508 1.04939 0.886362
H: -2.24298 -1.11509 -0.182059
L: 0.000508901 0.00752879 0.563535
left
360
gcm: 0.571826 1.04975 0.895016
H: -1.57928 -1.36333 -1.74292
L: 0.0226079 0.0253675 0.614447
left
361
gcm: 0.572057 1.0493 0.90276
H: -3.93287 -1.55258 -1.11028
L: 0.0164291 -0.0323595 0.549803
left
362
gcm: 0.571995 1.04873 0.91046
H: -3.566 -1.2552 -0.046337
L: -0.00439733 -0.0402868 0.546732
left
363
gcm: 0.571928 1.04859 0.918651
H: -1.93516 -1.24953 -0.40056
L: -0.00475858 -0.0095131 0.581547
left
364
gcm: 0.57191 1.04827 0.927233
H: -0.715344 -1.31084 -0.137093
L: -0.00131266 -0.02325 0.609279
left
365
gcm: 0.572129 1.04794 0.935478
H: -2.85234 -1.26021 0.715082
L: 0.0155491 -0.0230496 0.585429
left
366
gcm: 0.572051 1.04753 0.943152
H: -5.20281 -0.925091 1.19453
L: -0.00554806 -0.0290306 0.544857
left
367
gcm: 0.571905 1.04742 0.950997
H: -4.47071 -0.998538 -0.437399
L: -0.0103458 -0.00805136 0.557002
left
368
gcm: 0.572299 1.0477 0.959003
H: -2.16347 -1.30351 -2.10134
L: 0.0279411 0.0200958 0.568395
left
369
gcm: 0.572572 1.04781 0.967016
H: -2.8954 -1.29818 -0.781379
L: 0.0193991 0.00795914 0.568961
left
370
gcm: 0.572599 1.04788 0.974963
H: -3.95485 -1.26137 -0.119573
L: 0.0019368 0.0042743 0.564225
left
371
gcm: 0.572684 1.04797 0.982697
H: -3.4038 -1.25427 0.080853
L: 0.00605662 0.00702086 0.549119
left
372
gcm: 0.572697 1.04818 0.99071
H: -3.55779 -1.06598 0.460046
L: 0.000924959 0.0144793 0.56892
left
373
gcm: 0.572662 1.04865 0.998752
H: -4.91133 -1.10188 -0.170756
L: -0.00255315 0.0332295 0.570979
left
374
gcm: 0.57293 1.04956 1.0065
H: -4.54009 -1.28882 -0.372874
L: 0.0190477 0.064583 0.550014
left
375
gcm: 0.573199 1.05024 1.0142
H: -3.94559 -1.19305 0.94311
L: 0.0191085 0.0484675 0.546877
left
376
gcm: 0.573337 1.0508 1.02186
H: -5.26419 -1.21394 0.375515
L: 0.00977413 0.0399612 0.544092
left
377
gcm: 0.573592 1.05144 1.02988
H: -4.43129 -1.30794 -0.411631
L: 0.0181373 0.0456535 0.568961
left
378
gcm: 0.573101 1.05075 1.03807
H: -4.97908 -0.961837 1.82585
L: -0.0348774 -0.0492466 0.581666
left
379
gcm: 0.573716 1.04991 1.04493
H: -5.17361 -1.21463 -0.506649
L: 0.0436572 -0.0593332 0.486969
left
380
gcm: 0.573875 1.04942 1.05246
H: -5.52873 -0.95884 -0.288878
L: 0.0113316 -0.0352348 0.534636
left
381
gcm: 0.57403 1.04979 1.06059
H: -5.15726 -1.04248 0.0559751
L: 0.0109763 0.0263226 0.577002
left
382
gcm: 0.574285 1.04971 1.06823
H: -5.14266 -1.25647 -0.0956596
L: 0.0181301 -0.00590627 0.542614
left
383
gcm: 0.574664 1.04952 1.07519
H: -4.99573 -1.27421 -0.218077
L: 0.0269216 -0.013067 0.494554
left
384
gcm: 0.575183 1.04991 1.08283
H: -3.83562 -1.09627 -0.0240632
L: 0.0368073 0.0275296 0.542058
left
385
gcm: 0.575542 1.05053 1.09106
H: -3.69455 -0.97298 0.306733
L: 0.0254755 0.0441511 0.584116
left
386
gcm: 0.575616 1.05053 1.0988
H: -4.88978 -0.876931 1.01531
L: 0.00528064 -0.000452008 0.549591
left
387
gcm: 0.575973 1.05046 1.10666
H: -4.40663 -0.759174 0.226846
L: 0.0253531 -0.00452818 0.558609
left
388
gcm: 0.576528 1.05062 1.11477
H: -3.54986 -0.809271 -0.679162
L: 0.0394218 0.0115452 0.57553
left
389
gcm: 0.576685 1.05033 1.12214
H: -5.01074 -0.72758 1.11794
L: 0.011109 -0.0209839 0.523446
left
390
gcm: 0.576807 1.04938 1.12946
H: -6.22399 -0.486316 1.93456
L: 0.00865896 -0.0675702 0.519575
left
391
gcm: 0.577171 1.0489 1.13724
H: -4.94046 -0.573554 0.782561
L: 0.0258816 -0.0340977 0.552644
left
392
gcm: 0.577736 1.04926 1.14476
H: -3.87829 -0.604528 0.645404
L: 0.0400974 0.0260098 0.533659
left
393
gcm: 0.578778 1.04974 1.1516
H: -4.27714 -0.465866 0.00837031
L: 0.0739875 0.0338008 0.485347
left
394
gcm: 0.578392 1.04939 1.15888
H: -5.05921 -0.0875012 2.79873
L: -0.0274153 -0.0244935 0.517374
left
395
gcm: 0.578778 1.04855 1.16718
H: -0.764266 -0.0219753 1.64167
L: 0.0273721 -0.0602477 0.588927
left
396
gcm: 0.579749 1.04743 1.17572
H: -0.210499 0.0545018 0.551358
L: 0.0689925 -0.0789013 0.606501
left
397
gcm: 0.580855 1.04758 1.18382
H: -0.819221 -0.294478 -0.307758
L: 0.0785268 0.010479 0.575296
left
398
gcm: 0.581419 1.04709 1.19176
H: 0.378661 -0.124239 1.10536
L: 0.040012 -0.0351865 0.563789
left
399
gcm: 0.581701 1.04638 1.20013
H: 0.708285 -0.0954151 1.12429
L: 0.020056 -0.0501149 0.594073
left
400
gcm: 0.582876 1.04553 1.20861
H: 1.10709 -0.384935 -1.16113
L: 0.0833838 -0.0601963 0.60194
left
401
gcm: 0.584354 1.04469 1.21707
H: 1.23779 -0.525135 -1.01409
L: 0.104941 -0.0594887 0.600948
left
402
gcm: 0.584999 1.04364 1.22575
H: 1.35158 -0.0642408 0.828521
L: 0.0458045 -0.0747156 0.616136
left
403
gcm: 0.585612 1.04243 1.23463
H: 2.86343 -0.0916284 0.110881
L: 0.0435348 -0.086147 0.630216
left
404
gcm: 0.586831 1.04129 1.24355
H: 3.17216 -0.208708 -1.18151
L: 0.0865346 -0.0811676 0.633694
left
405
gcm: 0.588019 1.03917 1.25243
H: 2.25226 -0.418724 -0.912539
L: 0.0843319 -0.150365 0.630219
left
406
gcm: 0.589244 1.03763 1.2615
H: 2.92697 -0.0663622 -0.80489
L: 0.0869951 -0.109104 0.643973
left
407
gcm: 0.591245 1.03638 1.27054
H: 3.27905 -0.324486 -2.08675
L: 0.142046 -0.0889019 0.641997
left
408
gcm: 0.591238 1.03471 1.28009
H: 3.95501 -0.0911146 0.564937
L: -0.000443164 -0.118414 0.677821
left
409
gcm: 0.593158 1.03399 1.28847
H: 3.73252 -0.143154 -1.61937
L: 0.136267 -0.0511925 0.595323
left
410
gcm: 0.594603 1.0343 1.29758
H: 4.16727 -0.0904499 -0.445086
L: 0.10265 0.0218997 0.646822
left
411
gcm: 0.595827 1.03551 1.30628
H: 3.8296 -0.193787 -0.548281
L: 0.0869092 0.085651 0.617685
left
412
gcm: 0.597537 1.03578 1.31572
H: 6.72832 -0.338378 -1.04808
L: 0.121365 0.0192461 0.670251
left
413
gcm: 0.599407 1.03614 1.32551
H: 6.94902 -0.28697 -1.00212
L: 0.132796 0.0257458 0.694575
left
414
gcm: 0.601328 1.03613 1.33595
H: 7.11554 0.00606132 -1.40441
L: 0.136393 -0.000768828 0.741361
left
415
gcm: 0.603266 1.03606 1.34638
H: 7.59752 -0.193412 -1.66204
L: 0.137594 -0.00461968 0.740417
none 
416
gcm: 0.605079 1.03536 1.35601
H: 6.17489 -0.327594 -1.43053
L: 0.128709 -0.0502158 0.683901
none 
417
gcm: 0.606417 1.03573 1.36519
H: 3.68011 -0.558909 -0.532415
L: 0.0950263 0.0262994 0.652176
none 
418
gcm: 0.607486 1.03587 1.37412
H: 3.44983 -0.525433 0.794856
L: 0.075904 0.0104912 0.633897
none 
419
gcm: 0.608982 1.036 1.3842
H: 6.04402 -0.142454 -0.177209
L: 0.1062 0.00912273 0.715659
none 
420
gcm: 0.610781 1.03637 1.39376
H: 3.85443 0.0194301 -0.43925
L: 0.127702 0.0263195 0.678836
none 
421
gcm: 0.612284 1.03689 1.40374
H: 11.6861 -1.13284 0.918209
L: 0.106725 0.0365131 0.708102
right
422
gcm: 0.614041 1.03865 1.41438
H: 13.6533 -2.00799 0.763431
L: 0.124754 0.124875 0.755656
right
423
gcm: 0.616244 1.03982 1.42479
H: 5.62582 -0.219347 -2.73004
L: 0.156411 0.0834845 0.738896
right
424
gcm: 0.617885 1.04097 1.43424
H: 6.25696 -0.25279 -1.44664
L: 0.116482 0.0811913 0.671561
right
425
gcm: 0.619687 1.04208 1.44454
H: 9.10004 -0.815584 -0.879156
L: 0.127973 0.0791999 0.730797
right
426
gcm: 0.621326 1.04355 1.45386
H: 6.72026 -0.75394 -0.67731
L: 0.116353 0.104018 0.661917
right
427
gcm: 0.622516 1.04502 1.4626
H: 3.06247 -0.0339187 -1.35425
L: 0.0844999 0.104428 0.620541
right
428
gcm: 0.623666 1.04631 1.47112
H: 4.91351 -0.607081 -0.59026
L: 0.0816324 0.0917287 0.60462
right
429
gcm: 0.624903 1.04792 1.47953
H: 6.92301 -1.63613 1.69218
L: 0.0878355 0.114592 0.597495
right
430
gcm: 0.6264 1.04966 1.48848
H: 4.06735 -1.00839 0.253827
L: 0.10628 0.123119 0.635282
right
431
gcm: 0.627822 1.05124 1.49777
H: 3.19917 -0.211321 -0.557586
L: 0.100957 0.112461 0.659729
right
432
gcm: 0.628658 1.05274 1.50526
H: 1.91576 -0.239125 1.5182
L: 0.0593691 0.106775 0.531732
right
433
gcm: 0.629546 1.05396 1.51434
H: 5.30595 -0.523678 0.748684
L: 0.0630439 0.0862226 0.644579
right
434
gcm: 0.629388 1.05366 1.52046
H: -1.46981 0.175246 2.00585
L: -0.0111826 -0.0208857 0.434729
right
435
gcm: 0.632471 1.0574 1.53196
H: 4.35155 -0.20684 -5.20818
L: 0.218867 0.265333 0.816345
right
436
gcm: 0.634846 1.05871 1.54234
H: 4.23123 -0.422349 -4.27854
L: 0.168613 0.0927281 0.73702
right
437
gcm: 0.633593 1.05937 1.54776
H: -3.59174 1.08393 6.5787
L: -0.0889747 0.0473008 0.384865
right
438
gcm: 0.633043 1.05997 1.55388
H: -5.23353 1.1881 4.53644
L: -0.0390243 0.0425029 0.434539
right
439
gcm: 0.635373 1.06198 1.56345
H: 3.91854 -0.17982 -4.24237
L: 0.165454 0.142537 0.679424
right
440
gcm: 0.635375 1.06288 1.56988
H: -4.80847 0.508225 1.70143
L: 0.000153087 0.0638313 0.45646
right
441
gcm: 0.639312 1.0662 1.58166
H: 1.15628 -0.158034 -7.75885
L: 0.279472 0.235751 0.836212
right
442
gcm: 0.641236 1.06768 1.59159
H: 0.699889 0.570032 -4.13923
L: 0.136633 0.105128 0.70515
right
443
gcm: 0.641606 1.06964 1.601
H: -0.595017 1.28213 0.63262
L: 0.0262906 0.139161 0.668085
right
444
gcm: 0.641302 1.0691 1.60719
H: -5.73759 1.45087 2.42926
L: -0.0216139 -0.0385516 0.439535
right
445
gcm: 0.641677 1.07125 1.61482
H: -1.49238 1.11557 0.594292
L: 0.0266455 0.153136 0.54158
right
446
gcm: 0.642256 1.07111 1.62169
H: -2.58647 1.28299 1.34324
L: 0.0411054 -0.00993736 0.488226
right
447
gcm: 0.643369 1.07069 1.62962
H: -0.941372 1.08267 0.032147
L: 0.0789881 -0.0299019 0.562592
right
448
gcm: 0.643788 1.07079 1.6371
H: -2.44553 1.21479 -0.0690654
L: 0.0297557 0.006857 0.531219
right
449
gcm: 0.6438 1.07097 1.64394
H: -4.48666 1.45441 1.16662
L: 0.000842716 0.0127362 0.485391
right
450
gcm: 0.645122 1.07112 1.65253
H: -0.796747 1.04498 -1.33511
L: 0.0938885 0.0103729 0.610311
right
451
gcm: 0.646515 1.07125 1.66086
H: -0.703598 0.522869 -2.03062
L: 0.0988648 0.00957326 0.591618
right
452
gcm: 0.647018 1.07153 1.66835
H: -2.33012 0.956737 -0.29911
L: 0.0357805 0.0196516 0.531614
right
453
gcm: 0.647478 1.07185 1.67638
H: -2.80114 1.23069 1.19903
L: 0.0326046 0.0228715 0.570151
right
454
gcm: 0.647874 1.07124 1.68399
H: -3.38416 1.22158 0.2257
L: 0.0281189 -0.0431609 0.540329
right
455
gcm: 0.648446 1.06995 1.69161
H: -1.86394 1.1194 -0.120207
L: 0.0406173 -0.0913341 0.540919
right
456
gcm: 0.648891 1.06851 1.69945
H: -3.59415 1.22846 1.19102
L: 0.0315977 -0.102454 0.556692
right
457
gcm: 0.64939 1.06749 1.70702
H: -1.86302 0.846025 -1.0082
L: 0.0354042 -0.072271 0.537475
right
458
gcm: 0.650416 1.06674 1.71515
H: -0.823713 0.82633 -0.969197
L: 0.072875 -0.0532252 0.577377
right
459
gcm: 0.650827 1.06682 1.72236
H: -0.952688 1.10723 -0.572785
L: 0.0292028 0.00523346 0.511419
right
460
gcm: 0.651042 1.06715 1.73024
H: -7.36545 1.13394 0.120687
L: 0.0152202 0.0233269 0.559641
right
461
gcm: 0.651904 1.06695 1.73838
H: -4.54699 0.957406 -0.471514
L: 0.0612211 -0.0142926 0.577682
right
462
gcm: 0.652375 1.06722 1.74624
H: -3.1756 1.22776 0.978724
L: 0.0334259 0.0194365 0.558157
right
463
gcm: 0.652389 1.06784 1.75331
H: -2.50113 1.29786 1.96807
L: 0.000989514 0.044394 0.502259
right
464
gcm: 0.652852 1.06738 1.76051
H: -2.18088 0.623638 -1.00341
L: 0.0329047 -0.0329658 0.510982
right
465
gcm: 0.65338 1.06647 1.76864
H: -6.24455 1.06517 -0.394199
L: 0.0375084 -0.0646327 0.57709
right
466
gcm: 0.653251 1.06633 1.77582
H: -2.92489 1.0756 1.31667
L: -0.00921675 -0.0101063 0.510182
right
467
gcm: 0.653594 1.06759 1.78413
H: -5.82393 0.383584 0.649275
L: 0.0243676 0.0895363 0.589681
right
468
gcm: 0.654541 1.06797 1.79147
H: -2.80863 0.757392 -1.30256
L: 0.0672721 0.0268432 0.521366
right
469
gcm: 0.654915 1.06678 1.79941
H: -5.70256 0.878355 -0.515409
L: 0.0265443 -0.0843095 0.563703
right
470
gcm: 0.654494 1.06663 1.80664
H: -3.26703 1.27873 0.94196
L: -0.0298767 -0.0107943 0.513248
right
471
gcm: 0.654763 1.06739 1.81391
H: -3.30789 1.18479 0.357517
L: 0.019104 0.0538617 0.51647
right
472
gcm: 0.655434 1.06734 1.82145
H: -3.44224 0.68956 -0.720295
L: 0.047601 -0.00294194 0.535081
right
473
gcm: 0.655583 1.06706 1.82911
H: -6.51526 1.15361 -0.0260323
L: 0.0106263 -0.0198414 0.543934
right
474
gcm: 0.6556 1.06765 1.83735
H: -6.64289 0.990479 0.476743
L: 0.001163 0.0413707 0.585034
right
475
gcm: 0.656027 1.06808 1.84588
H: -5.76523 0.924615 -0.212049
L: 0.0303228 0.0305516 0.605892
right
476
gcm: 0.6562 1.06725 1.85317
H: -4.20271 1.03952 -0.0373674
L: 0.0123046 -0.0589092 0.517257
right
477
gcm: 0.655961 1.06598 1.8594
H: -0.349099 1.02302 0.133739
L: -0.0170002 -0.0898054 0.442689
right
478
gcm: 0.655787 1.06607 1.86743
H: -6.52491 0.888586 0.427443
L: -0.0123156 0.00637215 0.569633
right
479
gcm: 0.655594 1.06636 1.87538
H: -5.82925 0.739456 0.806909
L: -0.0137585 0.0201597 0.564328
right
480
gcm: 0.655605 1.06631 1.88356
H: -5.85085 0.732986 0.455495
L: 0.000826541 -0.00359815 0.581032
right
481
gcm: 0.656003 1.06609 1.8911
H: -9.26641 0.537088 -1.83205
L: 0.0282301 -0.0156895 0.535226
right
482
gcm: 0.656271 1.06574 1.89819
H: -6.62787 0.688973 -0.691846
L: 0.0190348 -0.0241643 0.503564
right
483
gcm: 0.656453 1.06525 1.90622
H: -0.951728 0.446875 -0.104965
L: 0.0129658 -0.0350492 0.569965
right
484
gcm: 0.656016 1.06477 1.9141
H: -1.00863 0.471345 -0.0999325
L: -0.0310636 -0.0340744 0.559647
right
485
gcm: 0.655595 1.06441 1.92255
H: -2.52378 0.47209 0.00845383
L: -0.0299032 -0.0256207 0.600138
right
486
gcm: 0.655587 1.06403 1.93191
H: -5.72553 0.359251 -1.03529
L: -0.000540802 -0.0272806 0.664497
right
487
gcm: 0.655416 1.06312 1.94051
H: -4.78978 0.504228 -0.882291
L: -0.0121245 -0.0643507 0.610136
right
488
gcm: 0.654581 1.06207 1.9488
H: -3.44863 0.392207 -0.0931437
L: -0.0593059 -0.0744245 0.589277
right
489
gcm: 0.653488 1.06113 1.9573
H: -1.95798 0.488358 1.58852
L: -0.0776275 -0.0669043 0.603093
right
490
gcm: 0.653193 1.06011 1.96575
H: 1.73756 1.08399 0.822774
L: -0.0209427 -0.0726743 0.599762
right
491
gcm: 0.653086 1.05912 1.97464
H: 0.208707 -0.309581 -1.34541
L: -0.00755931 -0.0697569 0.631203
right
492
gcm: 0.652794 1.05762 1.98325
H: 2.15822 -0.052001 -0.535709
L: -0.020729 -0.106437 0.611253
right
493
gcm: 0.652005 1.05609 1.99173
H: 1.02115 0.0829667 -0.114173
L: -0.056056 -0.109059 0.602459
right
494
gcm: 0.650912 1.05439 2.00016
H: -1.08023 -0.889729 -1.03487
L: -0.0775887 -0.120801 0.598366
right
495
gcm: 0.649956 1.05329 2.0086
H: 0.754836 0.698407 0.581087
L: -0.0678922 -0.0775586 0.598985
right
496
gcm: 0.649238 1.05278 2.0173
H: 0.959935 0.0436309 0.296102
L: -0.0509962 -0.0366239 0.618131
right
497
gcm: 0.648397 1.05056 2.02644
H: 1.08953 0.224205 0.0397615
L: -0.0597033 -0.15724 0.648825
right
498
gcm: 0.647039 1.04731 2.03535
H: -0.429988 0.0354632 1.59924
L: -0.0964108 -0.231277 0.632391
right
499
gcm: 0.645513 1.04575 2.04417
H: 0.93877 0.341824 1.23975
L: -0.108301 -0.110485 0.62631
right
500
gcm: 0.644065 1.04454 2.05311
H: 3.00977 0.240381 0.492288
L: -0.102853 -0.0857321 0.635043
right
501
gcm: 0.643452 1.04211 2.06314
H: 2.73423 0.0462892 -1.07903
L: -0.0435056 -0.172846 0.711758
right
502
gcm: 0.642656 1.04038 2.07298
H: 2.26261 -0.18338 -0.928106
L: -0.0565412 -0.122621 0.699043
right
503
gcm: 0.641147 1.04011 2.08282
H: 2.46757 0.0276332 0.708118
L: -0.10714 -0.0193474 0.69824
right
504
gcm: 0.638783 1.04059 2.09281
H: 1.78938 0.361416 2.59599
L: -0.167798 0.0343403 0.709668
right
505
gcm: 0.637704 1.04036 2.10282
H: 2.82727 0.00591322 -1.143
L: -0.076607 -0.0164205 0.710718
right
506
gcm: 0.635899 1.04015 2.11335
H: 3.1294 0.142475 -0.278148
L: -0.128179 -0.0149421 0.74746
right
507
gcm: 0.634541 1.03942 2.1235
H: 3.05267 0.0937378 0.698665
L: -0.0964349 -0.0516544 0.720785
right
508
gcm: 0.633488 1.03914 2.1328
H: 2.27609 -0.008664 -0.452906
L: -0.074742 -0.0204352 0.660377
right
509
gcm: 0.631219 1.03982 2.14355
H: 4.54992 0.317678 0.946289
L: -0.161126 0.0487605 0.762983
none 
510
gcm: 0.629089 1.04043 2.15333
H: 3.94223 0.2219 1.65136
L: -0.151227 0.0429317 0.694552
none 
511
gcm: 0.627208 1.04062 2.16321
H: 4.25468 0.763177 0.433311
L: -0.133497 0.0137025 0.701367
none 
512
gcm: 0.625186 1.04098 2.17211
H: 3.78626 0.428208 -0.17446
L: -0.143598 0.0258565 0.632071
none 
513
gcm: 0.623404 1.04168 2.18001
H: 2.1326 -0.416563 -0.125605
L: -0.126494 0.0493469 0.560728
none 
514
gcm: 0.622086 1.04258 2.18998
H: 5.64127 0.395771 -1.46379
L: -0.0935812 0.0639515 0.707773
left
515
gcm: 0.620473 1.04313 2.19933
H: 4.55562 0.618397 0.0761253
L: -0.114562 0.038759 0.664009
left
516
gcm: 0.619076 1.04301 2.21138
H: 17.2078 1.6127 0.144043
L: -0.0991467 -0.00802147 0.855807
left
516
gcm: 0.619076 1.04301 2.21138
H: 0 0 0
L: 0 0 0
none 
