:metadata
 
Skeleton: /Network/Servers/duerer/Volumes/duerer/laturnus/workspace/new_acm/asf/07-walk.asf
Motion: /Network/Servers/duerer/Volumes/duerer/laturnus/workspace/new_acm/amc/07_04-walk.amc
Mass Distribution: /Network/Servers/duerer/Volumes/duerer/laturnus/workspace/new_acm/amd/NHR03-06.amd
 
Inital skeleton translation: 0 0 0
Initial skeleton rotation: 0 0 0
 
:data
1
gcm: 0.511348 1.00014 -1.86275
H: 0.0725107 -0.572682 0.259416
L: -0.0570028 0.0494436 0.520805
left
2
gcm: 0.510582 1.00038 -1.85564
H: -1.23758 -0.999929 0.344121
L: -0.0543805 0.0170955 0.50473
left
3
gcm: 0.509871 1.00044 -1.8484
H: -2.38079 -1.07803 0.647444
L: -0.0504964 0.00396977 0.514435
left
4
gcm: 0.509063 1.00055 -1.84131
H: -0.630184 -0.383441 0.0625397
L: -0.057409 0.00780742 0.503167
left
5
gcm: 0.50875 1.00058 -1.83453
H: 3.75889 -0.421271 -2.51179
L: -0.0222281 0.00227467 0.481714
left
6
gcm: 0.508774 1.00069 -1.8274
H: -10.2612 -2.89109 1.62245
L: 0.00176087 0.00793358 0.505722
left
7
gcm: 0.508334 1.00039 -1.82018
H: -1.03475 -0.86159 -0.249577
L: -0.0312802 -0.0215735 0.513014
left
8
gcm: 0.507486 0.999704 -1.81322
H: -2.72702 -0.955723 1.1615
L: -0.0601861 -0.0487043 0.494442
left
9
gcm: 0.506926 0.999127 -1.80633
H: -3.88474 -1.10006 0.539441
L: -0.0397842 -0.0409445 0.489167
left
10
gcm: 0.506826 0.998709 -1.79917
H: -2.56521 -1.11993 -0.895905
L: -0.00706271 -0.0296451 0.507987
left
11
gcm: 0.506652 0.998217 -1.79198
H: -1.381 -1.14131 -0.96808
L: -0.0123884 -0.0349934 0.510899
left
12
gcm: 0.506474 0.997392 -1.7849
H: -2.20174 -1.26211 -0.868408
L: -0.012657 -0.0585216 0.502156
left
13
gcm: 0.506427 0.996456 -1.77775
H: -3.47853 -1.40528 -0.968006
L: -0.00330005 -0.0665034 0.507587
left
14
gcm: 0.506324 0.995803 -1.77057
H: -3.65371 -1.33128 -0.318732
L: -0.00728802 -0.0463159 0.51003
left
15
gcm: 0.506189 0.995494 -1.76351
H: -3.07469 -1.2234 -0.250493
L: -0.00965249 -0.0219686 0.501261
left
16
gcm: 0.506033 0.995113 -1.75652
H: -2.5854 -1.12321 -0.915881
L: -0.0110729 -0.0270791 0.496388
left
17
gcm: 0.505679 0.994723 -1.74954
H: -6.52539 -1.36106 0.599133
L: -0.0250996 -0.0276397 0.495146
left
18
gcm: 0.505371 0.994418 -1.74253
H: -5.94028 -1.26212 0.83682
L: -0.0218583 -0.0217026 0.498278
left
19
gcm: 0.505415 0.993596 -1.73552
H: -4.6506 -1.36304 0.262941
L: 0.00314502 -0.0582984 0.497635
left
20
gcm: 0.505441 0.993332 -1.72857
H: -3.87749 -1.42976 -0.804359
L: 0.00181021 -0.0187508 0.49356
left
21
gcm: 0.505321 0.994491 -1.7215
H: -3.65476 -1.4882 -1.52919
L: -0.00855347 0.082285 0.501719
left
22
gcm: 0.50524 0.995255 -1.71434
H: -4.16306 -1.43382 -0.438864
L: -0.00573242 0.0542225 0.50799
left
23
gcm: 0.505153 0.994595 -1.70726
H: -4.87247 -1.29638 0.824795
L: -0.00619623 -0.0468412 0.502673
left
24
gcm: 0.505147 0.994126 -1.70032
H: -4.68785 -1.34308 -0.356765
L: -0.000396385 -0.0332942 0.493019
left
25
gcm: 0.505276 0.994654 -1.69336
H: -4.77085 -1.47899 -0.802154
L: 0.00918781 0.0374862 0.494119
left
26
gcm: 0.505094 0.995377 -1.6864
H: -5.09262 -1.32348 0.637632
L: -0.0129263 0.0513211 0.494458
left
27
gcm: 0.504861 0.995936 -1.67956
H: -5.12161 -1.26476 0.218585
L: -0.0165607 0.0396597 0.485612
left
28
gcm: 0.505095 0.995905 -1.67265
H: -5.68419 -1.40025 -0.867064
L: 0.0166427 -0.00216886 0.49044
left
29
gcm: 0.505202 0.995274 -1.66557
H: -5.4637 -1.29779 -0.0782769
L: 0.00754191 -0.0448189 0.502708
left
30
gcm: 0.505342 0.994767 -1.65847
H: -5.23678 -1.40076 -0.353185
L: 0.00993601 -0.0360152 0.504182
left
31
gcm: 0.505762 0.99449 -1.65142
H: -5.51234 -1.48573 -0.629347
L: 0.0298381 -0.0196557 0.500145
left
32
gcm: 0.505882 0.995021 -1.64458
H: -5.19949 -1.32289 0.261484
L: 0.00856592 0.0376934 0.485707
left
33
gcm: 0.505853 0.995966 -1.63787
H: -5.39996 -1.1822 0.102034
L: -0.00208841 0.0671478 0.476713
left
34
gcm: 0.506023 0.996187 -1.63088
H: -6.06248 -1.04033 0.0703493
L: 0.0120793 0.0156857 0.49651
left
35
gcm: 0.506324 0.996052 -1.62381
H: -5.97692 -0.974819 0.356924
L: 0.0213282 -0.00961491 0.501581
left
36
gcm: 0.506624 0.996166 -1.61705
H: -4.79279 -0.88509 0.455496
L: 0.021335 0.00808346 0.480165
left
37
gcm: 0.507193 0.996638 -1.61033
H: -4.15263 -0.422916 0.0208574
L: 0.0403581 0.0335106 0.477371
left
38
gcm: 0.507712 0.996748 -1.6034
H: -4.50252 -0.213985 0.311019
L: 0.0368858 0.00780015 0.491847
left
39
gcm: 0.507922 0.996608 -1.59622
H: -3.69241 -0.300088 1.70001
L: 0.0149147 -0.00993368 0.509811
left
40
gcm: 0.508348 0.996336 -1.58908
H: -3.81717 -0.256645 1.93116
L: 0.030228 -0.0192846 0.506875
left
41
gcm: 0.50889 0.996012 -1.58216
H: -3.89548 0.237565 1.75267
L: 0.0384677 -0.0229966 0.491369
left
42
gcm: 0.509457 0.996343 -1.57523
H: -3.09768 0.336373 1.50342
L: 0.0402763 0.0234642 0.492045
left
43
gcm: 0.510014 0.996467 -1.56829
H: -3.14124 0.276289 1.49582
L: 0.0395859 0.00885709 0.492866
left
44
gcm: 0.510431 0.996436 -1.56161
H: -3.66339 0.177983 1.88855
L: 0.0295856 -0.00220663 0.47388
left
45
gcm: 0.511108 0.996236 -1.55489
H: -3.66463 -0.185287 0.923195
L: 0.0480868 -0.0142041 0.477035
left
46
gcm: 0.512053 0.995719 -1.5474
H: -0.121081 -0.303181 -0.645628
L: 0.0670623 -0.0367246 0.532128
left
47
gcm: 0.51294 0.995326 -1.53993
H: 0.641174 -0.197223 -0.276012
L: 0.0629531 -0.0279241 0.530478
left
48
gcm: 0.513929 0.994376 -1.53245
H: 0.310429 -0.0411335 0.0375722
L: 0.0702713 -0.0674391 0.530997
left
49
gcm: 0.515138 0.993489 -1.52483
H: 0.202678 -0.231428 -1.1829
L: 0.0857808 -0.0629396 0.540579
left
50
gcm: 0.516354 0.992966 -1.51686
H: 2.23544 -0.561847 -2.09441
L: 0.0863967 -0.037146 0.566301
left
51
gcm: 0.517219 0.993287 -1.50882
H: 3.95559 -0.335571 -1.15389
L: 0.0613602 0.022803 0.570356
left
52
gcm: 0.51803 0.993642 -1.50083
H: 3.86492 -0.00507387 -0.325583
L: 0.0576005 0.0251752 0.567514
left
53
gcm: 0.519337 0.992118 -1.49264
H: 2.79799 -0.192849 -0.88314
L: 0.0927901 -0.108176 0.581296
left
54
gcm: 0.520376 0.990794 -1.48455
H: 2.84303 -0.349109 -1.21396
L: 0.0737484 -0.094044 0.574626
left
55
gcm: 0.521436 0.989309 -1.47654
H: 3.52094 -0.0753911 -1.2588
L: 0.0752936 -0.105413 0.569074
left
56
gcm: 0.522913 0.98786 -1.46826
H: 3.69263 -0.016196 -1.44613
L: 0.104841 -0.102913 0.587538
left
57
gcm: 0.524088 0.987544 -1.45969
H: 3.97799 0.0639044 -0.174877
L: 0.0834522 -0.022405 0.60878
left
58
gcm: 0.525276 0.988412 -1.45095
H: 4.42784 0.286138 0.524941
L: 0.0843114 0.0616294 0.62029
left
59
gcm: 0.526868 0.989457 -1.442
H: 5.43641 0.108368 -0.92818
L: 0.113099 0.0742168 0.63529
left
60
gcm: 0.528589 0.990167 -1.43293
H: 5.42723 -0.00235385 -1.5568
L: 0.122142 0.0503847 0.644337
left
61
gcm: 0.530225 0.990416 -1.42404
H: 4.29829 0.132867 -0.393283
L: 0.116208 0.0176375 0.631171
none 
62
gcm: 0.531839 0.990387 -1.41539
H: 3.91924 0.0192154 -0.0649297
L: 0.114556 -0.00205865 0.6138
none 
63
gcm: 0.533657 0.990279 -1.40669
H: 4.7257 -0.193141 -1.12324
L: 0.129064 -0.00765741 0.617606
none 
64
gcm: 0.535495 0.990383 -1.39772
H: 5.53778 -0.197491 -1.39182
L: 0.130502 0.00738068 0.636735
none 
65
gcm: 0.537109 0.990893 -1.38864
H: 4.53436 -0.123056 -0.705765
L: 0.114605 0.0362363 0.644785
none 
66
gcm: 0.53876 0.991335 -1.37957
H: 3.31031 -0.0984751 -0.59497
L: 0.117239 0.0313727 0.643881
none 
67
gcm: 0.540298 0.991868 -1.37055
H: 4.01675 0.110418 -0.433432
L: 0.109164 0.0378755 0.640774
none 
68
gcm: 0.541636 0.99298 -1.36152
H: 4.70816 0.187849 0.0573857
L: 0.0950285 0.0789087 0.641077
none 
69
gcm: 0.543299 0.994503 -1.35244
H: 4.07213 -0.0606976 -0.33638
L: 0.118031 0.108179 0.645029
none 
70
gcm: 0.545281 0.995469 -1.34214
H: 10.6192 -0.57056 -1.4868
L: 0.140718 0.0685453 0.731174
right
71
gcm: 0.547453 0.996365 -1.3324
H: 8.82269 -0.679306 -1.57382
L: 0.154274 0.0636133 0.691332
right
72
gcm: 0.549332 0.997099 -1.3232
H: 7.51025 -0.529422 -0.884551
L: 0.133356 0.0521131 0.652936
right
73
gcm: 0.550754 0.997723 -1.31438
H: 6.49796 -0.212017 0.163158
L: 0.100968 0.0442896 0.626254
right
74
gcm: 0.552532 0.998393 -1.30514
H: 7.58418 -0.439767 -0.934671
L: 0.126231 0.04757 0.656128
right
75
gcm: 0.554758 0.999565 -1.29573
H: 7.87218 -0.836747 -2.5922
L: 0.158106 0.0832682 0.668214
right
76
gcm: 0.556761 1.00109 -1.28703
H: 6.2549 -0.749625 -1.64663
L: 0.142161 0.108349 0.617623
right
77
gcm: 0.55832 1.00269 -1.27877
H: 5.52666 -0.428858 -0.106238
L: 0.110707 0.11315 0.58687
right
78
gcm: 0.559714 1.00366 -1.2704
H: 5.835 -0.380692 -0.0735638
L: 0.099003 0.0691521 0.593662
right
79
gcm: 0.561342 1.00437 -1.26189
H: 6.0245 -0.625091 -0.444253
L: 0.115583 0.0504206 0.604568
right
80
gcm: 0.562759 1.00592 -1.25339
H: 5.7797 -0.542463 0.611382
L: 0.100569 0.11038 0.603562
right
81
gcm: 0.563676 1.00757 -1.24496
H: 5.04561 -0.215414 1.37751
L: 0.0651387 0.117101 0.598737
right
82
gcm: 0.564833 1.00879 -1.23648
H: 4.20791 -0.240032 0.338481
L: 0.0821214 0.0860531 0.601914
right
83
gcm: 0.566171 1.00996 -1.22826
H: 4.08765 -0.479716 0.15048
L: 0.0949845 0.0836677 0.583509
right
84
gcm: 0.567145 1.01107 -1.2204
H: 3.37669 -0.371128 0.774456
L: 0.0692063 0.0784676 0.557871
right
85
gcm: 0.568117 1.01198 -1.21261
H: 1.74824 0.00409713 0.201297
L: 0.0689701 0.064665 0.553516
right
86
gcm: 0.569352 1.01288 -1.20494
H: 1.08118 0.00404287 -0.673801
L: 0.0877022 0.0640198 0.544214
right
87
gcm: 0.570736 1.01393 -1.1973
H: 1.05834 -0.0964183 -0.836299
L: 0.0982665 0.0742176 0.542182
right
88
gcm: 0.571944 1.01504 -1.18941
H: 0.703748 0.226533 -0.0987631
L: 0.0857336 0.0793762 0.560373
right
89
gcm: 0.572831 1.01613 -1.18137
H: -0.876087 0.566422 0.35747
L: 0.063017 0.077402 0.570811
right
90
gcm: 0.573672 1.01723 -1.17325
H: -1.80158 0.535582 0.506376
L: 0.0596993 0.0779539 0.576936
right
91
gcm: 0.57451 1.01826 -1.16546
H: -0.452092 0.194369 0.477699
L: 0.0594836 0.0727057 0.552598
right
92
gcm: 0.575372 1.01896 -1.15802
H: -0.361329 0.267889 -0.109518
L: 0.0611888 0.0497644 0.528672
right
93
gcm: 0.576301 1.01971 -1.1508
H: -1.9055 0.864498 -0.0562342
L: 0.0660109 0.0531901 0.512221
right
94
gcm: 0.577136 1.02033 -1.14359
H: -2.09464 0.674519 0.399973
L: 0.059239 0.0440042 0.512261
right
95
gcm: 0.577726 1.02061 -1.13584
H: -1.35929 0.846571 -0.0221784
L: 0.0419034 0.0202811 0.549856
right
96
gcm: 0.57818 1.02174 -1.12847
H: -0.820862 0.699637 -0.713845
L: 0.0322668 0.0799233 0.52361
right
97
gcm: 0.579007 1.02203 -1.12063
H: -4.1043 0.961918 1.43172
L: 0.058719 0.0208498 0.556742
right
98
gcm: 0.57981 1.02221 -1.11311
H: -2.74361 0.912267 0.670805
L: 0.0569681 0.0126855 0.533715
right
99
gcm: 0.580548 1.02236 -1.10561
H: -2.19286 0.787775 -1.11211
L: 0.0524431 0.010881 0.532765
right
100
gcm: 0.581333 1.02212 -1.09818
H: -3.54221 0.948783 -1.54382
L: 0.0557208 -0.017628 0.527014
right
101
gcm: 0.58211 1.02112 -1.0906
H: -3.09318 1.14915 -0.248875
L: 0.0551381 -0.0708209 0.538169
right
102
gcm: 0.582892 1.02064 -1.08309
H: -2.80726 1.18938 0.335846
L: 0.055518 -0.0339413 0.533363
right
103
gcm: 0.5834 1.01994 -1.07586
H: -3.25541 1.27097 -0.0363929
L: 0.0360532 -0.0499752 0.513175
right
104
gcm: 0.583651 1.01941 -1.06835
H: -2.65031 1.3066 0.461089
L: 0.0178258 -0.0371893 0.5334
right
105
gcm: 0.584115 1.01889 -1.06061
H: -2.451 0.764975 0.3171
L: 0.0329995 -0.037317 0.549561
right
106
gcm: 0.584664 1.01812 -1.05291
H: -2.98963 0.800923 -0.0821795
L: 0.0389782 -0.0541044 0.546682
right
107
gcm: 0.58509 1.01725 -1.04562
H: -3.15202 0.873066 -0.037015
L: 0.0301947 -0.062109 0.517804
right
108
gcm: 0.585425 1.01624 -1.03867
H: -2.82449 0.928124 -0.440763
L: 0.0238319 -0.0718723 0.493046
right
109
gcm: 0.585871 1.01544 -1.03118
H: -3.05839 0.904593 -0.301779
L: 0.0316779 -0.0562735 0.532399
right
110
gcm: 0.586542 1.01477 -1.02314
H: -4.21083 0.971576 0.141748
L: 0.0475757 -0.0480844 0.570874
right
111
gcm: 0.586916 1.01404 -1.0151
H: -4.01305 1.12466 -0.0765421
L: 0.0265676 -0.0514781 0.57055
right
112
gcm: 0.586979 1.01363 -1.00751
H: -3.32834 1.07891 0.219859
L: 0.0044604 -0.029453 0.538661
right
113
gcm: 0.58741 1.01333 -1.00018
H: -4.75141 1.03121 0.559532
L: 0.0306396 -0.0208133 0.520858
right
114
gcm: 0.587895 1.01305 -0.992613
H: -5.34794 1.1986 -0.0697915
L: 0.0344327 -0.0202797 0.537004
right
115
gcm: 0.588102 1.01311 -0.985215
H: -4.81741 1.28073 -0.108879
L: 0.0147122 0.00441972 0.525236
right
116
gcm: 0.58857 1.01326 -0.977799
H: -4.80462 1.03912 -0.524048
L: 0.0331994 0.0107263 0.526579
right
117
gcm: 0.589052 1.01339 -0.970244
H: -6.50228 0.953381 -1.02916
L: 0.034242 0.00923578 0.536397
right
118
gcm: 0.589071 1.01345 -0.962658
H: -4.74474 1.19442 0.976325
L: 0.00132236 0.00396736 0.538614
right
119
gcm: 0.589321 1.01309 -0.954352
H: -6.64694 1.43286 1.72696
L: 0.0177481 -0.0250972 0.589713
right
120
gcm: 0.589915 1.01273 -0.946959
H: -5.95679 0.924986 -0.241961
L: 0.0421907 -0.0257871 0.524891
right
121
gcm: 0.590322 1.01268 -0.940268
H: -5.72558 0.829163 -1.94909
L: 0.0289029 -0.0039526 0.47509
right
122
gcm: 0.590371 1.01309 -0.932271
H: -7.02044 1.44538 0.624464
L: 0.00350761 0.0294135 0.567774
right
123
gcm: 0.590239 1.01345 -0.924619
H: -5.7384 1.31148 1.57935
L: -0.00938681 0.0254443 0.543274
right
124
gcm: 0.590508 1.01333 -0.917367
H: -5.85014 0.792243 -0.0379872
L: 0.0190757 -0.00844422 0.514882
right
125
gcm: 0.590793 1.01336 -0.910501
H: -5.48655 0.796867 -1.39507
L: 0.020266 0.00210839 0.487485
right
126
gcm: 0.590718 1.01349 -0.903731
H: -6.42033 1.0298 -0.561383
L: -0.00536349 0.009514 0.480688
right
127
gcm: 0.590466 1.01383 -0.897059
H: -8.50155 0.76963 -0.242008
L: -0.0178591 0.0241016 0.473736
right
128
gcm: 0.590291 1.01443 -0.889772
H: -6.04801 0.610138 -0.512724
L: -0.0124181 0.042406 0.51734
right
129
gcm: 0.590108 1.01471 -0.881939
H: -3.13904 0.673335 -0.113405
L: -0.0130204 0.0196467 0.556156
right
130
gcm: 0.589825 1.01454 -0.874375
H: -4.27579 0.349844 -0.444874
L: -0.0200866 -0.01205 0.53706
right
131
gcm: 0.589551 1.0141 -0.86663
H: -3.13978 0.195443 -1.54713
L: -0.0194704 -0.0308942 0.549877
right
132
gcm: 0.589635 1.01378 -0.858735
H: -2.3812 0.143551 -2.47644
L: 0.00600148 -0.0229857 0.560511
right
133
gcm: 0.590259 1.01317 -0.850518
H: -3.28786 0.0531194 -2.51691
L: 0.0442721 -0.0433109 0.583431
right
134
gcm: 0.590312 1.0124 -0.842286
H: -2.73167 0.199032 -1.45308
L: 0.00377676 -0.0543317 0.584454
right
135
gcm: 0.589419 1.01211 -0.834817
H: -2.90771 0.0647177 -0.912367
L: -0.0634407 -0.020614 0.530342
right
136
gcm: 0.588658 1.0113 -0.827208
H: -2.86986 -0.0045983 -0.513618
L: -0.0539758 -0.057615 0.540222
right
137
gcm: 0.588203 1.00959 -0.818915
H: -0.83372 0.415028 0.812009
L: -0.0323082 -0.121512 0.588782
right
138
gcm: 0.587507 1.00859 -0.810737
H: 0.804559 0.268596 1.16492
L: -0.0494663 -0.0710497 0.580641
right
139
gcm: 0.586475 1.00817 -0.802647
H: 1.25995 0.101274 0.707415
L: -0.0732468 -0.0294643 0.574404
right
140
gcm: 0.585784 1.00702 -0.794194
H: 2.27071 0.509241 0.232957
L: -0.0490668 -0.0821734 0.600179
right
141
gcm: 0.585287 1.00557 -0.78578
H: 2.49949 0.353067 0.397705
L: -0.0352722 -0.102414 0.597376
right
142
gcm: 0.584445 1.00465 -0.777479
H: 2.01175 0.16335 1.23506
L: -0.0598238 -0.065598 0.589407
right
143
gcm: 0.583654 1.00422 -0.768657
H: 3.58124 0.393807 1.27832
L: -0.0561143 -0.0306801 0.626318
right
144
gcm: 0.582934 1.00353 -0.759744
H: 4.61215 0.25325 0.808635
L: -0.051129 -0.0485089 0.632858
right
145
gcm: 0.581991 1.00247 -0.750835
H: 4.59446 0.188236 1.3073
L: -0.0669289 -0.0755833 0.632492
right
146
gcm: 0.58081 1.00247 -0.74177
H: 4.06956 0.273449 2.2417
L: -0.0839108 0.000157004 0.64361
right
147
gcm: 0.579581 1.00312 -0.732838
H: 3.80495 0.0742314 1.64126
L: -0.0871931 0.0462757 0.634208
right
148
gcm: 0.578287 1.00298 -0.723685
H: 5.62118 0.127545 1.01272
L: -0.0918771 -0.0105389 0.649821
right
149
gcm: 0.576574 1.00279 -0.714673
H: 6.43287 0.279025 1.73549
L: -0.121629 -0.0129555 0.639857
none 
150
gcm: 0.574546 1.00259 -0.706113
H: 4.57579 0.178317 2.27663
L: -0.143995 -0.0141681 0.607796
none 
151
gcm: 0.572968 1.00217 -0.697079
H: 4.68407 0.0199832 1.61836
L: -0.112028 -0.0302512 0.641425
none 
152
gcm: 0.571915 1.0024 -0.687584
H: 5.744 -0.0436606 0.623863
L: -0.074782 0.0167287 0.67415
none 
153
gcm: 0.570456 1.0031 -0.678402
H: 4.523 0.130974 0.927466
L: -0.103577 0.0491948 0.651882
none 
154
gcm: 0.568498 1.00333 -0.669395
H: 4.22993 0.318481 1.71476
L: -0.139007 0.0167321 0.639531
none 
155
gcm: 0.566855 1.00334 -0.660285
H: 4.75062 0.137983 1.14199
L: -0.116719 0.000593972 0.646784
none 
156
gcm: 0.565542 1.00399 -0.651078
H: 4.43334 -0.0550393 -0.0919711
L: -0.0931816 0.0463041 0.653682
none 
157
gcm: 0.563977 1.00553 -0.642083
H: 4.13326 -0.0320726 -0.117999
L: -0.111111 0.108865 0.638693
none 
158
gcm: 0.562384 1.00723 -0.633611
H: 3.57802 -0.147536 -0.0043618
L: -0.113116 0.121264 0.601454
none 
159
gcm: 0.560656 1.0083 -0.62525
H: 3.41033 0.094386 -0.0130835
L: -0.122687 0.0755608 0.593695
none 
160
gcm: 0.558663 1.0092 -0.61656
H: 4.37656 0.51646 0.498475
L: -0.141515 0.0639459 0.616937
none 
161
gcm: 0.557262 1.00976 -0.606711
H: 10.3367 0.626767 0.841807
L: -0.0994778 0.0395669 0.699317
none 
162
gcm: 0.555864 1.01051 -0.596811
H: 10.3481 0.719478 1.75644
L: -0.0992435 0.0533281 0.702903
left
163
gcm: 0.554268 1.01178 -0.587272
H: 7.82599 0.782208 1.99909
L: -0.113346 0.0903735 0.677226
left
164
gcm: 0.5529 1.01299 -0.57791
H: 9.12981 0.790573 0.431947
L: -0.097083 0.0856454 0.66473
left
165
gcm: 0.551495 1.0141 -0.569192
H: 9.14781 0.876258 -0.155731
L: -0.0997462 0.0788202 0.618992
left
166
gcm: 0.549955 1.0156 -0.560492
H: 6.70515 0.959998 0.914052
L: -0.109338 0.106718 0.617689
left
167
gcm: 0.54833 1.01742 -0.551641
H: 5.3172 1.03767 1.29464
L: -0.115414 0.129598 0.628394
left
168
gcm: 0.546943 1.01887 -0.542868
H: 4.04588 0.413483 1.59807
L: -0.0984311 0.102766 0.622933
left
169
gcm: 0.545998 1.01998 -0.534356
H: 5.53585 0.358704 0.517285
L: -0.0671252 0.0784471 0.604322
left
170
gcm: 0.545152 1.02162 -0.526071
H: 4.97223 0.609735 -0.866575
L: -0.0600685 0.116403 0.588262
left
171
gcm: 0.544048 1.02312 -0.517724
H: 4.07487 0.394477 -0.502785
L: -0.0783581 0.106476 0.592594
left
172
gcm: 0.543014 1.02398 -0.509478
H: -5.06593 -1.59173 2.48959
L: -0.0734171 0.0612849 0.5855
left
173
gcm: 0.542366 1.02517 -0.501422
H: 8.67854 1.2179 -2.53099
L: -0.0460045 0.0842347 0.571933
left
174
gcm: 0.541665 1.02678 -0.493314
H: -2.40308 -0.866727 1.10341
L: -0.049787 0.114661 0.575725
left
175
gcm: 0.540713 1.02868 -0.485147
H: 0.964146 -0.0758083 0.54598
L: -0.0676262 0.13516 0.579804
left
176
gcm: 0.540335 1.03017 -0.476957
H: -1.24513 -0.772274 0.260023
L: -0.0268245 0.105686 0.581499
left
177
gcm: 0.540138 1.03061 -0.468933
H: 1.62128 0.000727353 -0.882329
L: -0.0139498 0.0310642 0.569698
left
178
gcm: 0.539569 1.03109 -0.460934
H: -2.75425 -1.07137 0.615324
L: -0.0404225 0.0339502 0.56797
left
179
gcm: 0.538933 1.03195 -0.453162
H: -1.43812 -1.05106 -0.138303
L: -0.0451827 0.060911 0.551772
left
180
gcm: 0.538213 1.03274 -0.445408
H: 0.786166 -0.388942 -0.0884745
L: -0.0511113 0.0564323 0.550522
left
181
gcm: 0.537424 1.03333 -0.437715
H: 0.688491 -0.242302 0.769077
L: -0.0560247 0.0416959 0.546205
left
182
gcm: 0.536645 1.03338 -0.430087
H: -3.1874 -1.14313 1.86934
L: -0.0552846 0.0034917 0.541586
left
183
gcm: 0.536259 1.03332 -0.422401
H: 1.74265 -0.38062 -1.1837
L: -0.0274104 -0.00394697 0.545755
left
184
gcm: 0.536293 1.03359 -0.414605
H: -2.27435 -1.40465 -0.401796
L: 0.00241011 0.0191661 0.55348
left
185
gcm: 0.536165 1.03352 -0.406721
H: 1.56477 -0.632205 -1.47583
L: -0.00908487 -0.00507842 0.559782
left
186
gcm: 0.535868 1.03316 -0.398721
H: -1.95184 -0.909073 -0.341936
L: -0.0211109 -0.025847 0.567966
left
187
gcm: 0.535709 1.03304 -0.391019
H: -4.63815 -1.41894 0.196317
L: -0.0112323 -0.00849054 0.546897
left
188
gcm: 0.535479 1.0329 -0.383443
H: -3.02096 -1.32434 0.344026
L: -0.0163679 -0.00952375 0.537865
left
189
gcm: 0.534966 1.03242 -0.37584
H: -2.21155 -1.10493 0.379107
L: -0.0364425 -0.0344306 0.539798
left
190
gcm: 0.534738 1.03145 -0.368395
H: -2.92348 -1.34946 -0.619853
L: -0.0161467 -0.068694 0.528654
left
191
gcm: 0.535175 1.03025 -0.360607
H: -2.36657 -1.51535 -1.68895
L: 0.0310202 -0.0849843 0.552888
left
192
gcm: 0.535617 1.02919 -0.352535
H: -1.94907 -1.2469 -1.01338
L: 0.0313532 -0.0754551 0.573147
left
193
gcm: 0.535592 1.02874 -0.344765
H: -1.98511 -0.829985 -0.278398
L: -0.00172671 -0.0322548 0.55164
left
194
gcm: 0.535477 1.02878 -0.337013
H: -1.97261 -0.644901 -0.688167
L: -0.00818799 0.00301894 0.55039
left
195
gcm: 0.535492 1.02818 -0.329098
H: -3.604 -1.25021 0.170712
L: 0.00103543 -0.042724 0.561983
left
196
gcm: 0.535555 1.0277 -0.321327
H: -2.91795 -1.57556 -0.253909
L: 0.004505 -0.0336126 0.551742
left
197
gcm: 0.535684 1.02744 -0.313822
H: -4.02164 -1.53322 -0.685068
L: 0.00917294 -0.0186492 0.532835
left
198
gcm: 0.535892 1.0272 -0.306261
H: -6.60312 -1.52938 0.205406
L: 0.0147788 -0.0169131 0.536888
left
199
gcm: 0.536098 1.02871 -0.298428
H: -5.27328 -1.55298 -0.123592
L: 0.0146147 0.10725 0.556088
left
200
gcm: 0.536249 1.03017 -0.290586
H: -2.92159 -1.3232 -0.760953
L: 0.0107104 0.103157 0.556793
left
201
gcm: 0.536519 1.03005 -0.282745
H: -3.28847 -1.2471 -0.64314
L: 0.0191455 -0.00843923 0.556751
left
202
gcm: 0.536926 1.02986 -0.274988
H: -5.53651 -1.4625 -0.0405105
L: 0.0289446 -0.0134363 0.550689
left
203
gcm: 0.537038 1.02946 -0.267437
H: -7.07549 -1.34421 1.09369
L: 0.00792676 -0.0283837 0.536119
left
204
gcm: 0.537368 1.02932 -0.259914
H: -6.22026 -1.35043 -0.021756
L: 0.023454 -0.0097179 0.534153
left
205
gcm: 0.538037 1.02986 -0.252432
H: -5.16741 -1.54665 -1.21759
L: 0.0474589 0.0379351 0.531237
left
206
gcm: 0.538239 1.03008 -0.244727
H: -5.32823 -1.48903 0.0572076
L: 0.0143256 0.0159824 0.547049
left
207
gcm: 0.538407 1.02976 -0.236764
H: -5.49825 -1.35029 -0.168013
L: 0.0119586 -0.0225268 0.565364
left
208
gcm: 0.539 1.02935 -0.229054
H: -5.35373 -1.35769 -0.523986
L: 0.0421152 -0.0293882 0.547454
left
209
gcm: 0.539687 1.0293 -0.221452
H: -5.09252 -1.37128 0.174449
L: 0.0487406 -0.00330198 0.539681
left
210
gcm: 0.540084 1.02988 -0.213698
H: -5.08242 -1.20754 -0.0719926
L: 0.0282019 0.0411483 0.550563
left
211
gcm: 0.540361 1.03046 -0.205762
H: -5.77212 -1.09677 0.221349
L: 0.0196721 0.041296 0.563465
left
212
gcm: 0.540919 1.02973 -0.198205
H: -4.25714 -1.20162 -0.0433468
L: 0.0396047 -0.0520791 0.536571
left
213
gcm: 0.541576 1.02841 -0.190673
H: -3.45346 -1.20141 -0.070606
L: 0.0466865 -0.0940871 0.534705
left
214
gcm: 0.542262 1.02789 -0.182805
H: -4.95686 -1.16618 0.19731
L: 0.0486835 -0.0363171 0.558637
left
215
gcm: 0.543111 1.02789 -0.1749
H: -5.79407 -1.17997 -0.483972
L: 0.0602868 -0.000412448 0.561252
left
216
gcm: 0.543919 1.02773 -0.167192
H: -4.17893 -1.04178 -1.01757
L: 0.057384 -0.0112917 0.547282
left
217
gcm: 0.544879 1.02716 -0.159634
H: -2.93109 -1.01569 -0.554708
L: 0.0681101 -0.0406179 0.536622
left
218
gcm: 0.546109 1.02662 -0.151848
H: -3.41715 -1.10577 -0.653218
L: 0.0873242 -0.0380637 0.552822
left
219
gcm: 0.546933 1.02617 -0.143427
H: -3.62994 -0.419136 1.04931
L: 0.0585125 -0.0322143 0.597901
left
220
gcm: 0.547976 1.02592 -0.135615
H: -3.80264 -0.263902 0.749372
L: 0.0740765 -0.0175483 0.554663
left
221
gcm: 0.548629 1.0249 -0.128391
H: -2.33488 -0.340616 1.24526
L: 0.0463656 -0.0725372 0.512907
left
222
gcm: 0.549567 1.02406 -0.120808
H: -2.28672 -0.511729 -0.870004
L: 0.0665653 -0.0596304 0.538392
left
223
gcm: 0.550672 1.02462 -0.113174
H: -1.9938 -0.455975 -1.23396
L: 0.0784933 0.0396501 0.541974
left
224
gcm: 0.551575 1.02472 -0.105175
H: -0.144053 -0.109131 0.91966
L: 0.0641083 0.0075948 0.567942
left
225
gcm: 0.55288 1.02363 -0.0969326
H: -0.79435 -0.0652572 0.325161
L: 0.0926767 -0.0773204 0.58521
left
226
gcm: 0.554382 1.02316 -0.0887986
H: -2.24604 -0.156009 -0.962457
L: 0.10663 -0.0337037 0.577515
left
227
gcm: 0.555422 1.02259 -0.0802921
H: 1.14436 -0.202415 -0.561842
L: 0.0738356 -0.0402474 0.603961
left
228
gcm: 0.556781 1.02194 -0.0716673
H: 1.76063 -0.266032 -0.866657
L: 0.0964487 -0.0464307 0.61236
left
229
gcm: 0.558689 1.0217 -0.0630257
H: 0.88506 -0.137847 -1.27305
L: 0.135522 -0.0169034 0.613554
left
230
gcm: 0.560127 1.02131 -0.054665
H: 1.08801 0.10241 0.0365554
L: 0.102048 -0.0276081 0.59361
left
231
gcm: 0.561386 1.02083 -0.0461348
H: 2.56542 0.141693 -0.0799941
L: 0.0894052 -0.0344708 0.605646
left
232
gcm: 0.563147 1.02018 -0.0370526
H: 3.28335 -0.0451675 -1.06923
L: 0.125018 -0.0460467 0.644831
left
233
gcm: 0.564999 1.01912 -0.027663
H: 4.15159 -0.031328 -1.09718
L: 0.131514 -0.0754002 0.666664
left
234
gcm: 0.566758 1.01863 -0.0184673
H: 5.69863 -0.00815466 -1.46635
L: 0.124892 -0.0347406 0.652892
left
235
gcm: 0.568624 1.01945 -0.00949296
H: 5.54943 0.0788537 -0.981186
L: 0.132496 0.0582198 0.637182
left
236
gcm: 0.570708 1.02024 -0.00027597
H: 4.70468 -0.117261 -0.390754
L: 0.14793 0.0562008 0.654406
left
237
gcm: 0.572771 1.02048 0.00920327
H: 4.59092 0.0358333 -0.880093
L: 0.146498 0.0173571 0.673026
left
238
gcm: 0.575039 1.02113 0.0189373
H: 5.08052 0.214303 -1.3527
L: 0.161045 0.0461478 0.691118
none 
239
gcm: 0.577996 1.02236 0.0288345
H: 5.51823 -0.0562608 -1.51064
L: 0.2099 0.0874232 0.702697
none 
240
gcm: 0.580789 1.02355 0.0383891
H: 4.53026 -0.496769 -0.927579
L: 0.198302 0.0839184 0.678377
none 
241
gcm: 0.582895 1.02434 0.0481057
H: 4.44364 -0.507704 -0.128906
L: 0.149556 0.0562777 0.68988
none 
242
gcm: 0.584317 1.02375 0.0563342
H: 8.22769 -0.575773 0.733819
L: 0.100945 -0.0414696 0.584223
left
243
gcm: 0.586207 1.02367 0.0651547
H: 7.78912 -0.396446 0.275396
L: 0.134186 -0.00588244 0.626254
right
244
gcm: 0.588892 1.0245 0.0757243
H: 8.27125 -0.428035 -1.63418
L: 0.190681 0.0585569 0.750441
right
245
gcm: 0.591073 1.02589 0.085021
H: 6.57001 -0.41054 0.60114
L: 0.154859 0.099162 0.660067
right
246
gcm: 0.593256 1.02688 0.0938061
H: 6.06869 -0.419971 0.535037
L: 0.15496 0.0700929 0.623744
right
247
gcm: 0.595476 1.02737 0.102738
H: 6.82197 -0.580883 -0.347362
L: 0.157586 0.0349706 0.634169
right
248
gcm: 0.597654 1.02836 0.111963
H: 7.43219 -0.601309 -0.580818
L: 0.154699 0.0701247 0.654995
right
249
gcm: 0.599962 1.03013 0.121238
H: 6.32267 -0.454275 -1.13837
L: 0.163851 0.125347 0.658534
right
250
gcm: 0.60231 1.03182 0.130337
H: 5.41887 -0.840587 -0.435715
L: 0.166715 0.120584 0.646014
right
251
gcm: 0.604637 1.03355 0.139374
H: 5.18062 -0.92684 -0.0250229
L: 0.165174 0.122258 0.641607
right
252
gcm: 0.606892 1.03564 0.148058
H: 4.5978 -0.674993 -0.984945
L: 0.160133 0.148485 0.616537
right
253
gcm: 0.608937 1.03752 0.156512
H: 4.35537 -0.545609 -0.498131
L: 0.145165 0.133288 0.60024
right
254
gcm: 0.610915 1.03878 0.164937
H: 4.21809 -0.487101 0.117306
L: 0.140475 0.089926 0.598229
right
255
gcm: 0.612792 1.03989 0.173098
H: 3.06637 -0.245786 -0.375477
L: 0.133226 0.0785042 0.579389
right
256
gcm: 0.614469 1.04163 0.181333
H: 2.83 -0.629389 -0.0412038
L: 0.119099 0.124049 0.584711
right
257
gcm: 0.616172 1.04364 0.189787
H: 2.8437 -0.400367 0.542534
L: 0.120898 0.142197 0.600247
right
258
gcm: 0.617768 1.0448 0.197784
H: 0.948778 0.307036 0.956615
L: 0.113303 0.0822141 0.567761
right
259
gcm: 0.619154 1.0451 0.2055
H: 0.253573 0.612101 0.898439
L: 0.0984625 0.0219432 0.547863
right
260
gcm: 0.620587 1.046 0.213668
H: 1.27113 0.347744 0.226762
L: 0.101705 0.0633704 0.579907
right
261
gcm: 0.621982 1.04763 0.222363
H: 1.72803 0.192846 0.251884
L: 0.0990764 0.11603 0.617341
right
262
gcm: 0.623064 1.0486 0.230737
H: 0.69614 0.427191 1.24531
L: 0.0767767 0.0687141 0.594551
right
263
gcm: 0.624069 1.04923 0.238447
H: -1.67132 0.772782 0.900379
L: 0.0713629 0.0444437 0.547378
right
264
gcm: 0.625296 1.05023 0.24618
H: -0.927773 0.482351 -0.207696
L: 0.0871173 0.0711355 0.549066
right
265
gcm: 0.626652 1.05158 0.254029
H: -1.45504 0.57299 -0.505614
L: 0.0962557 0.0960682 0.557302
right
266
gcm: 0.628038 1.05256 0.262098
H: -1.39913 0.593357 -0.371877
L: 0.0984435 0.069747 0.572855
right
267
gcm: 0.629301 1.05242 0.270245
H: -0.832442 0.676539 -0.267537
L: 0.0896855 -0.00978907 0.578489
right
268
gcm: 0.630645 1.05188 0.278277
H: -2.16034 0.988222 -0.504606
L: 0.0954023 -0.0386777 0.570224
right
269
gcm: 0.631788 1.05186 0.286137
H: -1.99833 1.09743 0.126388
L: 0.0811682 -0.00157877 0.558111
right
270
gcm: 0.632695 1.05213 0.293987
H: -0.721528 0.937114 0.945495
L: 0.0644078 0.0191985 0.557295
right
271
gcm: 0.633913 1.05197 0.301868
H: -1.38232 0.74741 -0.489952
L: 0.0864383 -0.0111175 0.559558
right
272
gcm: 0.635159 1.05133 0.309542
H: -2.81792 0.826367 -1.47912
L: 0.0884814 -0.045627 0.544872
right
273
gcm: 0.636253 1.05077 0.317121
H: -3.38614 1.04927 -0.567269
L: 0.0777137 -0.0395963 0.538147
right
274
gcm: 0.6376 1.05019 0.324936
H: -2.73485 0.77972 -1.22222
L: 0.09561 -0.0415527 0.554847
right
275
gcm: 0.638651 1.04921 0.333173
H: -2.27233 0.847747 0.170182
L: 0.0745906 -0.0689914 0.584845
right
276
gcm: 0.639939 1.04793 0.341089
H: -2.82552 0.805355 -0.68428
L: 0.0914705 -0.0914216 0.561986
right
277
gcm: 0.640308 1.04677 0.34906
H: -1.87719 1.38613 1.59998
L: 0.0262115 -0.0821854 0.565939
right
278
gcm: 0.640862 1.04551 0.356935
H: -1.97233 1.25944 0.213609
L: 0.0393206 -0.0893692 0.559169
right
279
gcm: 0.641692 1.04484 0.364844
H: -3.54783 1.18662 0.0272077
L: 0.0589367 -0.0478377 0.561515
right
280
gcm: 0.642496 1.04447 0.372748
H: -3.90061 1.02754 0.549285
L: 0.0570857 -0.0263285 0.561214
right
281
gcm: 0.643244 1.04355 0.380647
H: -3.17566 0.989969 -0.0707825
L: 0.0531279 -0.0647214 0.560768
right
282
gcm: 0.64437 1.04243 0.388305
H: -3.71737 0.828073 -1.94176
L: 0.0799133 -0.0795227 0.543728
right
283
gcm: 0.644567 1.04197 0.396339
H: -3.6142 1.28842 1.74515
L: 0.0140218 -0.0329299 0.57044
right
284
gcm: 0.645323 1.04147 0.404266
H: -4.31515 0.931211 -0.234762
L: 0.0536475 -0.0357829 0.562816
right
285
gcm: 0.645976 1.04153 0.412113
H: -4.85516 1.03553 -0.214421
L: 0.04633 0.00459035 0.55711
right
286
gcm: 0.646314 1.04178 0.419905
H: -4.80701 1.12693 0.659706
L: 0.0240295 0.0175277 0.553266
right
287
gcm: 0.646868 1.04168 0.427947
H: -4.17673 0.913909 -0.450251
L: 0.0393578 -0.00710901 0.570957
right
288
gcm: 0.647964 1.04225 0.435913
H: -4.09462 0.595517 -1.88457
L: 0.0777799 0.0403491 0.565598
right
289
gcm: 0.648024 1.04299 0.443668
H: -5.39279 1.20919 0.977673
L: 0.00424426 0.0529205 0.550616
right
290
gcm: 0.648303 1.04314 0.451421
H: -5.75863 1.18525 0.245043
L: 0.0198219 0.0108674 0.550426
right
291
gcm: 0.648841 1.04355 0.459345
H: -5.92428 1.15381 0.180731
L: 0.0382326 0.0290347 0.562664
right
292
gcm: 0.649408 1.04358 0.467332
H: -5.94035 1.14094 0.360207
L: 0.0402164 0.00178605 0.567062
right
293
gcm: 0.649848 1.04401 0.475324
H: -5.10107 1.00235 0.0354439
L: 0.0312832 0.0306019 0.567397
right
294
gcm: 0.649756 1.04488 0.483483
H: -4.44215 1.08478 0.630133
L: -0.00657711 0.0614984 0.579304
right
295
gcm: 0.650699 1.04495 0.491338
H: -5.38241 0.686026 -2.00255
L: 0.0670062 0.00546493 0.557701
right
296
gcm: 0.649765 1.04492 0.496926
H: -8.59401 1.43862 2.31577
L: -0.0663349 -0.00232419 0.396757
right
297
gcm: 0.652233 1.04558 0.50622
H: -4.21276 0.196878 -4.76937
L: 0.175251 0.0468667 0.659897
right
298
gcm: 0.65196 1.04661 0.513809
H: -5.63482 0.929708 0.39459
L: -0.0194389 0.0733992 0.538781
right
299
gcm: 0.65217 1.04697 0.520555
H: -9.8607 0.42547 -1.87308
L: 0.0149296 0.0254602 0.47899
right
300
gcm: 0.652498 1.04684 0.528202
H: -6.79699 0.0929899 -1.81608
L: 0.0232745 -0.00926806 0.542954
right
301
gcm: 0.653063 1.04685 0.537217
H: -1.35972 0.25989 -0.978477
L: 0.0401605 0.000591904 0.640021
right
302
gcm: 0.65366 1.04658 0.545833
H: -1.55733 0.48532 -1.36162
L: 0.0423511 -0.019075 0.611779
right
303
gcm: 0.653718 1.04614 0.553407
H: -3.4819 0.2702 -2.12687
L: 0.00414831 -0.0310658 0.537704
right
304
gcm: 0.653584 1.04583 0.561241
H: -5.42695 -0.381464 -3.21593
L: -0.00955948 -0.0219592 0.55623
right
305
gcm: 0.653538 1.04531 0.569218
H: -4.43494 0.260447 -1.28507
L: -0.00321313 -0.0373931 0.566338
right
306
gcm: 0.65334 1.04468 0.577442
H: -2.29174 0.345803 0.0368393
L: -0.0140581 -0.044818 0.583948
right
307
gcm: 0.652995 1.0439 0.585834
H: -1.07168 0.347567 0.403113
L: -0.0245594 -0.0554784 0.595846
right
308
gcm: 0.653247 1.04262 0.594158
H: 0.720895 0.2759 -0.851521
L: 0.017933 -0.0903841 0.591006
right
309
gcm: 0.653296 1.04119 0.602286
H: 1.75345 0.655514 0.0171821
L: 0.0034421 -0.101384 0.577082
right
310
gcm: 0.652653 1.04056 0.610597
H: -1.30909 0.259339 0.541187
L: -0.0456471 -0.0453406 0.590035
right
311
gcm: 0.651985 1.03957 0.619483
H: 2.71071 1.0663 2.82414
L: -0.0473933 -0.0699538 0.630936
right
312
gcm: 0.651562 1.03806 0.628755
H: 3.40638 0.898816 2.51344
L: -0.030045 -0.106914 0.658293
right
313
gcm: 0.651355 1.03652 0.637665
H: 2.33933 0.0948983 0.71028
L: -0.0146661 -0.109402 0.632654
right
314
gcm: 0.650987 1.03513 0.646191
H: 1.20545 0.175591 0.485228
L: -0.0261327 -0.0988676 0.605288
right
315
gcm: 0.650139 1.03391 0.655108
H: 2.0814 0.368352 1.81961
L: -0.0602618 -0.0868224 0.633148
right
316
gcm: 0.649467 1.03298 0.664375
H: 2.95936 0.283033 1.48173
L: -0.047696 -0.0659829 0.657918
right
317
gcm: 0.649359 1.03156 0.673482
H: 3.66807 0.192499 0.257694
L: -0.00763298 -0.100674 0.64663
right
318
gcm: 0.649051 1.02958 0.682504
H: 4.51647 0.277537 0.6654
L: -0.021913 -0.140812 0.640561
right
319
gcm: 0.648468 1.02825 0.69186
H: 4.5277 0.303891 1.41194
L: -0.0413389 -0.0944432 0.664287
right
320
gcm: 0.647754 1.02726 0.701418
H: 4.92397 0.295723 1.33482
L: -0.0507339 -0.0699331 0.678578
right
321
gcm: 0.646709 1.02627 0.710971
H: 5.60936 -0.378992 2.19436
L: -0.0742121 -0.0705613 0.678306
right
322
gcm: 0.645963 1.02563 0.721193
H: 5.70521 0.452983 1.63103
L: -0.0529446 -0.0453236 0.725763
right
323
gcm: 0.645342 1.02564 0.731565
H: 6.12312 0.745685 0.575705
L: -0.0441119 0.000771085 0.73641
right
324
gcm: 0.644176 1.02601 0.741518
H: 5.51742 -0.0585024 1.15048
L: -0.0827821 0.0260836 0.706608
right
325
gcm: 0.642659 1.02601 0.751441
H: 5.50031 -0.066731 1.69794
L: -0.10767 0.000204774 0.70455
none 
326
gcm: 0.641276 1.02571 0.761149
H: 6.27081 0.0383049 1.43912
L: -0.0982287 -0.02171 0.689299
none 
327
gcm: 0.640255 1.02541 0.771062
H: 5.42182 0.197269 0.408951
L: -0.072474 -0.0208543 0.703823
none 
328
gcm: 0.639085 1.02529 0.781159
H: 3.94587 0.580084 0.749032
L: -0.083049 -0.00846856 0.716854
none 
329
gcm: 0.63796 1.02537 0.790887
H: 4.45493 0.283191 1.02595
L: -0.0799074 0.00573345 0.690737
none 
330
gcm: 0.63706 1.02582 0.800482
H: 7.45903 0.678817 0.116293
L: -0.0638643 0.0318618 0.681228
none 
331
gcm: 0.63575 1.02615 0.809407
H: 6.61316 -0.163821 0.583409
L: -0.0930511 0.0231172 0.633634
none 
332
gcm: 0.634347 1.02632 0.818935
H: 4.01015 0.00674958 0.247489
L: -0.0995847 0.0125414 0.676498
none 
333
gcm: 0.633306 1.02694 0.828574
H: 4.48425 0.334152 -1.5211
L: -0.0739205 0.0439439 0.68438
none 
334
gcm: 0.632755 1.02671 0.839333
H: 14.3948 0.917295 -0.241646
L: -0.0391397 -0.016432 0.763898
left
335
gcm: 0.631919 1.02736 0.849864
H: 9.99566 0.504195 0.49478
L: -0.0593703 0.0461189 0.747712
left
336
gcm: 0.630928 1.02907 0.860139
H: 7.71721 0.344818 0.893772
L: -0.0703076 0.121082 0.729495
left
337
gcm: 0.629873 1.0305 0.869802
H: 7.58127 0.632517 1.00901
L: -0.0749115 0.101671 0.686096
left
338
gcm: 0.628966 1.03152 0.878907
H: 7.24269 0.836438 0.857854
L: -0.0643741 0.0724436 0.646478
left
339
gcm: 0.628148 1.0326 0.888203
H: 5.38861 0.68597 0.92828
L: -0.0581439 0.0767879 0.660008
left
340
gcm: 0.627177 1.03444 0.897845
H: 4.52299 0.653923 1.002
L: -0.0689218 0.130404 0.684539
left
341
gcm: 0.626062 1.03674 0.907405
H: 5.80535 0.9254 1.03173
L: -0.0791753 0.163204 0.678767
left
342
gcm: 0.624849 1.03803 0.91592
H: 5.26 1.33598 1.10631
L: -0.0860794 0.092128 0.60461
left
343
gcm: 0.623902 1.03817 0.923447
H: 3.98239 1.1058 0.108886
L: -0.067272 0.00938473 0.534377
left
344
gcm: 0.623745 1.03924 0.932076
H: 3.85467 0.295556 -1.87297
L: -0.0111285 0.0762851 0.612697
left
345
gcm: 0.624109 1.04159 0.942023
H: 1.16781 -0.504577 -1.94769
L: 0.0258636 0.167012 0.706198
left
346
gcm: 0.624108 1.04399 0.951534
H: 2.02282 0.0999937 -1.13196
L: -8.65659e-05 0.170462 0.675311
left
347
gcm: 0.62362 1.04633 0.960497
H: -1.04747 -0.423101 0.315666
L: -0.0346623 0.165976 0.636321
left
348
gcm: 0.62324 1.04754 0.969396
H: 0.673962 -0.303402 -1.3591
L: -0.0269861 0.0858978 0.631832
left
349
gcm: 0.623209 1.04826 0.978093
H: -0.0581967 -0.404451 -1.31874
L: -0.00216303 0.0513057 0.61749
left
350
gcm: 0.623081 1.04953 0.986456
H: -1.34901 -0.498019 0.0950374
L: -0.00910755 0.0897331 0.593831
left
351
gcm: 0.622668 1.05059 0.99454
H: -0.640022 -0.307518 0.225522
L: -0.029298 0.0756731 0.573929
left
352
gcm: 0.62226 1.05198 1.00274
H: 1.33885 -0.0490744 -0.570764
L: -0.0290212 0.0987013 0.582154
left
353
gcm: 0.622018 1.05328 1.01149
H: -3.26606 -0.695421 1.01816
L: -0.0171431 0.092064 0.621355
left
354
gcm: 0.622043 1.05466 1.02032
H: -1.36162 -1.0431 0.0473098
L: 0.00173806 0.0977915 0.626964
left
355
gcm: 0.622072 1.05562 1.02848
H: 0.619251 -1.36836 -4.05643
L: 0.00205286 0.0684744 0.579079
left
356
gcm: 0.62172 1.05548 1.03666
H: -3.02823 -1.26611 1.29918
L: -0.0249473 -0.0101618 0.580842
left
357
gcm: 0.621513 1.05545 1.04476
H: -3.55735 -0.977971 1.85746
L: -0.0147277 -0.00178599 0.575355
left
358
gcm: 0.621476 1.05589 1.05269
H: -3.38437 -1.21153 -0.255139
L: -0.00258873 0.0312352 0.5626
left
359
gcm: 0.621392 1.05621 1.06131
H: -1.43553 -1.28284 -2.33328
L: -0.00599082 0.022226 0.612227
left
360
gcm: 0.621262 1.05617 1.06995
H: -0.0288496 -1.22179 -2.77436
L: -0.00920562 -0.00263765 0.613363
left
361
gcm: 0.621128 1.05575 1.07774
H: -3.74732 -1.1134 0.543471
L: -0.00950423 -0.0300637 0.55337
left
362
gcm: 0.621129 1.05586 1.08576
H: -6.63793 -1.19026 1.93046
L: 6.23039e-05 0.00787703 0.569473
left
363
gcm: 0.621205 1.05566 1.09414
H: -2.7431 -1.45592 -1.11752
L: 0.0053997 -0.014072 0.594986
left
364
gcm: 0.621393 1.05515 1.10191
H: -1.23968 -1.58619 -3.18924
L: 0.0133198 -0.0360191 0.551493
left
365
gcm: 0.62176 1.05496 1.11044
H: -1.77587 -1.39619 -1.33251
L: 0.02607 -0.0134106 0.605509
left
366
gcm: 0.621657 1.05453 1.1189
H: -5.57638 -1.13885 1.14374
L: -0.00733198 -0.0308336 0.60057
left
367
gcm: 0.621366 1.05392 1.12693
H: -4.5198 -1.0552 1.81771
L: -0.0206805 -0.0429868 0.570101
left
368
gcm: 0.621319 1.05359 1.13513
H: -2.81223 -1.27452 -0.610158
L: -0.00331752 -0.0235279 0.582403
left
369
gcm: 0.621531 1.05341 1.14311
H: -4.2352 -1.55222 -1.55682
L: 0.0150559 -0.0126711 0.566467
left
370
gcm: 0.621769 1.05335 1.15117
H: -5.04941 -1.53121 -0.0161776
L: 0.0168956 -0.00480667 0.572485
left
371
gcm: 0.622066 1.05381 1.15987
H: -6.79865 -1.50061 -0.263597
L: 0.0211033 0.0328248 0.617457
left
372
gcm: 0.622401 1.05427 1.1683
H: -6.07883 -1.4693 -0.657006
L: 0.0238041 0.0327847 0.598758
left
373
gcm: 0.622618 1.05446 1.17656
H: -4.92315 -1.31377 -0.418345
L: 0.0153417 0.0135042 0.586573
left
374
gcm: 0.622644 1.05485 1.1852
H: -4.96808 -1.17935 0.025367
L: 0.0019111 0.027675 0.613136
left
375
gcm: 0.622712 1.05575 1.19318
H: -7.74926 -1.40656 0.0409228
L: 0.00476407 0.0637562 0.566567
left
376
gcm: 0.622779 1.05686 1.20139
H: -7.39664 -1.58575 0.527117
L: 0.00479151 0.0787837 0.583359
left
377
gcm: 0.622686 1.05686 1.20904
H: -6.8094 -1.53819 0.50094
L: -0.00660615 0.000499502 0.542503
left
378
gcm: 0.623014 1.05596 1.21662
H: -7.30256 -1.41992 -0.620823
L: 0.0232727 -0.0643622 0.538879
left
379
gcm: 0.623405 1.05485 1.22481
H: -8.66156 -1.1067 1.40063
L: 0.0277998 -0.0789805 0.580916
left
380
gcm: 0.623335 1.05363 1.23302
H: -5.36072 -1.43323 0.109558
L: -0.00499395 -0.0864598 0.582961
left
381
gcm: 0.623956 1.05399 1.24128
H: -5.14043 -1.39234 -1.06476
L: 0.0440675 0.0254661 0.586872
left
382
gcm: 0.625058 1.05426 1.24958
H: -5.66471 -1.43596 -2.37844
L: 0.0783011 0.0193309 0.588827
left
383
gcm: 0.625546 1.05336 1.25774
H: -6.98247 -1.15386 -0.690238
L: 0.0346422 -0.0638645 0.579437
left
384
gcm: 0.625565 1.05323 1.26562
H: -7.45109 -1.0355 0.943208
L: 0.00129388 -0.00882475 0.559736
left
385
gcm: 0.625854 1.05398 1.27314
H: -5.58196 -0.925391 0.727576
L: 0.020538 0.0532591 0.534103
left
386
gcm: 0.626406 1.05453 1.28081
H: -4.91972 -0.696627 0.325913
L: 0.0392025 0.0388931 0.544542
left
387
gcm: 0.626615 1.05487 1.28803
H: -7.70333 -0.511304 1.20316
L: 0.0148188 0.0238309 0.512634
left
388
gcm: 0.626979 1.05497 1.29713
H: -3.72629 -0.119281 1.72494
L: 0.0258645 0.00749022 0.645977
left
389
gcm: 0.62753 1.0544 1.30495
H: -3.88419 -0.179423 1.21629
L: 0.0391433 -0.0406038 0.555296
left
390
gcm: 0.627947 1.05396 1.31255
H: -3.83265 0.109452 1.73309
L: 0.0295622 -0.0310888 0.539443
left
391
gcm: 0.62801 1.05351 1.32029
H: -3.43196 0.216775 2.93597
L: 0.00446154 -0.0323385 0.549487
left
392
gcm: 0.628766 1.05321 1.32824
H: -3.583 -0.0188163 1.68928
L: 0.0536865 -0.0211263 0.564413
left
393
gcm: 0.630014 1.05364 1.33727
H: -2.89405 0.123926 -0.216829
L: 0.0886274 0.0307312 0.641447
left
394
gcm: 0.630335 1.05295 1.34446
H: -1.27052 0.471582 2.75214
L: 0.0228203 -0.0492253 0.510448
left
395
gcm: 0.631038 1.05184 1.35306
H: 0.381659 0.17585 1.40706
L: 0.0499147 -0.0786521 0.610702
left
396
gcm: 0.631995 1.0508 1.36198
H: 0.669887 -0.32348 -1.03422
L: 0.0679093 -0.073806 0.632986
left
397
gcm: 0.632951 1.04998 1.3709
H: 2.96036 -0.73822 -2.17063
L: 0.0678861 -0.0580965 0.633265
left
398
gcm: 0.633806 1.04886 1.37901
H: 3.3005 -0.898308 -3.19078
L: 0.0606976 -0.0800768 0.575543
left
399
gcm: 0.634718 1.04797 1.38717
H: -4.94632 0.0346301 3.92252
L: 0.0647627 -0.0627583 0.57994
left
400
gcm: 0.635671 1.04682 1.3954
H: 2.62578 -0.414755 -2.69924
L: 0.0676546 -0.0820865 0.583706
left
401
gcm: 0.637028 1.04503 1.40501
H: 4.59475 -0.350192 -0.875605
L: 0.0963424 -0.127138 0.682493
left
402
gcm: 0.638501 1.04362 1.41475
H: 3.58202 -0.0334551 0.309148
L: 0.104576 -0.0997373 0.691888
left
403
gcm: 0.639745 1.04276 1.42328
H: 2.03433 0.12195 -1.07971
L: 0.0883076 -0.0610261 0.605151
left
404
gcm: 0.640922 1.0427 1.43268
H: 7.82308 -0.0739558 -2.69597
L: 0.0835889 -0.00425708 0.667963
left
405
gcm: 0.642249 1.04349 1.44294
H: 13.8138 -0.488334 -3.49469
L: 0.0942373 0.0560137 0.728196
left
406
gcm: 0.643334 1.04441 1.4533
H: 4.51695 0.23857 0.616441
L: 0.0770055 0.0650878 0.735305
left
407
gcm: 0.645588 1.0452 1.46335
H: 5.82752 -0.292682 -3.78209
L: 0.160027 0.0563535 0.713472
left
408
gcm: 0.64736 1.04575 1.4734
H: 6.06865 0.105074 1.72976
L: 0.125865 0.0386788 0.713864
left
409
gcm: 0.648918 1.04629 1.48147
H: 1.9917 0.149539 -1.14993
L: 0.110559 0.0384049 0.572895
none 
410
gcm: 0.650714 1.04671 1.49201
H: 7.85209 -0.233434 -1.0682
L: 0.127529 0.0298922 0.748124
none 
411
gcm: 0.65228 1.04739 1.50055
H: 3.79892 -0.327985 -1.42236
L: 0.111219 0.0480687 0.606415
none 
412
gcm: 0.65414 1.04837 1.51046
H: 5.04022 -0.247273 -0.793604
L: 0.132077 0.0697691 0.703567
none 
413
gcm: 0.65571 1.04934 1.51916
H: 2.02597 -0.362667 0.0510077
L: 0.111422 0.0689887 0.618102
none 
414
gcm: 0.657112 1.05056 1.52917
H: 3.87148 -0.227664 2.01555
L: 0.0995711 0.0863668 0.710489
none 
415
gcm: 0.658988 1.05143 1.53966
H: 11.3076 -0.432517 1.20591
L: 0.133164 0.062058 0.744608
right
416
gcm: 0.660972 1.05266 1.55019
H: 7.29512 -0.453365 0.471279
L: 0.140895 0.087651 0.747761
right
417
gcm: 0.662794 1.05377 1.55992
H: 13.664 -1.16165 -5.38817
L: 0.12933 0.0782362 0.691001
right
418
gcm: 0.664609 1.05438 1.56962
H: 8.40312 -0.538714 -0.645551
L: 0.128908 0.0438476 0.688324
right
419
gcm: 0.6669 1.05608 1.58043
H: 10.6981 -0.876189 -1.6889
L: 0.162669 0.120382 0.767589
right
420
gcm: 0.668522 1.0579 1.58983
H: 7.67158 -0.629499 -0.591291
L: 0.115148 0.129269 0.667822
right
421
gcm: 0.669829 1.05967 1.5984
H: 1.56883 -0.165287 3.0434
L: 0.092804 0.125761 0.608275
right
422
gcm: 0.672112 1.06077 1.60824
H: 6.04785 -1.12261 -0.765905
L: 0.162101 0.0781999 0.698953
right
423
gcm: 0.673384 1.06185 1.61556
H: 5.12273 -0.757154 2.79247
L: 0.0902649 0.0762597 0.519233
right
424
gcm: 0.676851 1.06419 1.62727
H: 8.779 -1.14856 -6.2814
L: 0.246191 0.166193 0.83175
right
425
gcm: 0.677529 1.06707 1.63539
H: 5.559 -0.733275 2.00158
L: 0.0481477 0.204967 0.576722
right
426
gcm: 0.678809 1.06826 1.64362
H: 7.99244 -1.16347 -0.27783
L: 0.0908539 0.08382 0.584351
right
427
gcm: 0.679995 1.07042 1.65365
H: 1.07593 0.47239 0.831705
L: 0.0841806 0.153956 0.711568
right
428
gcm: 0.680551 1.0704 1.66174
H: -0.707125 0.348169 4.15965
L: 0.0395178 -0.00139013 0.574357
right
429
gcm: 0.683263 1.07109 1.67223
H: 4.09567 -0.509131 -3.45892
L: 0.192506 0.0487014 0.744996
right
430
gcm: 0.683233 1.07216 1.67822
H: -3.34658 0.710548 6.17341
L: -0.002106 0.0760084 0.425642
right
431
gcm: 0.684813 1.07405 1.68717
H: 1.47397 0.292352 -1.67182
L: 0.112193 0.134368 0.635022
right
432
gcm: 0.686073 1.07698 1.6961
H: 0.621439 0.464575 -1.4339
L: 0.0894389 0.207931 0.634392
right
433
gcm: 0.685426 1.07778 1.70548
H: 0.104405 0.831796 3.40402
L: -0.0459433 0.0565628 0.66597
right
434
gcm: 0.686821 1.07641 1.71169
H: 0.607732 0.138162 -0.662519
L: 0.0990687 -0.0968357 0.440496
right
435
gcm: 0.688309 1.08009 1.72231
H: 2.73664 0.0960834 -2.95456
L: 0.10565 0.26079 0.754407
right
436
gcm: 0.689529 1.07922 1.72891
H: -0.13585 -0.112616 -1.28393
L: 0.0866041 -0.0613827 0.468209
right
437
gcm: 0.689755 1.08057 1.73736
H: -0.620182 0.940681 0.46731
L: 0.0160452 0.0955177 0.600316
right
438
gcm: 0.69253 1.08021 1.74586
H: -0.470174 0.0654911 -7.44834
L: 0.197026 -0.0255263 0.603287
right
439
gcm: 0.691059 1.08179 1.75298
H: 6.07345 1.31072 2.58303
L: -0.104457 0.111985 0.505793
right
440
gcm: 0.691986 1.08293 1.76245
H: -11.8951 1.14701 4.33474
L: 0.065861 0.0809876 0.671811
right
441
gcm: 0.692983 1.08321 1.76979
H: 1.07645 0.931436 -2.44082
L: 0.0707634 0.0198071 0.521662
right
442
gcm: 0.693597 1.08275 1.77862
H: -5.0861 1.37048 2.1777
L: 0.0436125 -0.0321271 0.626821
right
443
gcm: 0.694065 1.08205 1.78578
H: -4.04604 1.48859 3.2989
L: 0.0331746 -0.0498693 0.507923
right
444
gcm: 0.694677 1.08174 1.79393
H: -2.12677 1.13465 0.260806
L: 0.0434853 -0.0222719 0.578914
right
445
gcm: 0.695785 1.08108 1.8027
H: -3.44172 0.944729 -1.10024
L: 0.0786977 -0.046445 0.622826
right
446
gcm: 0.696497 1.07962 1.81045
H: -0.838894 1.18675 -1.08035
L: 0.0505516 -0.104147 0.550489
right
447
gcm: 0.696983 1.07879 1.8191
H: -4.25243 1.26166 1.43895
L: 0.0344982 -0.0586978 0.613726
right
448
gcm: 0.697332 1.0775 1.82716
H: -1.28716 0.853262 0.774871
L: 0.0247577 -0.0916782 0.572095
right
449
gcm: 0.697332 1.0775 1.82716
H: 0 0 0
L: 0 0 0
none 
450
gcm: 0.697332 1.0775 1.82716
H: 0 0 0
L: 0 0 0
none 
451
gcm: 0.697332 1.0775 1.82716
H: 0 0 0
L: 0 0 0
none 
452
gcm: 0.697332 1.0775 1.82716
H: 0 0 0
L: 0 0 0
none 
453
gcm: 0.697332 1.0775 1.82716
H: 0 0 0
L: 0 0 0
none 
454
gcm: 0.697332 1.0775 1.82716
H: 0 0 0
L: 0 0 0
none 
455
gcm: 0.697332 1.0775 1.82716
H: 0 0 0
L: 0 0 0
none 
456
gcm: 0.697332 1.0775 1.82716
H: 0 0 0
L: 0 0 0
none 
457
gcm: 0.697332 1.0775 1.82716
H: 0 0 0
L: 0 0 0
none 
458
gcm: 0.697332 1.0775 1.82716
H: 0 0 0
L: 0 0 0
none 
459
gcm: 0.697332 1.0775 1.82716
H: 0 0 0
L: 0 0 0
none 
460
gcm: 0.697332 1.0775 1.82716
H: 0 0 0
L: 0 0 0
none 
461
gcm: 0.697332 1.0775 1.82716
H: 0 0 0
L: 0 0 0
none 
462
gcm: 0.697332 1.0775 1.82716
H: 0 0 0
L: 0 0 0
none 
463
gcm: 0.697332 1.0775 1.82716
H: 0 0 0
L: 0 0 0
none 
464
gcm: 0.697332 1.0775 1.82716
H: 0 0 0
L: 0 0 0
none 
465
gcm: 0.697332 1.0775 1.82716
H: 0 0 0
L: 0 0 0
none 
466
gcm: 0.697332 1.0775 1.82716
H: 0 0 0
L: 0 0 0
none 
467
gcm: 0.697332 1.0775 1.82716
H: 0 0 0
L: 0 0 0
none 
468
gcm: 0.697332 1.0775 1.82716
H: 0 0 0
L: 0 0 0
none 
469
gcm: 0.697332 1.0775 1.82716
H: 0 0 0
L: 0 0 0
none 
470
gcm: 0.697332 1.0775 1.82716
H: 0 0 0
L: 0 0 0
none 
471
gcm: 0.697332 1.0775 1.82716
H: 0 0 0
L: 0 0 0
none 
472
gcm: 0.697332 1.0775 1.82716
H: 0 0 0
L: 0 0 0
none 
473
gcm: 0.697332 1.0775 1.82716
H: 0 0 0
L: 0 0 0
none 
474
gcm: 0.697332 1.0775 1.82716
H: 0 0 0
L: 0 0 0
none 
475
gcm: 0.697332 1.0775 1.82716
H: 0 0 0
L: 0 0 0
none 
476
gcm: 0.697332 1.0775 1.82716
H: 0 0 0
L: 0 0 0
none 
477
gcm: 0.697332 1.0775 1.82716
H: 0 0 0
L: 0 0 0
none 
478
gcm: 0.697332 1.0775 1.82716
H: 0 0 0
L: 0 0 0
none 
479
gcm: 0.697332 1.0775 1.82716
H: 0 0 0
L: 0 0 0
none 
480
gcm: 0.697332 1.0775 1.82716
H: 0 0 0
L: 0 0 0
none 
481
gcm: 0.697332 1.0775 1.82716
H: 0 0 0
L: 0 0 0
none 
482
gcm: 0.697332 1.0775 1.82716
H: 0 0 0
L: 0 0 0
none 
483
gcm: 0.697332 1.0775 1.82716
H: 0 0 0
L: 0 0 0
none 
484
gcm: 0.697332 1.0775 1.82716
H: 0 0 0
L: 0 0 0
none 
485
gcm: 0.697332 1.0775 1.82716
H: 0 0 0
L: 0 0 0
none 
486
gcm: 0.697332 1.0775 1.82716
H: 0 0 0
L: 0 0 0
none 
487
gcm: 0.697332 1.0775 1.82716
H: 0 0 0
L: 0 0 0
none 
488
gcm: 0.697332 1.0775 1.82716
H: 0 0 0
L: 0 0 0
none 
489
gcm: 0.697332 1.0775 1.82716
H: 0 0 0
L: 0 0 0
none 
490
gcm: 0.697332 1.0775 1.82716
H: 0 0 0
L: 0 0 0
none 
491
gcm: 0.697332 1.0775 1.82716
H: 0 0 0
L: 0 0 0
none 
492
gcm: 0.697332 1.0775 1.82716
H: 0 0 0
L: 0 0 0
none 
493
gcm: 0.697332 1.0775 1.82716
H: 0 0 0
L: 0 0 0
none 
494
gcm: 0.697332 1.0775 1.82716
H: 0 0 0
L: 0 0 0
none 
495
gcm: 0.697332 1.0775 1.82716
H: 0 0 0
L: 0 0 0
none 
496
gcm: 0.697332 1.0775 1.82716
H: 0 0 0
L: 0 0 0
none 
497
gcm: 0.697332 1.0775 1.82716
H: 0 0 0
L: 0 0 0
none 
498
gcm: 0.697332 1.0775 1.82716
H: 0 0 0
L: 0 0 0
none 
499
gcm: 0.697332 1.0775 1.82716
H: 0 0 0
L: 0 0 0
none 
500
gcm: 0.697332 1.0775 1.82716
H: 0 0 0
L: 0 0 0
none 
501
gcm: 0.697332 1.0775 1.82716
H: 0 0 0
L: 0 0 0
none 
502
gcm: 0.697332 1.0775 1.82716
H: 0 0 0
L: 0 0 0
none 
503
gcm: 0.697332 1.0775 1.82716
H: 0 0 0
L: 0 0 0
none 
504
gcm: 0.697332 1.0775 1.82716
H: 0 0 0
L: 0 0 0
none 
505
gcm: 0.697332 1.0775 1.82716
H: 0 0 0
L: 0 0 0
none 
506
gcm: 0.697332 1.0775 1.82716
H: 0 0 0
L: 0 0 0
none 
507
gcm: 0.697332 1.0775 1.82716
H: 0 0 0
L: 0 0 0
none 
508
gcm: 0.697332 1.0775 1.82716
H: 0 0 0
L: 0 0 0
none 
509
gcm: 0.697332 1.0775 1.82716
H: 0 0 0
L: 0 0 0
none 
510
gcm: 0.697332 1.0775 1.82716
H: 0 0 0
L: 0 0 0
none 
511
gcm: 0.697332 1.0775 1.82716
H: 0 0 0
L: 0 0 0
none 
512
gcm: 0.697332 1.0775 1.82716
H: 0 0 0
L: 0 0 0
none 
513
gcm: 0.697332 1.0775 1.82716
H: 0 0 0
L: 0 0 0
none 
514
gcm: 0.697332 1.0775 1.82716
H: 0 0 0
L: 0 0 0
none 
515
gcm: 0.697332 1.0775 1.82716
H: 0 0 0
L: 0 0 0
none 
516
gcm: 0.697332 1.0775 1.82716
H: 0 0 0
L: 0 0 0
none 
516
gcm: 0.697332 1.0775 1.82716
H: 0 0 0
L: 0 0 0
none 
