:metadata
 
Skeleton: /Network/Servers/duerer/Volumes/duerer/laturnus/workspace/new_acm/asf/07-walk.asf
Motion: /Network/Servers/duerer/Volumes/duerer/laturnus/workspace/new_acm/amc/07_07-walk.amc
Mass Distribution: /Network/Servers/duerer/Volumes/duerer/laturnus/workspace/new_acm/amd/NHR03-06.amd
 
Inital skeleton translation: 0 0 0
Initial skeleton rotation: 0 0 0
 
:data
1
gcm: 0.517847 0.964351 -2.3667
H: 2.80868 1.0792 1.10191
L: -0.0758234 -0.062255 0.834434
right
2
gcm: 0.516897 0.962739 -2.35496
H: 4.07349 0.840286 1.5562
L: -0.0674333 -0.114427 0.83404
right
3
gcm: 0.51595 0.96036 -2.34307
H: 4.86562 0.489812 1.74422
L: -0.067218 -0.168937 0.843987
right
4
gcm: 0.514946 0.958863 -2.33103
H: 6.84559 0.441527 2.12468
L: -0.0713032 -0.106273 0.854505
right
5
gcm: 0.513925 0.95735 -2.31853
H: 7.3057 0.495336 2.09209
L: -0.0724876 -0.107435 0.887616
right
6
gcm: 0.512943 0.955989 -2.30586
H: 6.89769 0.639278 1.77289
L: -0.0697391 -0.096605 0.899478
right
7
gcm: 0.511569 0.955339 -2.29312
H: 6.78714 0.683931 2.29721
L: -0.0975729 -0.0461456 0.904605
right
8
gcm: 0.509547 0.955472 -2.2811
H: 6.76389 0.397006 1.96374
L: -0.14356 0.00939443 0.853383
right
9
gcm: 0.508598 0.955325 -2.26998
H: 7.50676 0.262802 3.47618
L: -0.067328 -0.0104322 0.789812
none 
10
gcm: 0.507276 0.954374 -2.2582
H: 7.78809 0.434369 1.20608
L: -0.0938905 -0.067463 0.836473
none 
11
gcm: 0.506256 0.952925 -2.24434
H: 17.8512 1.18889 -0.161091
L: -0.0724301 -0.102908 0.984171
left
12
gcm: 0.505121 0.951972 -2.23156
H: 12.5827 1.07315 0.67845
L: -0.0805794 -0.0676464 0.90701
left
13
gcm: 0.503876 0.950806 -2.21895
H: 12.0344 1.05893 1.65988
L: -0.0883455 -0.0827883 0.895107
left
14
gcm: 0.503216 0.950307 -2.20595
H: 9.72623 0.702142 -1.32026
L: -0.0469047 -0.0354375 0.923248
left
15
gcm: 0.502434 0.95064 -2.19303
H: 8.56047 0.398845 -2.34339
L: -0.0555209 0.0236157 0.917612
left
16
gcm: 0.501148 0.950998 -2.18017
H: 11.6398 0.798915 2.11214
L: -0.0913271 0.0254693 0.91241
left
17
gcm: 0.499847 0.951657 -2.16716
H: 9.80004 0.858158 0.69374
L: -0.092338 0.0467512 0.924358
left
18
gcm: 0.498697 0.952634 -2.15434
H: 9.72185 1.21539 -2.10956
L: -0.081666 0.0693669 0.909848
left
19
gcm: 0.497415 0.95342 -2.14191
H: 11.4779 2.01538 -4.44719
L: -0.0910192 0.0558332 0.882468
left
20
gcm: 0.495796 0.954631 -2.12984
H: 14.5573 2.22469 1.5278
L: -0.114936 0.0859445 0.85698
left
21
gcm: 0.494203 0.956351 -2.11792
H: 8.51251 1.29337 1.47395
L: -0.113112 0.122166 0.846211
left
22
gcm: 0.49294 0.958027 -2.10585
H: 2.96348 0.273158 0.791353
L: -0.0896625 0.118981 0.857306
left
23
gcm: 0.491778 0.959254 -2.09388
H: 2.07037 -0.234995 2.52895
L: -0.0824777 0.0871243 0.849466
left
24
gcm: 0.49087 0.960298 -2.08227
H: 1.85806 -0.402833 -0.750498
L: -0.0644764 0.0741331 0.824855
left
25
gcm: 0.490117 0.961267 -2.07093
H: 2.74568 -0.193728 0.100422
L: -0.0534978 0.068778 0.804832
left
26
gcm: 0.489654 0.9618 -2.05979
H: 3.85727 0.150156 -0.00119915
L: -0.0328608 0.0378488 0.791015
left
27
gcm: 0.489612 0.962904 -2.04837
H: 3.80772 0.247627 -1.08422
L: -0.00295944 0.0783384 0.810895
left
28
gcm: 0.489701 0.965259 -2.03663
H: -1.17061 -1.14889 -3.97898
L: 0.00630562 0.167234 0.833591
left
29
gcm: 0.489415 0.967917 -2.02509
H: -4.24277 -2.05025 0.870948
L: -0.0203109 0.188739 0.818962
left
30
gcm: 0.488934 0.971045 -2.01353
H: -8.13473 -2.8475 2.32274
L: -0.0341797 0.222032 0.821055
left
31
gcm: 0.488411 0.973202 -2.00247
H: -3.23806 -1.34754 0.0643125
L: -0.0370978 0.15315 0.78521
left
32
gcm: 0.487775 0.974972 -1.9917
H: 11.2015 1.95829 -2.74885
L: -0.0451967 0.125712 0.764335
left
33
gcm: 0.487304 0.97688 -1.98045
H: -11.2229 -2.74139 2.34396
L: -0.0334432 0.135485 0.799123
left
34
gcm: 0.486837 0.978651 -1.96948
H: -0.236926 -0.63775 -1.52221
L: -0.0331166 0.125708 0.778951
left
35
gcm: 0.486616 0.98045 -1.95876
H: -3.94888 -1.57967 0.0221243
L: -0.0156799 0.127735 0.76074
left
36
gcm: 0.486399 0.982031 -1.94791
H: -4.19653 -1.63773 -0.106238
L: -0.0154212 0.112278 0.770896
left
37
gcm: 0.486179 0.983596 -1.9372
H: -2.74168 -1.62693 -0.429171
L: -0.0156486 0.111054 0.760211
left
38
gcm: 0.486188 0.985036 -1.92697
H: -1.53777 -1.86681 -0.930094
L: 0.000655601 0.102274 0.72588
left
39
gcm: 0.486002 0.985674 -1.91634
H: -3.19736 -1.60283 -0.393151
L: -0.013171 0.045287 0.754962
left
40
gcm: 0.485638 0.985985 -1.90587
H: -3.02742 -1.19595 0.761562
L: -0.0258451 0.0221253 0.743313
left
41
gcm: 0.48592 0.986588 -1.89492
H: -2.25663 -1.50462 -0.538493
L: 0.0200276 0.0427997 0.777462
left
42
gcm: 0.485998 0.986668 -1.88462
H: -4.36294 -1.81422 -0.827141
L: 0.00547442 0.00563529 0.731577
left
43
gcm: 0.486083 0.98586 -1.87401
H: -5.10994 -1.8781 0.333707
L: 0.00609826 -0.057326 0.753419
left
44
gcm: 0.486186 0.985458 -1.86321
H: -6.21964 -1.83436 0.245577
L: 0.00725385 -0.0285477 0.766529
left
45
gcm: 0.486077 0.986535 -1.85237
H: -5.08049 -1.59635 0.128653
L: -0.00768897 0.0764246 0.769593
left
46
gcm: 0.485954 0.987844 -1.84163
H: -3.18139 -1.46221 -0.1677
L: -0.00878683 0.0929905 0.762376
left
47
gcm: 0.486052 0.989232 -1.83104
H: -5.35203 -1.62268 -1.06087
L: 0.00696554 0.0985594 0.752174
left
48
gcm: 0.485952 0.990279 -1.8204
H: -7.45415 -1.64974 0.0227692
L: -0.00708283 0.0743171 0.755476
left
49
gcm: 0.485945 0.990656 -1.80962
H: -6.8696 -1.78363 0.835894
L: -0.000510609 0.0267459 0.765092
left
50
gcm: 0.486129 0.992168 -1.7987
H: -6.24089 -1.87809 -0.142899
L: 0.0130696 0.107377 0.77521
left
51
gcm: 0.486303 0.993675 -1.7878
H: -6.39722 -1.79332 -1.06644
L: 0.0123343 0.106976 0.774159
left
52
gcm: 0.486673 0.993793 -1.77702
H: -6.50568 -1.79745 -0.797504
L: 0.0263222 0.00835569 0.765264
left
53
gcm: 0.486918 0.993953 -1.76624
H: -6.21799 -1.7681 0.743511
L: 0.0174021 0.0113617 0.76535
left
54
gcm: 0.486912 0.994571 -1.75532
H: -6.59752 -1.66029 0.844844
L: -0.000418314 0.0438694 0.775819
left
55
gcm: 0.487031 0.99506 -1.74439
H: -6.81332 -1.76616 -0.506137
L: 0.00845051 0.0347852 0.775688
left
56
gcm: 0.487261 0.995018 -1.73364
H: -6.56306 -1.94331 -0.486033
L: 0.0162915 -0.0029893 0.76344
left
57
gcm: 0.487508 0.994626 -1.72286
H: -7.35985 -1.79624 -0.393171
L: 0.01755 -0.0278918 0.765005
left
58
gcm: 0.487816 0.994441 -1.71199
H: -7.63217 -1.65468 -0.886888
L: 0.0218882 -0.013085 0.77187
left
59
gcm: 0.488071 0.994683 -1.70119
H: -6.81098 -1.6125 -0.436888
L: 0.0181054 0.0171768 0.767117
left
60
gcm: 0.488331 0.994347 -1.69055
H: -6.72774 -1.33838 0.0305917
L: 0.0184278 -0.0238968 0.754966
left
61
gcm: 0.48883 0.993259 -1.67983
H: -7.45465 -1.29709 0.257718
L: 0.0354186 -0.0772311 0.761514
left
62
gcm: 0.489264 0.992841 -1.66933
H: -6.18914 -1.09479 0.773549
L: 0.0308408 -0.029671 0.745266
left
63
gcm: 0.489713 0.99258 -1.65881
H: -5.15103 -0.858344 0.788145
L: 0.0318333 -0.0185199 0.747159
left
64
gcm: 0.490098 0.991563 -1.64817
H: -5.76834 -0.241283 0.834073
L: 0.0273806 -0.0721797 0.755332
left
65
gcm: 0.490268 0.990609 -1.63746
H: -4.38822 -0.198212 2.32783
L: 0.0120901 -0.0677504 0.760683
left
66
gcm: 0.490716 0.990614 -1.62682
H: -4.06258 -0.340997 2.56392
L: 0.0317824 0.000317057 0.755166
left
67
gcm: 0.491464 0.990148 -1.6162
H: -4.01797 -0.559005 1.50371
L: 0.0531153 -0.0330623 0.754072
left
68
gcm: 0.492316 0.989129 -1.60598
H: -4.35336 -0.638337 0.830966
L: 0.0605066 -0.072383 0.725265
left
69
gcm: 0.493236 0.9878 -1.59477
H: 0.570601 -0.654188 0.554163
L: 0.0653218 -0.0943014 0.796181
left
70
gcm: 0.494446 0.986497 -1.58307
H: 0.818862 -0.567759 -1.35233
L: 0.0858628 -0.0925052 0.831085
left
71
gcm: 0.495625 0.984799 -1.57124
H: 4.44156 -1.08952 -1.38224
L: 0.0837197 -0.120574 0.83953
left
72
gcm: 0.496558 0.982192 -1.55947
H: 5.45549 -1.21751 -1.30315
L: 0.0662206 -0.18511 0.835622
left
73
gcm: 0.497636 0.980153 -1.54747
H: 5.0697 -1.05537 -1.59822
L: 0.0765803 -0.144745 0.852391
left
74
gcm: 0.498897 0.978989 -1.53503
H: 6.15335 -0.70518 -0.718955
L: 0.0895058 -0.0826477 0.882687
left
75
gcm: 0.500309 0.978113 -1.52243
H: 8.41246 -0.72972 -0.784864
L: 0.100257 -0.0622378 0.894831
left
76
gcm: 0.501712 0.977698 -1.50985
H: 9.75642 -0.758303 -1.32471
L: 0.0996401 -0.0294126 0.89355
left
77
gcm: 0.503034 0.978024 -1.49738
H: 9.14578 -0.502351 -0.966437
L: 0.0938505 0.0231048 0.884967
left
78
gcm: 0.504816 0.978265 -1.48498
H: 9.778 -0.859246 -0.602185
L: 0.126502 0.0171153 0.880331
left
79
gcm: 0.506897 0.977852 -1.47255
H: 7.55884 -0.992898 -0.486989
L: 0.147782 -0.0293332 0.882856
none 
80
gcm: 0.508632 0.977013 -1.46014
H: 7.83828 -0.758252 0.30977
L: 0.123176 -0.0595873 0.880923
none 
81
gcm: 0.510303 0.97603 -1.4465
H: 13.8462 -0.650219 -0.843018
L: 0.11861 -0.069779 0.968394
none 
82
gcm: 0.512168 0.975579 -1.433
H: 13.3576 -1.37928 -0.976876
L: 0.132448 -0.0320356 0.958782
right
83
gcm: 0.513782 0.975021 -1.41972
H: 13.6427 -1.97826 0.0438975
L: 0.114556 -0.0395608 0.942887
right
84
gcm: 0.515187 0.974529 -1.40652
H: 12.2224 -1.48884 0.743006
L: 0.0998133 -0.0349304 0.937032
right
85
gcm: 0.516755 0.974069 -1.39338
H: 11.1506 -1.52558 0.946917
L: 0.111312 -0.0326849 0.933059
right
86
gcm: 0.518538 0.974461 -1.3802
H: 9.90276 -1.21582 0.287361
L: 0.126582 0.0278284 0.935431
right
87
gcm: 0.520304 0.975696 -1.36728
H: 9.13342 -0.650635 -0.621955
L: 0.125377 0.0877096 0.917724
right
88
gcm: 0.522362 0.976815 -1.35465
H: 8.99215 -0.976902 -1.78397
L: 0.146123 0.0794373 0.896194
right
89
gcm: 0.524658 0.977636 -1.34195
H: 8.33628 -1.19452 -2.57369
L: 0.163042 0.0582495 0.902134
right
90
gcm: 0.526605 0.978289 -1.3292
H: 6.25605 -0.461431 -1.86446
L: 0.138239 0.0463727 0.90488
right
91
gcm: 0.528518 0.979578 -1.31688
H: 3.6897 0.12695 -2.00925
L: 0.135756 0.09157 0.875121
right
92
gcm: 0.530406 0.981417 -1.30475
H: 4.22359 -0.171652 -1.87988
L: 0.134088 0.130569 0.861395
right
93
gcm: 0.531667 0.983129 -1.29261
H: 4.73485 -0.360733 0.694801
L: 0.0895154 0.121531 0.861467
right
94
gcm: 0.532627 0.984451 -1.28107
H: 1.97403 0.286379 1.0651
L: 0.0681942 0.093838 0.819583
right
95
gcm: 0.533881 0.985958 -1.26969
H: 0.513223 0.570945 0.115726
L: 0.0890267 0.107029 0.8078
right
96
gcm: 0.535157 0.987498 -1.25788
H: 1.95908 0.266965 0.918923
L: 0.0905942 0.109334 0.838326
right
97
gcm: 0.536039 0.989457 -1.24615
H: 1.53654 0.668348 1.17515
L: 0.0625877 0.13905 0.833436
right
98
gcm: 0.536773 0.991701 -1.23473
H: -0.118951 1.09923 0.535583
L: 0.0521463 0.159331 0.81051
right
99
gcm: 0.537523 0.993594 -1.22338
H: -1.05595 1.08338 0.603918
L: 0.0532363 0.134426 0.805767
right
100
gcm: 0.538226 0.995413 -1.21227
H: -1.75951 1.2615 0.78732
L: 0.0499344 0.129175 0.788884
right
101
gcm: 0.53895 0.997716 -1.20132
H: -1.46661 1.30926 0.0277428
L: 0.0513859 0.163495 0.777151
right
102
gcm: 0.539828 1.00019 -1.19018
H: -1.47542 1.23047 -0.165239
L: 0.0623447 0.175873 0.791198
right
103
gcm: 0.540988 1.00235 -1.17906
H: -2.47786 1.4065 0.262355
L: 0.0823535 0.153263 0.789199
right
104
gcm: 0.541992 1.00434 -1.16809
H: -2.86369 1.57273 0.225889
L: 0.0712753 0.141017 0.779038
right
105
gcm: 0.542538 1.00614 -1.15719
H: -2.18147 1.51953 -0.330329
L: 0.0387479 0.128241 0.773964
right
106
gcm: 0.542948 1.0075 -1.14654
H: -2.46886 1.50194 -0.277521
L: 0.0291038 0.0959713 0.755997
right
107
gcm: 0.543374 1.00891 -1.13582
H: -3.70403 1.73791 0.253627
L: 0.0302609 0.100686 0.761597
right
108
gcm: 0.543989 1.01081 -1.12462
H: -3.98679 1.90137 0.260036
L: 0.0437071 0.134689 0.79525
right
109
gcm: 0.544868 1.01226 -1.1136
H: -4.69935 1.8324 -0.0947891
L: 0.0623983 0.102917 0.781864
right
110
gcm: 0.545458 1.0129 -1.10288
H: -5.11948 1.88393 0.412985
L: 0.041884 0.0456715 0.761412
right
111
gcm: 0.545788 1.01275 -1.09184
H: -3.30262 1.82013 0.75536
L: 0.023396 -0.0108749 0.783922
right
112
gcm: 0.546318 1.01317 -1.08078
H: -2.80106 1.6206 -0.124766
L: 0.0376596 0.0298297 0.785321
right
113
gcm: 0.547016 1.01321 -1.06984
H: -3.23143 1.53137 -1.21066
L: 0.0495529 0.00283615 0.776564
right
114
gcm: 0.547757 1.01276 -1.05907
H: -4.17247 1.42668 -0.900685
L: 0.0526367 -0.0317977 0.764775
right
115
gcm: 0.548122 1.01247 -1.04853
H: -5.79117 1.59254 1.34574
L: 0.0258682 -0.0205364 0.748447
right
116
gcm: 0.548179 1.01231 -1.0375
H: -5.38802 1.68841 1.70896
L: 0.00403642 -0.0114513 0.782874
right
117
gcm: 0.548595 1.01221 -1.02609
H: -4.69843 1.43387 -0.8891
L: 0.0295923 -0.00731824 0.810033
right
118
gcm: 0.549308 1.01266 -1.01487
H: -6.38486 1.46658 -0.917581
L: 0.0505912 0.0322641 0.796832
right
119
gcm: 0.549852 1.01287 -1.00397
H: -5.61733 1.44957 -0.0858493
L: 0.0386071 0.014301 0.774143
right
120
gcm: 0.550144 1.01241 -0.992931
H: -6.5038 1.5523 0.543456
L: 0.02078 -0.0325019 0.783437
right
121
gcm: 0.550374 1.01236 -0.981931
H: -7.14936 1.63689 -0.528985
L: 0.0163361 -0.00305573 0.781047
right
122
gcm: 0.550778 1.01237 -0.971001
H: -7.52653 1.50122 -0.401424
L: 0.028662 0.000484191 0.776022
right
123
gcm: 0.551299 1.01205 -0.959739
H: -7.60448 1.52009 0.583097
L: 0.0369555 -0.0228279 0.799603
right
124
gcm: 0.551725 1.01213 -0.948561
H: -7.11289 1.56974 0.575182
L: 0.0303011 0.00543139 0.793626
right
125
gcm: 0.552088 1.01226 -0.937984
H: -7.32375 1.37619 -0.403014
L: 0.0257476 0.00947852 0.750925
right
126
gcm: 0.552629 1.01198 -0.927358
H: -7.70801 1.13045 -1.21615
L: 0.0384235 -0.0196613 0.754481
right
127
gcm: 0.552849 1.01195 -0.916336
H: -8.62882 1.5833 0.520929
L: 0.0156337 -0.00227004 0.782591
right
128
gcm: 0.55294 1.01251 -0.9055
H: -8.65542 1.47699 0.762002
L: 0.00646521 0.0397708 0.769305
right
129
gcm: 0.553641 1.01233 -0.895152
H: -6.28367 0.957515 -1.64805
L: 0.0497536 -0.0125592 0.734702
right
130
gcm: 0.554159 1.01176 -0.884607
H: -9.25031 1.07266 -0.95115
L: 0.0367874 -0.0408595 0.748704
right
131
gcm: 0.554284 1.01198 -0.87501
H: -14.5902 0.978261 -1.56806
L: 0.00886615 0.0158203 0.681435
right
132
gcm: 0.554613 1.01215 -0.863648
H: -5.00675 0.940065 -1.061
L: 0.0233379 0.0117203 0.806688
right
133
gcm: 0.554545 1.0121 -0.852591
H: -3.30205 0.979211 -0.0714391
L: -0.004857 -0.00355509 0.785031
right
134
gcm: 0.554503 1.01124 -0.841402
H: -3.29858 0.585564 -0.585394
L: -0.00297968 -0.060864 0.794438
right
135
gcm: 0.554742 1.01008 -0.830346
H: -2.7381 0.863014 -1.23943
L: 0.0169827 -0.0822519 0.784987
right
136
gcm: 0.55478 1.00931 -0.819047
H: -2.80403 0.171347 -0.799234
L: 0.00272175 -0.0547238 0.802225
right
137
gcm: 0.55446 1.00854 -0.807674
H: -1.74533 0.21631 -0.164957
L: -0.0227055 -0.0545113 0.807471
right
138
gcm: 0.554057 1.00725 -0.796302
H: -0.496573 0.530958 0.855513
L: -0.0286052 -0.0920791 0.807386
right
139
gcm: 0.553679 1.00555 -0.785116
H: 1.0402 0.679684 0.574687
L: -0.026835 -0.120118 0.794214
right
140
gcm: 0.553247 1.00412 -0.77351
H: 2.18312 0.563423 0.555348
L: -0.0307178 -0.101796 0.824037
right
141
gcm: 0.55247 1.00307 -0.762114
H: 2.93736 0.695972 1.58664
L: -0.0551742 -0.0746001 0.809094
right
142
gcm: 0.551648 1.00159 -0.751051
H: 2.92931 0.851337 1.62877
L: -0.0583142 -0.104733 0.78547
right
143
gcm: 0.550958 0.999655 -0.739588
H: 3.11897 0.731433 1.52908
L: -0.048982 -0.137655 0.813909
right
144
gcm: 0.550208 0.997775 -0.727647
H: 3.86362 0.291018 2.85101
L: -0.0533189 -0.13348 0.847821
right
145
gcm: 0.549524 0.9958 -0.715451
H: 5.5391 0.0727777 2.52385
L: -0.0485635 -0.140252 0.865881
right
146
gcm: 0.548699 0.994152 -0.703782
H: 7.71054 0.54814 0.0293682
L: -0.0585567 -0.117023 0.828525
right
147
gcm: 0.547783 0.993434 -0.691701
H: 8.49184 0.775965 0.254935
L: -0.0649861 -0.050935 0.857713
right
148
gcm: 0.546815 0.993369 -0.679392
H: 7.82027 0.458656 1.23536
L: -0.068778 -0.0046191 0.873963
right
149
gcm: 0.545422 0.993317 -0.666917
H: 5.38554 0.465642 1.49493
L: -0.0988738 -0.00371071 0.885705
right
150
gcm: 0.543803 0.993182 -0.654543
H: 5.68912 0.671762 1.16302
L: -0.114996 -0.00956905 0.87857
right
151
gcm: 0.542564 0.993321 -0.64229
H: 7.96415 0.523603 0.893928
L: -0.0879156 0.00984819 0.869964
none 
152
gcm: 0.541444 0.993437 -0.630055
H: 8.67056 0.585893 1.04455
L: -0.0795056 0.00827586 0.868708
none 
153
gcm: 0.540593 0.992797 -0.61654
H: 16.0425 1.28617 0.613197
L: -0.0604449 -0.0454848 0.959552
left
154
gcm: 0.539533 0.993007 -0.603242
H: 15.1377 1.38392 0.675546
L: -0.0752817 0.0149476 0.944123
left
155
gcm: 0.537998 0.993527 -0.590408
H: 12.6742 1.11384 1.50222
L: -0.108954 0.0369287 0.911252
left
156
gcm: 0.536825 0.993918 -0.578201
H: 10.4889 0.846167 0.497125
L: -0.083276 0.0277125 0.866713
left
157
gcm: 0.535936 0.994964 -0.566322
H: 10.0538 0.885584 -0.574025
L: -0.0631617 0.074257 0.843361
left
158
gcm: 0.53465 0.996617 -0.553834
H: 12.2391 1.0439 0.29144
L: -0.0913128 0.117422 0.886634
left
159
gcm: 0.5333 0.998298 -0.541468
H: 9.61371 1.06723 1.0683
L: -0.0958277 0.119312 0.878021
left
160
gcm: 0.532497 0.999964 -0.529077
H: 8.68136 0.888456 0.0015734
L: -0.0570442 0.118312 0.879763
left
161
gcm: 0.531593 1.0019 -0.517207
H: 6.28365 0.627657 0.187595
L: -0.0641488 0.137616 0.842765
left
162
gcm: 0.530594 1.0041 -0.505667
H: 3.99174 0.328323 1.21213
L: -0.0709014 0.15576 0.819375
left
163
gcm: 0.529847 1.00597 -0.493961
H: 2.26133 0.170833 1.38696
L: -0.0530469 0.132918 0.831074
left
164
gcm: 0.528803 1.00774 -0.482321
H: 0.535794 -0.0682514 1.96765
L: -0.0741538 0.12588 0.826452
left
165
gcm: 0.527715 1.00988 -0.471117
H: -2.20445 -0.641723 2.19508
L: -0.0772182 0.151959 0.795475
left
166
gcm: 0.527457 1.01269 -0.459764
H: -4.03053 -0.856726 2.06583
L: -0.0183411 0.199691 0.806087
left
167
gcm: 0.527104 1.01482 -0.448855
H: -0.543071 -1.00569 -1.69326
L: -0.0250899 0.150602 0.774543
left
168
gcm: 0.526669 1.01689 -0.437538
H: -0.456813 -0.96084 -0.884651
L: -0.0308379 0.147246 0.803457
left
169
gcm: 0.526538 1.01894 -0.42583
H: 0.827604 -1.06206 -1.46435
L: -0.00929229 0.145846 0.831315
left
170
gcm: 0.526864 1.02056 -0.41481
H: 1.60369 -1.27005 -2.94362
L: 0.0231108 0.114893 0.782439
left
171
gcm: 0.526896 1.02217 -0.404271
H: 3.03233 -0.624264 -2.66556
L: 0.00228836 0.114233 0.748217
left
172
gcm: 0.526437 1.02435 -0.393516
H: 5.3294 0.14864 -2.33747
L: -0.032628 0.154464 0.763611
left
173
gcm: 0.526225 1.02692 -0.382238
H: -6.74221 -2.08974 1.23627
L: -0.0150231 0.182994 0.800768
left
174
gcm: 0.525958 1.02868 -0.371245
H: -4.16256 -1.39159 0.631788
L: -0.018923 0.124596 0.780471
left
175
gcm: 0.525496 1.0293 -0.36082
H: -3.10541 -1.2138 0.205623
L: -0.0328217 0.043943 0.740179
left
176
gcm: 0.525185 1.02982 -0.350418
H: -2.14837 -1.24577 0.151546
L: -0.0221195 0.0369141 0.738561
left
177
gcm: 0.524955 1.03063 -0.340008
H: -1.32803 -1.01589 0.173807
L: -0.0162862 0.0579543 0.739101
left
178
gcm: 0.524651 1.0311 -0.329467
H: -4.46494 -1.08031 1.34993
L: -0.0216021 0.0332152 0.74844
left
179
gcm: 0.524494 1.03106 -0.318828
H: -1.47243 -1.68885 -3.48399
L: -0.0111251 -0.00308574 0.755365
left
180
gcm: 0.524676 1.03089 -0.307994
H: -3.8052 -2.07502 -1.11361
L: 0.0129259 -0.0115894 0.769204
left
181
gcm: 0.524453 1.03087 -0.297153
H: -2.81705 -1.13903 -0.314889
L: -0.0158391 -0.00187366 0.769707
left
182
gcm: 0.524052 1.03102 -0.286399
H: -3.09464 -1.417 0.183177
L: -0.0284668 0.0108964 0.763559
left
183
gcm: 0.52393 1.0305 -0.275373
H: -3.57263 -1.47136 0.0153211
L: -0.00865908 -0.0370546 0.78284
left
184
gcm: 0.523883 1.02945 -0.264214
H: -4.14373 -1.52768 -0.0620541
L: -0.00336767 -0.0747131 0.792231
left
185
gcm: 0.52359 1.02869 -0.253444
H: -4.8853 -1.48935 0.174967
L: -0.0208124 -0.0537495 0.764724
left
186
gcm: 0.523473 1.02827 -0.242626
H: -5.68866 -1.70126 0.00381291
L: -0.00830049 -0.0295343 0.768058
left
187
gcm: 0.523837 1.02821 -0.231461
H: -4.62062 -1.74925 -1.2589
L: 0.0258272 -0.00487489 0.792718
left
188
gcm: 0.524337 1.02859 -0.220354
H: -4.58484 -1.8275 -1.24295
L: 0.035495 0.0270402 0.788578
left
189
gcm: 0.524476 1.02957 -0.209327
H: -7.28068 -1.97978 0.531667
L: 0.00988729 0.0697742 0.782959
left
190
gcm: 0.524355 1.03015 -0.198405
H: -6.73835 -1.80424 0.799357
L: -0.00857532 0.0414405 0.775464
left
191
gcm: 0.524225 1.02975 -0.187815
H: -7.38828 -1.80219 0.52988
L: -0.00921294 -0.0283043 0.751863
left
192
gcm: 0.524234 1.02934 -0.176984
H: -6.57893 -1.75899 -0.510833
L: 0.000596956 -0.0294957 0.769019
left
193
gcm: 0.524472 1.02882 -0.165729
H: -6.01806 -1.73095 -0.497978
L: 0.0169175 -0.036826 0.799056
left
194
gcm: 0.524624 1.02766 -0.154805
H: -7.21005 -1.65724 0.556262
L: 0.0107653 -0.0820471 0.775645
left
195
gcm: 0.524895 1.02697 -0.144088
H: -7.58 -1.72572 -0.285701
L: 0.01927 -0.0489893 0.760873
left
196
gcm: 0.525153 1.02671 -0.133317
H: -7.72624 -1.78719 -0.501543
L: 0.018324 -0.018821 0.764779
left
197
gcm: 0.525241 1.02639 -0.122424
H: -7.47999 -1.76687 0.459845
L: 0.00626184 -0.0227046 0.773354
left
198
gcm: 0.525728 1.02591 -0.111264
H: -6.20786 -1.88984 -0.387724
L: 0.0345701 -0.0337965 0.792397
left
199
gcm: 0.526469 1.02507 -0.100391
H: -6.93335 -1.84366 -0.468471
L: 0.0525621 -0.0599339 0.771986
left
200
gcm: 0.526817 1.02454 -0.0898518
H: -8.30099 -1.54694 0.768852
L: 0.024712 -0.0375163 0.748274
left
201
gcm: 0.526899 1.0243 -0.0790776
H: -7.04326 -1.34576 0.891294
L: 0.00581667 -0.0168447 0.764967
left
202
gcm: 0.527243 1.02362 -0.0681433
H: -4.96624 -1.35833 -0.128479
L: 0.0244817 -0.0483207 0.776334
left
203
gcm: 0.527759 1.02294 -0.0573412
H: -4.26965 -1.2601 0.0475483
L: 0.0365876 -0.0486296 0.766952
left
204
gcm: 0.528375 1.02305 -0.0464522
H: -3.85491 -0.878757 0.86857
L: 0.0437809 0.00821256 0.773114
left
205
gcm: 0.529224 1.02294 -0.0351083
H: -3.17457 -0.745886 0.622294
L: 0.0602841 -0.00814647 0.805416
left
206
gcm: 0.530169 1.02217 -0.0239762
H: -3.43018 -0.727121 0.146762
L: 0.0670587 -0.0545131 0.79038
left
207
gcm: 0.530981 1.02107 -0.0132477
H: -5.09417 -0.712714 0.442729
L: 0.0576417 -0.0784514 0.761724
left
208
gcm: 0.53174 1.02035 -0.00216499
H: -3.65726 -0.748552 0.142907
L: 0.0539022 -0.0511471 0.786875
left
209
gcm: 0.532529 1.01963 0.00979054
H: 2.30016 -0.475567 0.359618
L: 0.0560155 -0.0505759 0.848843
left
210
gcm: 0.533402 1.01868 0.021515
H: 2.25403 -0.553206 0.0697137
L: 0.0619914 -0.0679243 0.83244
left
211
gcm: 0.53443 1.01734 0.0334829
H: 2.65995 -1.11521 -0.687963
L: 0.0729912 -0.0946144 0.849719
left
212
gcm: 0.535755 1.01658 0.045779
H: 3.80121 -1.06628 -1.28339
L: 0.0940773 -0.0545876 0.873025
left
213
gcm: 0.537265 1.01648 0.0578819
H: 4.43837 -0.661505 -2.09118
L: 0.10724 -0.00652163 0.859303
left
214
gcm: 0.538661 1.01556 0.0699712
H: 3.93893 -0.367003 -1.40419
L: 0.0990937 -0.065865 0.858338
left
215
gcm: 0.539821 1.01363 0.0825618
H: 5.43986 -0.216702 0.0143411
L: 0.082359 -0.137069 0.893933
left
216
gcm: 0.541052 1.01243 0.0949014
H: 8.35934 -0.403804 0.0300983
L: 0.0873887 -0.0851103 0.876114
left
217
gcm: 0.542577 1.0116 0.106986
H: 8.20773 -0.454823 -0.395094
L: 0.108277 -0.058707 0.857996
left
218
gcm: 0.544092 1.01167 0.119578
H: 7.33318 -0.161061 0.313394
L: 0.107546 0.00513245 0.894063
left
219
gcm: 0.545728 1.01182 0.13257
H: 8.62084 -0.27635 0.266707
L: 0.116179 0.0104706 0.922395
left
220
gcm: 0.547705 1.01134 0.145526
H: 8.83498 -0.536162 -0.380615
L: 0.140377 -0.0341302 0.919885
left
221
gcm: 0.549834 1.01117 0.158301
H: 7.73569 -0.439684 -0.294452
L: 0.151156 -0.0117437 0.907005
none 
222
gcm: 0.551689 1.01111 0.172315
H: 13.0719 -0.807233 -0.63511
L: 0.131686 -0.00465713 0.995014
none 
223
gcm: 0.553378 1.01135 0.186159
H: 11.1386 -1.08725 -0.998089
L: 0.119917 0.0174492 0.982959
right
224
gcm: 0.555236 1.01127 0.199764
H: 11.7999 -1.15556 -0.652551
L: 0.131951 -0.00619468 0.965918
right
225
gcm: 0.557083 1.01084 0.213179
H: 12.167 -0.938182 0.12816
L: 0.131098 -0.0300991 0.952463
right
226
gcm: 0.558773 1.01083 0.226252
H: 10.3366 -0.675221 0.0120106
L: 0.12 -0.000706021 0.928164
right
227
gcm: 0.560513 1.01209 0.239413
H: 9.3618 -0.480946 -1.18429
L: 0.123582 0.0891974 0.934459
right
228
gcm: 0.562694 1.0137 0.252755
H: 10.3704 -0.565869 -1.11377
L: 0.154851 0.114492 0.947251
right
229
gcm: 0.564554 1.01472 0.265784
H: 8.35957 -0.639142 -0.96859
L: 0.13205 0.0720866 0.92507
right
230
gcm: 0.566324 1.01546 0.278174
H: 5.61271 -0.408311 -1.03876
L: 0.125615 0.0526355 0.879723
right
231
gcm: 0.56857 1.0175 0.290588
H: 4.72891 -0.520275 -2.72584
L: 0.159482 0.14529 0.881357
right
232
gcm: 0.570715 1.01957 0.303219
H: 5.03158 -0.783667 -2.10832
L: 0.152309 0.146309 0.896842
right
233
gcm: 0.572334 1.02012 0.315623
H: 4.1933 -0.639996 -0.386457
L: 0.114944 0.0395321 0.880671
right
234
gcm: 0.573572 1.02122 0.327277
H: 3.55264 -0.413123 0.470716
L: 0.0878736 0.0781436 0.827438
right
235
gcm: 0.574867 1.02343 0.338945
H: 2.623 -0.0420405 0.122553
L: 0.0919807 0.156824 0.828398
right
236
gcm: 0.57615 1.02505 0.351033
H: 1.17211 0.47793 -0.255463
L: 0.0910677 0.115153 0.858281
right
237
gcm: 0.577036 1.02734 0.362954
H: 0.601567 0.644142 0.0598012
L: 0.0629272 0.162637 0.846414
right
238
gcm: 0.577655 1.02963 0.374434
H: 0.0637486 0.831036 1.29178
L: 0.0439735 0.162031 0.81506
right
239
gcm: 0.578462 1.03132 0.385851
H: -0.804566 0.911491 1.5514
L: 0.0572845 0.119997 0.810569
right
240
gcm: 0.579462 1.03174 0.397122
H: -1.09274 0.839297 0.270098
L: 0.070989 0.0298749 0.800291
right
241
gcm: 0.580437 1.03534 0.408695
H: -1.61223 0.992531 -0.544756
L: 0.0692391 0.256044 0.821672
right
242
gcm: 0.581613 1.03723 0.419894
H: -1.86922 0.973494 -0.273095
L: 0.0834502 0.133608 0.795118
right
243
gcm: 0.582461 1.03739 0.430753
H: -2.71285 1.21195 0.468959
L: 0.0602409 0.0118573 0.771013
right
244
gcm: 0.582879 1.03861 0.441955
H: -3.25594 1.55965 1.22446
L: 0.0296796 0.0866542 0.795321
right
245
gcm: 0.583514 1.04023 0.453588
H: -3.11383 1.71016 0.550839
L: 0.0450796 0.114544 0.825937
right
246
gcm: 0.584511 1.04171 0.465232
H: -3.61339 1.71345 0.0834848
L: 0.0707912 0.105599 0.826697
right
247
gcm: 0.585478 1.04264 0.476379
H: -4.39718 1.72193 -0.306366
L: 0.068646 0.0660552 0.791449
right
248
gcm: 0.586271 1.04299 0.487512
H: -3.72635 1.57575 -1.07855
L: 0.0562941 0.0245688 0.790455
right
249
gcm: 0.586977 1.04339 0.499265
H: -2.47598 1.44237 -0.639396
L: 0.0501181 0.0283811 0.834489
right
250
gcm: 0.587749 1.04415 0.511071
H: -4.02292 1.48 0.0927861
L: 0.0548417 0.0541779 0.838195
right
251
gcm: 0.588713 1.0448 0.522353
H: -5.71939 1.61581 0.0291708
L: 0.06847 0.0462613 0.801036
right
252
gcm: 0.589536 1.0445 0.533342
H: -4.19881 1.76629 0.429245
L: 0.0583732 -0.0213358 0.780221
right
253
gcm: 0.590069 1.04372 0.54455
H: -3.64406 1.80876 0.931659
L: 0.0378869 -0.0554216 0.795767
right
254
gcm: 0.590538 1.04346 0.556088
H: -5.15671 1.79911 0.785213
L: 0.0332719 -0.0183762 0.819213
right
255
gcm: 0.591217 1.04367 0.567818
H: -5.28449 1.69477 -0.0591245
L: 0.0482549 0.0148556 0.832837
right
256
gcm: 0.592225 1.04341 0.579731
H: -4.98897 1.51856 -0.409854
L: 0.0715243 -0.0185685 0.845814
right
257
gcm: 0.592989 1.04237 0.591516
H: -5.43691 1.52685 -0.0105064
L: 0.0542862 -0.0742962 0.836703
right
258
gcm: 0.59346 1.0419 0.603039
H: -5.35676 1.71785 0.274201
L: 0.0333773 -0.0330323 0.818153
right
259
gcm: 0.59386 1.04231 0.614642
H: -5.46985 1.89519 0.677589
L: 0.0284169 0.0290274 0.82378
right
260
gcm: 0.594182 1.04289 0.626249
H: -6.85582 1.79026 0.601497
L: 0.0228605 0.040963 0.824139
right
261
gcm: 0.595611 1.04313 0.637249
H: -7.55783 1.38633 -1.51033
L: 0.10149 0.0173908 0.781001
right
262
gcm: 0.59577 1.04332 0.649062
H: -6.94301 1.81165 0.4857
L: 0.011267 0.0130881 0.83869
right
263
gcm: 0.596088 1.04355 0.66085
H: -6.6958 1.62798 0.0159821
L: 0.0225982 0.0165862 0.836981
right
264
gcm: 0.597084 1.0433 0.672132
H: -8.42301 1.43195 -0.748905
L: 0.0707077 -0.0179165 0.801015
right
265
gcm: 0.597388 1.04381 0.683536
H: -9.71071 1.74473 0.4091
L: 0.0216067 0.0361769 0.809679
right
266
gcm: 0.597786 1.04442 0.695065
H: -7.9772 1.90225 0.245811
L: 0.0282261 0.0434283 0.818555
right
267
gcm: 0.597934 1.04411 0.706403
H: -6.34168 1.42906 0.648296
L: 0.0105306 -0.0220475 0.804992
right
268
gcm: 0.598009 1.04367 0.717381
H: -7.22098 1.3671 -0.236043
L: 0.00531985 -0.0307682 0.779431
right
269
gcm: 0.5986 1.04256 0.728682
H: -9.57431 1.1374 -1.6831
L: 0.0419832 -0.0793953 0.802395
right
270
gcm: 0.599281 1.04185 0.739676
H: -12.9881 1.096 -2.27727
L: 0.0482824 -0.0500911 0.780529
right
271
gcm: 0.599679 1.04132 0.751241
H: -7.30029 1.05446 -0.790867
L: 0.0283104 -0.0373754 0.821147
right
272
gcm: 0.600023 1.04059 0.763275
H: -3.3982 1.01529 0.103557
L: 0.0244001 -0.0523686 0.854438
right
273
gcm: 0.600595 1.04044 0.775449
H: -3.34298 0.545506 -1.50698
L: 0.0405983 -0.0106543 0.864344
right
274
gcm: 0.601182 1.04023 0.787528
H: -4.47507 -0.143242 -3.99552
L: 0.0416608 -0.0143344 0.857607
right
275
gcm: 0.601418 1.03959 0.799544
H: -3.61736 -0.211704 -4.03232
L: 0.0168107 -0.0456711 0.853116
right
276
gcm: 0.601742 1.03804 0.81173
H: -2.93428 0.0822566 -2.52196
L: 0.022981 -0.110078 0.865244
right
277
gcm: 0.602027 1.03609 0.823902
H: -3.95837 0.328531 -0.803557
L: 0.0202509 -0.138144 0.864205
right
278
gcm: 0.60165 1.0348 0.836113
H: -1.52641 0.60029 1.27895
L: -0.0267895 -0.0921032 0.866956
right
279
gcm: 0.601152 1.03393 0.84868
H: 0.733945 0.289166 1.99759
L: -0.035325 -0.0618807 0.892295
right
280
gcm: 0.600916 1.03304 0.861159
H: 2.16449 1.28777 1.82594
L: -0.0167917 -0.0630536 0.885971
right
281
gcm: 0.600718 1.03162 0.873419
H: 3.5877 1.34381 2.86779
L: -0.0140622 -0.100844 0.870436
right
282
gcm: 0.600023 1.02914 0.885802
H: 5.24777 1.46115 3.30518
L: -0.0493037 -0.176001 0.879226
right
283
gcm: 0.599207 1.02654 0.898392
H: 5.12552 1.08101 2.16452
L: -0.0579905 -0.184668 0.893891
right
284
gcm: 0.598658 1.02451 0.911254
H: 5.11887 0.964209 2.07935
L: -0.0389378 -0.143921 0.913223
right
285
gcm: 0.598067 1.02186 0.924208
H: 5.98345 0.878008 2.48127
L: -0.0419898 -0.18795 0.919744
right
286
gcm: 0.597358 1.01855 0.937202
H: 6.03618 0.685416 2.09252
L: -0.0503358 -0.235104 0.922529
right
287
gcm: 0.596398 1.01673 0.950974
H: 7.71653 0.468622 2.01589
L: -0.0681633 -0.129609 0.977839
right
288
gcm: 0.595749 1.0172 0.96442
H: 9.12685 0.668681 1.6653
L: -0.0460504 0.0338956 0.954683
right
289
gcm: 0.595023 1.01798 0.978435
H: 7.96065 0.737535 0.166721
L: -0.0515319 0.055402 0.995063
right
290
gcm: 0.594234 1.01781 0.992268
H: 8.25098 0.602823 -0.0171006
L: -0.0560584 -0.0121378 0.982138
right
291
gcm: 0.593367 1.01707 1.00578
H: 9.99822 0.984592 0.870546
L: -0.0615694 -0.0529051 0.959051
right
292
gcm: 0.591915 1.01626 1.01888
H: 9.42511 1.33792 1.92995
L: -0.103091 -0.0575435 0.930103
none 
293
gcm: 0.590407 1.01568 1.03175
H: 7.95721 1.21172 0.959052
L: -0.107068 -0.0409114 0.91375
none 
294
gcm: 0.589604 1.01524 1.04549
H: 12.1246 1.22387 -0.347644
L: -0.0569704 -0.0311339 0.975717
right
295
gcm: 0.589138 1.01439 1.06039
H: 18.6626 1.52545 0.397936
L: -0.0331224 -0.0608574 1.05769
left
296
gcm: 0.58853 1.01421 1.07415
H: 14.9736 1.58304 -0.279778
L: -0.0431501 -0.012158 0.977011
left
297
gcm: 0.588064 1.01474 1.08734
H: 13.8687 1.46373 -0.943204
L: -0.0330527 0.0372098 0.936779
left
298
gcm: 0.58733 1.01511 1.10056
H: 9.58176 0.849432 0.0936027
L: -0.0521381 0.0263663 0.938647
left
299
gcm: 0.586442 1.0161 1.11399
H: 9.39358 1.26746 0.198802
L: -0.0630733 0.070385 0.953198
left
300
gcm: 0.585395 1.01772 1.12703
H: 8.8467 1.39823 1.2876
L: -0.0743472 0.115094 0.926059
left
301
gcm: 0.584011 1.01905 1.13982
H: 5.77175 0.854798 2.23003
L: -0.098224 0.093988 0.907973
left
302
gcm: 0.582911 1.02051 1.15281
H: 4.04714 0.362829 1.19971
L: -0.078098 0.10385 0.92222
left
303
gcm: 0.582374 1.02264 1.16559
H: 3.36507 0.131147 -0.0374926
L: -0.0381387 0.151437 0.907803
left
304
gcm: 0.582144 1.02498 1.17805
H: 1.62856 -0.221399 -0.807269
L: -0.0163468 0.166332 0.884724
left
305
gcm: 0.581827 1.02692 1.19021
H: 1.40427 -0.245901 -0.399166
L: -0.0224716 0.137592 0.86285
left
306
gcm: 0.581221 1.02865 1.20222
H: 1.5393 -0.189487 0.827503
L: -0.0430219 0.123002 0.853311
left
307
gcm: 0.581081 1.03054 1.21489
H: 0.479739 -0.477236 0.501479
L: -0.00994571 0.133635 0.898973
left
308
gcm: 0.581079 1.03303 1.22691
H: -0.0722899 -0.762957 -0.775626
L: -0.000193062 0.17675 0.853565
left
309
gcm: 0.580889 1.03528 1.23854
H: 0.461674 -0.996383 -1.04606
L: -0.013438 0.159801 0.825591
left
310
gcm: 0.580838 1.0375 1.24998
H: -1.10435 -0.993214 -0.858099
L: -0.00365732 0.157814 0.812218
left
311
gcm: 0.580918 1.03973 1.26105
H: -2.59683 -0.800831 -0.0721954
L: 0.00570344 0.158153 0.786272
left
312
gcm: 0.58065 1.04156 1.27209
H: -2.64745 -2.30899 -1.3226
L: -0.0190683 0.130299 0.78354
left
313
gcm: 0.580169 1.0434 1.28369
H: -3.05501 -1.0457 0.158556
L: -0.034128 0.13018 0.824042
left
314
gcm: 0.580089 1.04536 1.29485
H: -2.7273 -1.57865 -0.0955725
L: -0.00567899 0.139733 0.792375
left
315
gcm: 0.580592 1.04744 1.306
H: -2.60555 -2.09007 -1.20763
L: 0.0357411 0.147591 0.791463
left
316
gcm: 0.579354 1.04824 1.31891
H: 0.158749 -1.39927 3.37503
L: -0.0879052 0.0564412 0.916622
left
317
gcm: 0.579702 1.04929 1.32918
H: -2.43562 -1.84148 -1.497
L: 0.0247114 0.0743505 0.729093
left
318
gcm: 0.579987 1.05073 1.33997
H: -2.57245 -1.76234 -2.03596
L: 0.0202483 0.102524 0.766348
left
319
gcm: 0.57994 1.05213 1.3516
H: -6.79514 -1.87371 -0.164947
L: -0.00335382 0.0993084 0.825699
left
320
gcm: 0.580034 1.05277 1.36269
H: -3.89744 -2.0631 -3.24903
L: 0.00669388 0.045509 0.787582
left
321
gcm: 0.58027 1.05336 1.37408
H: -1.06975 -2.05243 -2.06791
L: 0.0167089 0.0417431 0.80832
left
322
gcm: 0.580137 1.05388 1.38583
H: -4.56229 -1.79214 0.584751
L: -0.00943113 0.0374733 0.83394
left
323
gcm: 0.580268 1.05423 1.39709
H: -4.93073 -1.75499 -0.775852
L: 0.00933293 0.0243707 0.799524
left
324
gcm: 0.580194 1.05418 1.40819
H: -3.43846 -1.82155 -0.745852
L: -0.00527001 -0.00311225 0.788368
left
325
gcm: 0.579868 1.05436 1.41966
H: -7.37747 -1.49649 4.44149
L: -0.0231506 0.0126939 0.814452
left
326
gcm: 0.579723 1.05498 1.42981
H: -5.97674 -1.88637 -3.2579
L: -0.0102853 0.0435269 0.720728
left
327
gcm: 0.580254 1.05469 1.44221
H: -0.0627495 -2.00775 -2.30704
L: 0.0377153 -0.0205192 0.88027
left
328
gcm: 0.57936 1.05407 1.4513
H: -10.0139 -1.72183 1.58819
L: -0.0635409 -0.0435398 0.645386
left
329
gcm: 0.57923 1.05438 1.46079
H: -7.77822 -2.10776 -0.071947
L: -0.00921367 0.0219568 0.674021
left
330
gcm: 0.579794 1.05513 1.47108
H: -6.1848 -2.13037 -1.50801
L: 0.0400724 0.0528108 0.730196
left
331
gcm: 0.579009 1.05538 1.48298
H: -4.66794 -1.56356 0.879208
L: -0.0557579 0.0182485 0.845044
left
332
gcm: 0.579238 1.05661 1.49522
H: -6.10388 -1.78205 0.906386
L: 0.0162532 0.0867829 0.869332
left
333
gcm: 0.579749 1.05737 1.50737
H: -5.48141 -2.10604 -1.23426
L: 0.0362944 0.0544005 0.862526
left
334
gcm: 0.580011 1.05739 1.51967
H: -7.11996 -1.76356 0.796164
L: 0.0186161 0.00108539 0.87314
left
335
gcm: 0.580071 1.0573 1.53149
H: -4.82599 -1.67608 0.600579
L: 0.00424184 -0.00602247 0.839386
left
336
gcm: 0.580449 1.05734 1.54332
H: -5.28326 -1.96397 -0.625675
L: 0.0268765 0.00274395 0.839721
left
337
gcm: 0.580697 1.05742 1.55474
H: -6.94924 -1.89696 -0.906688
L: 0.0175632 0.00593217 0.810911
left
338
gcm: 0.580625 1.05719 1.56554
H: -8.31742 -1.77532 -0.259322
L: -0.0050886 -0.0163346 0.766681
left
339
gcm: 0.580694 1.05636 1.57636
H: -7.67187 -1.70616 0.226193
L: 0.00491684 -0.0592242 0.768172
left
340
gcm: 0.580602 1.05593 1.58721
H: -7.99437 -1.60788 0.768686
L: -0.00653176 -0.0308788 0.770808
left
341
gcm: 0.580481 1.05593 1.598
H: -7.39234 -1.58354 0.494713
L: -0.00862605 0.000559987 0.765804
left
342
gcm: 0.58052 1.05537 1.60891
H: -6.68146 -1.35195 0.937221
L: 0.00280636 -0.0397954 0.774838
left
343
gcm: 0.580703 1.05477 1.62188
H: -2.77035 -1.00419 0.822523
L: 0.012992 -0.042513 0.920722
left
344
gcm: 0.581182 1.05415 1.63336
H: -5.12056 -1.27684 -0.311645
L: 0.033999 -0.0441806 0.815077
left
345
gcm: 0.581853 1.05341 1.64577
H: -1.45097 -0.867954 -0.756594
L: 0.0476521 -0.0525048 0.881317
left
346
gcm: 0.582567 1.0528 1.65677
H: -4.97399 -0.787657 1.07302
L: 0.0506881 -0.0433676 0.781009
left
347
gcm: 0.582644 1.05176 1.66683
H: -7.15446 -0.54431 3.20411
L: 0.00541792 -0.0739204 0.713875
left
348
gcm: 0.582693 1.0502 1.67809
H: -3.12343 -0.443258 2.36534
L: 0.00353126 -0.110601 0.799313
left
349
gcm: 0.583315 1.04792 1.68934
H: -3.13185 -0.784153 0.89928
L: 0.0441724 -0.161935 0.799087
left
350
gcm: 0.584002 1.04592 1.70059
H: -1.31291 -0.826951 0.125426
L: 0.0487265 -0.142082 0.798289
left
351
gcm: 0.58475 1.04471 1.71496
H: 6.00917 -0.510574 -0.924091
L: 0.0531022 -0.0862104 1.02031
left
352
gcm: 0.58555 1.04303 1.72651
H: 0.769096 -1.20383 -1.11815
L: 0.0567994 -0.119208 0.820321
left
353
gcm: 0.586581 1.04042 1.73843
H: 3.18063 -1.595 -1.63528
L: 0.0732006 -0.185295 0.846618
left
354
gcm: 0.58814 1.0383 1.75122
H: 4.14982 -1.3431 -2.79842
L: 0.110744 -0.15065 0.907478
left
355
gcm: 0.588602 1.03779 1.76254
H: 5.47749 -0.18109 0.684385
L: 0.0327921 -0.0356485 0.804067
left
356
gcm: 0.589191 1.03641 1.77737
H: 8.00621 -0.342763 0.200672
L: 0.0417692 -0.0981959 1.05284
left
357
gcm: 0.589563 1.0346 1.78861
H: 7.63069 -0.786677 0.978877
L: 0.0264275 -0.128414 0.798171
left
358
gcm: 0.59076 1.03419 1.80105
H: 7.89321 -0.668945 -0.340687
L: 0.0850217 -0.0289861 0.882943
left
359
gcm: 0.591805 1.03427 1.81291
H: 13.0865 -0.8252 0.0280357
L: 0.0741872 0.00505762 0.842588
left
360
gcm: 0.592776 1.03378 1.82683
H: 9.32991 -0.472355 0.479702
L: 0.0689488 -0.0346862 0.987692
left
361
gcm: 0.594541 1.03336 1.84046
H: 4.28998 -0.284043 -0.977975
L: 0.125278 -0.0296722 0.96797
left
362
gcm: 0.596434 1.03338 1.85375
H: 8.16244 -0.250212 -0.871492
L: 0.134395 0.0018092 0.944012
none 
363
gcm: 0.598198 1.03273 1.86822
H: 16.5112 -1.21117 -1.0086
L: 0.125246 -0.0463962 1.02696
none 
364
gcm: 0.599962 1.03189 1.88124
H: 15.825 -1.68232 -0.571687
L: 0.125268 -0.0596055 0.924383
none 
365
gcm: 0.600299 1.03152 1.89393
H: 12.7957 -1.46479 1.66229
L: 0.0239516 -0.0262342 0.901289
none 
366
gcm: 0.601802 1.03168 1.90783
H: 18.3131 -1.87544 1.6213
L: 0.106677 0.0110972 0.986587
right
367
gcm: 0.60372 1.03184 1.92123
H: 12.0654 0.303146 -3.24238
L: 0.136204 0.0115995 0.951854
right
368
gcm: 0.605254 1.03189 1.93405
H: 10.2676 -0.705511 -1.53008
L: 0.108913 0.00314435 0.909728
right
369
gcm: 0.606688 1.03327 1.94755
H: 7.20888 -0.00522924 -1.13568
L: 0.101773 0.0980509 0.958995
right
370
gcm: 0.607971 1.03539 1.96187
H: 2.59988 0.0533097 0.646468
L: 0.0911195 0.150684 1.0161
right
371
gcm: 0.609338 1.03654 1.97378
H: 9.67866 -1.46911 0.106273
L: 0.097019 0.082028 0.845557
right
372
gcm: 0.610697 1.03834 1.9858
H: 8.39731 -0.799427 -1.37056
L: 0.0965041 0.127564 0.853563
right
373
gcm: 0.61211 1.04049 1.99843
H: 6.02691 -0.495199 -1.51196
L: 0.100323 0.152921 0.897177
right
374
gcm: 0.613695 1.04231 2.01032
H: 1.2037 -0.482679 -0.269621
L: 0.112554 0.128893 0.843879
right
375
gcm: 0.615756 1.04541 2.02356
H: 6.17991 -0.70376 -2.54804
L: 0.146358 0.21977 0.940281
right
376
gcm: 0.616335 1.04837 2.0347
H: -1.87112 0.488081 0.177136
L: 0.0410744 0.21064 0.79067
right
377
gcm: 0.616866 1.04957 2.04563
H: 0.17774 0.65173 0.393642
L: 0.0377415 0.085328 0.776382
right
378
gcm: 0.617159 1.05193 2.05682
H: 0.43978 1.22078 0.528007
L: 0.020794 0.167565 0.794481
right
379
gcm: 0.617159 1.05193 2.05682
H: 0 0 0
L: 0 0 0
none 
380
gcm: 0.617159 1.05193 2.05682
H: 0 0 0
L: 0 0 0
none 
381
gcm: 0.617159 1.05193 2.05682
H: 0 0 0
L: 0 0 0
none 
382
gcm: 0.617159 1.05193 2.05682
H: 0 0 0
L: 0 0 0
none 
383
gcm: 0.617159 1.05193 2.05682
H: 0 0 0
L: 0 0 0
none 
384
gcm: 0.617159 1.05193 2.05682
H: 0 0 0
L: 0 0 0
none 
385
gcm: 0.617159 1.05193 2.05682
H: 0 0 0
L: 0 0 0
none 
386
gcm: 0.617159 1.05193 2.05682
H: 0 0 0
L: 0 0 0
none 
387
gcm: 0.617159 1.05193 2.05682
H: 0 0 0
L: 0 0 0
none 
388
gcm: 0.617159 1.05193 2.05682
H: 0 0 0
L: 0 0 0
none 
389
gcm: 0.617159 1.05193 2.05682
H: 0 0 0
L: 0 0 0
none 
390
gcm: 0.617159 1.05193 2.05682
H: 0 0 0
L: 0 0 0
none 
391
gcm: 0.617159 1.05193 2.05682
H: 0 0 0
L: 0 0 0
none 
392
gcm: 0.617159 1.05193 2.05682
H: 0 0 0
L: 0 0 0
none 
393
gcm: 0.617159 1.05193 2.05682
H: 0 0 0
L: 0 0 0
none 
394
gcm: 0.617159 1.05193 2.05682
H: 0 0 0
L: 0 0 0
none 
395
gcm: 0.617159 1.05193 2.05682
H: 0 0 0
L: 0 0 0
none 
396
gcm: 0.617159 1.05193 2.05682
H: 0 0 0
L: 0 0 0
none 
397
gcm: 0.617159 1.05193 2.05682
H: 0 0 0
L: 0 0 0
none 
398
gcm: 0.617159 1.05193 2.05682
H: 0 0 0
L: 0 0 0
none 
399
gcm: 0.617159 1.05193 2.05682
H: 0 0 0
L: 0 0 0
none 
400
gcm: 0.617159 1.05193 2.05682
H: 0 0 0
L: 0 0 0
none 
401
gcm: 0.617159 1.05193 2.05682
H: 0 0 0
L: 0 0 0
none 
402
gcm: 0.617159 1.05193 2.05682
H: 0 0 0
L: 0 0 0
none 
403
gcm: 0.617159 1.05193 2.05682
H: 0 0 0
L: 0 0 0
none 
404
gcm: 0.617159 1.05193 2.05682
H: 0 0 0
L: 0 0 0
none 
405
gcm: 0.617159 1.05193 2.05682
H: 0 0 0
L: 0 0 0
none 
406
gcm: 0.617159 1.05193 2.05682
H: 0 0 0
L: 0 0 0
none 
407
gcm: 0.617159 1.05193 2.05682
H: 0 0 0
L: 0 0 0
none 
408
gcm: 0.617159 1.05193 2.05682
H: 0 0 0
L: 0 0 0
none 
409
gcm: 0.617159 1.05193 2.05682
H: 0 0 0
L: 0 0 0
none 
410
gcm: 0.617159 1.05193 2.05682
H: 0 0 0
L: 0 0 0
none 
411
gcm: 0.617159 1.05193 2.05682
H: 0 0 0
L: 0 0 0
none 
412
gcm: 0.617159 1.05193 2.05682
H: 0 0 0
L: 0 0 0
none 
413
gcm: 0.617159 1.05193 2.05682
H: 0 0 0
L: 0 0 0
none 
414
gcm: 0.617159 1.05193 2.05682
H: 0 0 0
L: 0 0 0
none 
415
gcm: 0.617159 1.05193 2.05682
H: 0 0 0
L: 0 0 0
none 
416
gcm: 0.617159 1.05193 2.05682
H: 0 0 0
L: 0 0 0
none 
417
gcm: 0.617159 1.05193 2.05682
H: 0 0 0
L: 0 0 0
none 
418
gcm: 0.617159 1.05193 2.05682
H: 0 0 0
L: 0 0 0
none 
419
gcm: 0.617159 1.05193 2.05682
H: 0 0 0
L: 0 0 0
none 
420
gcm: 0.617159 1.05193 2.05682
H: 0 0 0
L: 0 0 0
none 
421
gcm: 0.617159 1.05193 2.05682
H: 0 0 0
L: 0 0 0
none 
422
gcm: 0.617159 1.05193 2.05682
H: 0 0 0
L: 0 0 0
none 
423
gcm: 0.617159 1.05193 2.05682
H: 0 0 0
L: 0 0 0
none 
424
gcm: 0.617159 1.05193 2.05682
H: 0 0 0
L: 0 0 0
none 
425
gcm: 0.617159 1.05193 2.05682
H: 0 0 0
L: 0 0 0
none 
426
gcm: 0.617159 1.05193 2.05682
H: 0 0 0
L: 0 0 0
none 
427
gcm: 0.617159 1.05193 2.05682
H: 0 0 0
L: 0 0 0
none 
428
gcm: 0.617159 1.05193 2.05682
H: 0 0 0
L: 0 0 0
none 
429
gcm: 0.617159 1.05193 2.05682
H: 0 0 0
L: 0 0 0
none 
430
gcm: 0.617159 1.05193 2.05682
H: 0 0 0
L: 0 0 0
none 
431
gcm: 0.617159 1.05193 2.05682
H: 0 0 0
L: 0 0 0
none 
432
gcm: 0.617159 1.05193 2.05682
H: 0 0 0
L: 0 0 0
none 
433
gcm: 0.617159 1.05193 2.05682
H: 0 0 0
L: 0 0 0
none 
434
gcm: 0.617159 1.05193 2.05682
H: 0 0 0
L: 0 0 0
none 
435
gcm: 0.617159 1.05193 2.05682
H: 0 0 0
L: 0 0 0
none 
436
gcm: 0.617159 1.05193 2.05682
H: 0 0 0
L: 0 0 0
none 
437
gcm: 0.617159 1.05193 2.05682
H: 0 0 0
L: 0 0 0
none 
438
gcm: 0.617159 1.05193 2.05682
H: 0 0 0
L: 0 0 0
none 
439
gcm: 0.617159 1.05193 2.05682
H: 0 0 0
L: 0 0 0
none 
440
gcm: 0.617159 1.05193 2.05682
H: 0 0 0
L: 0 0 0
none 
441
gcm: 0.617159 1.05193 2.05682
H: 0 0 0
L: 0 0 0
none 
442
gcm: 0.617159 1.05193 2.05682
H: 0 0 0
L: 0 0 0
none 
443
gcm: 0.617159 1.05193 2.05682
H: 0 0 0
L: 0 0 0
none 
444
gcm: 0.617159 1.05193 2.05682
H: 0 0 0
L: 0 0 0
none 
445
gcm: 0.617159 1.05193 2.05682
H: 0 0 0
L: 0 0 0
none 
446
gcm: 0.617159 1.05193 2.05682
H: 0 0 0
L: 0 0 0
none 
447
gcm: 0.617159 1.05193 2.05682
H: 0 0 0
L: 0 0 0
none 
448
gcm: 0.617159 1.05193 2.05682
H: 0 0 0
L: 0 0 0
none 
449
gcm: 0.617159 1.05193 2.05682
H: 0 0 0
L: 0 0 0
none 
450
gcm: 0.617159 1.05193 2.05682
H: 0 0 0
L: 0 0 0
none 
451
gcm: 0.617159 1.05193 2.05682
H: 0 0 0
L: 0 0 0
none 
452
gcm: 0.617159 1.05193 2.05682
H: 0 0 0
L: 0 0 0
none 
453
gcm: 0.617159 1.05193 2.05682
H: 0 0 0
L: 0 0 0
none 
454
gcm: 0.617159 1.05193 2.05682
H: 0 0 0
L: 0 0 0
none 
455
gcm: 0.617159 1.05193 2.05682
H: 0 0 0
L: 0 0 0
none 
456
gcm: 0.617159 1.05193 2.05682
H: 0 0 0
L: 0 0 0
none 
457
gcm: 0.617159 1.05193 2.05682
H: 0 0 0
L: 0 0 0
none 
458
gcm: 0.617159 1.05193 2.05682
H: 0 0 0
L: 0 0 0
none 
459
gcm: 0.617159 1.05193 2.05682
H: 0 0 0
L: 0 0 0
none 
460
gcm: 0.617159 1.05193 2.05682
H: 0 0 0
L: 0 0 0
none 
461
gcm: 0.617159 1.05193 2.05682
H: 0 0 0
L: 0 0 0
none 
462
gcm: 0.617159 1.05193 2.05682
H: 0 0 0
L: 0 0 0
none 
463
gcm: 0.617159 1.05193 2.05682
H: 0 0 0
L: 0 0 0
none 
464
gcm: 0.617159 1.05193 2.05682
H: 0 0 0
L: 0 0 0
none 
465
gcm: 0.617159 1.05193 2.05682
H: 0 0 0
L: 0 0 0
none 
466
gcm: 0.617159 1.05193 2.05682
H: 0 0 0
L: 0 0 0
none 
467
gcm: 0.617159 1.05193 2.05682
H: 0 0 0
L: 0 0 0
none 
468
gcm: 0.617159 1.05193 2.05682
H: 0 0 0
L: 0 0 0
none 
469
gcm: 0.617159 1.05193 2.05682
H: 0 0 0
L: 0 0 0
none 
470
gcm: 0.617159 1.05193 2.05682
H: 0 0 0
L: 0 0 0
none 
471
gcm: 0.617159 1.05193 2.05682
H: 0 0 0
L: 0 0 0
none 
472
gcm: 0.617159 1.05193 2.05682
H: 0 0 0
L: 0 0 0
none 
473
gcm: 0.617159 1.05193 2.05682
H: 0 0 0
L: 0 0 0
none 
474
gcm: 0.617159 1.05193 2.05682
H: 0 0 0
L: 0 0 0
none 
475
gcm: 0.617159 1.05193 2.05682
H: 0 0 0
L: 0 0 0
none 
476
gcm: 0.617159 1.05193 2.05682
H: 0 0 0
L: 0 0 0
none 
477
gcm: 0.617159 1.05193 2.05682
H: 0 0 0
L: 0 0 0
none 
478
gcm: 0.617159 1.05193 2.05682
H: 0 0 0
L: 0 0 0
none 
479
gcm: 0.617159 1.05193 2.05682
H: 0 0 0
L: 0 0 0
none 
480
gcm: 0.617159 1.05193 2.05682
H: 0 0 0
L: 0 0 0
none 
481
gcm: 0.617159 1.05193 2.05682
H: 0 0 0
L: 0 0 0
none 
482
gcm: 0.617159 1.05193 2.05682
H: 0 0 0
L: 0 0 0
none 
483
gcm: 0.617159 1.05193 2.05682
H: 0 0 0
L: 0 0 0
none 
484
gcm: 0.617159 1.05193 2.05682
H: 0 0 0
L: 0 0 0
none 
485
gcm: 0.617159 1.05193 2.05682
H: 0 0 0
L: 0 0 0
none 
486
gcm: 0.617159 1.05193 2.05682
H: 0 0 0
L: 0 0 0
none 
487
gcm: 0.617159 1.05193 2.05682
H: 0 0 0
L: 0 0 0
none 
488
gcm: 0.617159 1.05193 2.05682
H: 0 0 0
L: 0 0 0
none 
489
gcm: 0.617159 1.05193 2.05682
H: 0 0 0
L: 0 0 0
none 
490
gcm: 0.617159 1.05193 2.05682
H: 0 0 0
L: 0 0 0
none 
491
gcm: 0.617159 1.05193 2.05682
H: 0 0 0
L: 0 0 0
none 
492
gcm: 0.617159 1.05193 2.05682
H: 0 0 0
L: 0 0 0
none 
493
gcm: 0.617159 1.05193 2.05682
H: 0 0 0
L: 0 0 0
none 
494
gcm: 0.617159 1.05193 2.05682
H: 0 0 0
L: 0 0 0
none 
495
gcm: 0.617159 1.05193 2.05682
H: 0 0 0
L: 0 0 0
none 
496
gcm: 0.617159 1.05193 2.05682
H: 0 0 0
L: 0 0 0
none 
497
gcm: 0.617159 1.05193 2.05682
H: 0 0 0
L: 0 0 0
none 
498
gcm: 0.617159 1.05193 2.05682
H: 0 0 0
L: 0 0 0
none 
499
gcm: 0.617159 1.05193 2.05682
H: 0 0 0
L: 0 0 0
none 
500
gcm: 0.617159 1.05193 2.05682
H: 0 0 0
L: 0 0 0
none 
501
gcm: 0.617159 1.05193 2.05682
H: 0 0 0
L: 0 0 0
none 
502
gcm: 0.617159 1.05193 2.05682
H: 0 0 0
L: 0 0 0
none 
503
gcm: 0.617159 1.05193 2.05682
H: 0 0 0
L: 0 0 0
none 
504
gcm: 0.617159 1.05193 2.05682
H: 0 0 0
L: 0 0 0
none 
505
gcm: 0.617159 1.05193 2.05682
H: 0 0 0
L: 0 0 0
none 
506
gcm: 0.617159 1.05193 2.05682
H: 0 0 0
L: 0 0 0
none 
507
gcm: 0.617159 1.05193 2.05682
H: 0 0 0
L: 0 0 0
none 
508
gcm: 0.617159 1.05193 2.05682
H: 0 0 0
L: 0 0 0
none 
509
gcm: 0.617159 1.05193 2.05682
H: 0 0 0
L: 0 0 0
none 
510
gcm: 0.617159 1.05193 2.05682
H: 0 0 0
L: 0 0 0
none 
511
gcm: 0.617159 1.05193 2.05682
H: 0 0 0
L: 0 0 0
none 
512
gcm: 0.617159 1.05193 2.05682
H: 0 0 0
L: 0 0 0
none 
513
gcm: 0.617159 1.05193 2.05682
H: 0 0 0
L: 0 0 0
none 
514
gcm: 0.617159 1.05193 2.05682
H: 0 0 0
L: 0 0 0
none 
515
gcm: 0.617159 1.05193 2.05682
H: 0 0 0
L: 0 0 0
none 
516
gcm: 0.617159 1.05193 2.05682
H: 0 0 0
L: 0 0 0
none 
516
gcm: 0.617159 1.05193 2.05682
H: 0 0 0
L: 0 0 0
none 
