:metadata
 
Skeleton: /Network/Servers/duerer/Volumes/duerer/laturnus/workspace/new_acm/asf/07-walk.asf
Motion: /Network/Servers/duerer/Volumes/duerer/laturnus/workspace/new_acm/amc/07_08-walk.amc
Mass Distribution: /Network/Servers/duerer/Volumes/duerer/laturnus/workspace/new_acm/amd/NHR03-06.amd
 
Inital skeleton translation: 0 0 0
Initial skeleton rotation: 0 0 0
 
:data
1
gcm: 0.454667 0.978669 -2.05195
H: -6.77878 -1.48945 0.385804
L: 0.00162718 0.0155233 0.793704
left
2
gcm: 0.455022 0.979713 -2.04079
H: -5.85803 -1.55658 -1.28669
L: 0.0252075 0.0741468 0.792927
left
3
gcm: 0.455304 0.980267 -2.0296
H: -5.60255 -1.57891 -0.976251
L: 0.0200444 0.0393769 0.794259
left
4
gcm: 0.455493 0.98064 -2.01845
H: -6.02747 -1.61343 -0.028703
L: 0.013412 0.0264401 0.791422
left
5
gcm: 0.455666 0.980944 -2.00716
H: -6.15372 -1.70686 0.154835
L: 0.012316 0.0215866 0.801836
left
6
gcm: 0.455955 0.980801 -1.99569
H: -6.15926 -1.7172 -0.28435
L: 0.0204528 -0.0101193 0.814308
left
7
gcm: 0.456465 0.980745 -1.98427
H: -5.93711 -1.64043 -1.24888
L: 0.0362539 -0.00402813 0.810471
left
8
gcm: 0.456776 0.980763 -1.9731
H: -6.91913 -1.54731 -0.573832
L: 0.0220773 0.00131756 0.793309
left
9
gcm: 0.456777 0.980002 -1.96197
H: -7.31849 -1.53995 0.94984
L: 7.88898e-05 -0.0540659 0.790108
left
10
gcm: 0.457084 0.979039 -1.95073
H: -6.84442 -1.58658 0.739621
L: 0.0218152 -0.0683575 0.798047
left
11
gcm: 0.457458 0.978882 -1.93962
H: -6.98376 -1.79584 -0.615285
L: 0.0265403 -0.0111649 0.788811
left
12
gcm: 0.457972 0.978656 -1.92854
H: -6.61483 -1.52796 -0.0847868
L: 0.036506 -0.0160358 0.78691
left
13
gcm: 0.458817 0.977599 -1.91711
H: -6.07427 -1.45119 -0.358108
L: 0.0599673 -0.0749981 0.811666
left
14
gcm: 0.459566 0.976167 -1.90573
H: -5.41851 -1.45693 -1.1859
L: 0.0531856 -0.101707 0.807971
left
15
gcm: 0.459625 0.975143 -1.89483
H: -5.50558 -1.3695 -0.232009
L: 0.0041467 -0.0727374 0.773932
left
16
gcm: 0.460714 0.97352 -1.88312
H: -4.72407 -1.59844 0.204031
L: 0.0773509 -0.115179 0.831462
left
17
gcm: 0.461591 0.971688 -1.87159
H: -6.01459 -1.03557 0.557789
L: 0.0622772 -0.130059 0.81802
left
18
gcm: 0.462327 0.970693 -1.86039
H: -5.6811 -1.03865 0.72815
L: 0.0522293 -0.0706988 0.795777
left
19
gcm: 0.463141 0.969578 -1.84923
H: -3.75828 -0.979715 0.295447
L: 0.0577892 -0.0791484 0.792225
left
20
gcm: 0.463995 0.96817 -1.83793
H: -2.5085 -0.690957 0.827734
L: 0.060647 -0.0999923 0.802075
left
21
gcm: 0.464743 0.967326 -1.8264
H: -2.50243 -0.419049 2.12116
L: 0.0531212 -0.0598944 0.818705
left
22
gcm: 0.465709 0.966664 -1.81496
H: -2.74871 -0.310199 1.77761
L: 0.0685677 -0.047033 0.812519
left
23
gcm: 0.466894 0.965524 -1.80359
H: -3.55033 -0.10668 1.25049
L: 0.0841198 -0.0809157 0.807084
left
24
gcm: 0.467928 0.964605 -1.79233
H: -4.97282 0.0816199 1.81436
L: 0.0734205 -0.0652696 0.79944
left
25
gcm: 0.469087 0.963749 -1.78019
H: 0.234877 -0.20231 0.610347
L: 0.0823214 -0.0607193 0.86217
left
26
gcm: 0.470643 0.962199 -1.7679
H: 1.82857 -0.547776 -1.43253
L: 0.110492 -0.110082 0.872506
left
27
gcm: 0.47258 0.959205 -1.7556
H: 1.12882 -0.600097 0.32628
L: 0.137505 -0.212556 0.87283
left
28
gcm: 0.475525 0.959141 -1.74206
H: 3.17378 -1.27458 -2.41375
L: 0.209124 -0.00456158 0.961779
left
29
gcm: 0.47633 0.958784 -1.7295
H: 3.52997 -0.526966 -0.396466
L: 0.0571442 -0.0253486 0.891363
left
30
gcm: 0.477842 0.957812 -1.71637
H: 5.84296 -0.454882 -0.775782
L: 0.107344 -0.0690368 0.932231
left
31
gcm: 0.479644 0.956904 -1.70303
H: 9.35332 -0.170808 -1.43108
L: 0.1279 -0.0644413 0.947369
left
32
gcm: 0.481713 0.956466 -1.68958
H: 10.6959 -0.300467 -1.18712
L: 0.146897 -0.0311299 0.954973
left
33
gcm: 0.484073 0.956464 -1.67592
H: 10.2303 -0.288141 -0.150102
L: 0.16759 -8.22727e-05 0.970027
left
34
gcm: 0.486384 0.956111 -1.66238
H: 8.60949 0.0782076 0.233457
L: 0.164087 -0.0250868 0.96126
left
35
gcm: 0.488679 0.955283 -1.64911
H: 7.88379 0.0990489 0.380896
L: 0.162906 -0.0588145 0.94186
none 
36
gcm: 0.491104 0.954628 -1.63586
H: 7.75082 -0.152031 -0.373711
L: 0.172215 -0.0465039 0.940662
none 
37
gcm: 0.493482 0.954635 -1.62242
H: 8.76591 -0.711834 -0.526592
L: 0.168823 0.00052393 0.954467
none 
38
gcm: 0.495689 0.954901 -1.60892
H: 8.72779 -0.83789 -0.629104
L: 0.156673 0.0188704 0.958316
left
39
gcm: 0.497973 0.955106 -1.59527
H: 8.11973 -0.837161 -0.49068
L: 0.162186 0.014546 0.969494
left
40
gcm: 0.500337 0.954538 -1.58001
H: 16.9298 -1.9092 0.495223
L: 0.167841 -0.0403147 1.0834
right
41
gcm: 0.502867 0.954958 -1.56606
H: 11.6862 -1.54667 0.169974
L: 0.179659 0.0298053 0.990316
right
42
gcm: 0.505557 0.95596 -1.55263
H: 9.67106 -1.05034 -1.22443
L: 0.19098 0.0711413 0.953372
right
43
gcm: 0.507983 0.957427 -1.53883
H: 9.2386 -0.749487 -0.528791
L: 0.172208 0.104185 0.979942
right
44
gcm: 0.510486 0.958864 -1.52499
H: 9.60693 -1.02083 -0.246706
L: 0.177762 0.102048 0.983093
right
45
gcm: 0.513 0.960032 -1.51175
H: 9.35909 -1.45502 0.0402789
L: 0.1785 0.082883 0.940055
right
46
gcm: 0.515335 0.961383 -1.4989
H: 8.64382 -1.35467 -0.255389
L: 0.165773 0.0959591 0.912254
right
47
gcm: 0.517526 0.963162 -1.48588
H: 7.74892 -1.23257 -0.388859
L: 0.155534 0.12627 0.924327
right
48
gcm: 0.519722 0.964939 -1.47271
H: 7.4182 -1.60064 0.409907
L: 0.155964 0.126157 0.935185
right
49
gcm: 0.521882 0.966785 -1.45982
H: 6.84817 -1.61251 0.612299
L: 0.153339 0.131085 0.914737
right
50
gcm: 0.523537 0.968679 -1.44733
H: 4.9136 -0.619555 0.26643
L: 0.117471 0.134466 0.88714
right
51
gcm: 0.525124 0.970651 -1.43495
H: 2.96372 0.0828642 0.0362365
L: 0.112701 0.14 0.878999
right
52
gcm: 0.526738 0.972988 -1.42244
H: 2.46079 0.412541 -0.0254547
L: 0.114604 0.165966 0.887905
right
53
gcm: 0.527867 0.975626 -1.40975
H: 2.82813 0.825644 -0.168445
L: 0.0801633 0.187314 0.900778
right
54
gcm: 0.529204 0.978162 -1.39827
H: -0.272797 0.697606 0.812387
L: 0.0949349 0.179998 0.815356
right
55
gcm: 0.530515 0.98029 -1.38636
H: -0.127501 0.762533 0.635545
L: 0.0930837 0.151124 0.845947
right
56
gcm: 0.531679 0.982432 -1.37445
H: 0.00880091 0.986757 -0.0969847
L: 0.0826307 0.152102 0.845632
right
57
gcm: 0.532924 0.985109 -1.36254
H: -0.274644 1.01989 -0.240255
L: 0.0884156 0.190053 0.845148
right
58
gcm: 0.533988 0.98807 -1.35076
H: -1.14541 1.13836 -0.123363
L: 0.0755196 0.21025 0.836786
right
59
gcm: 0.53486 0.99102 -1.33921
H: -1.86516 1.14611 0.434708
L: 0.0619262 0.209446 0.819746
right
60
gcm: 0.535686 0.993537 -1.32768
H: -1.28217 1.08327 0.729741
L: 0.058615 0.178678 0.818975
right
61
gcm: 0.536326 0.995645 -1.31619
H: -1.79374 1.31331 0.494321
L: 0.0454832 0.149666 0.8154
right
62
gcm: 0.537262 0.997751 -1.30473
H: -3.97639 1.62148 -0.265601
L: 0.0664296 0.149509 0.813539
right
63
gcm: 0.538166 0.999771 -1.29338
H: -4.42538 1.87167 0.0745796
L: 0.0641444 0.143462 0.806005
right
64
gcm: 0.538867 1.00175 -1.28186
H: -3.26996 1.73756 0.344833
L: 0.0497958 0.14075 0.818155
right
65
gcm: 0.539834 1.00344 -1.27013
H: -2.43051 1.33773 -0.355948
L: 0.0686974 0.119923 0.833
right
66
gcm: 0.540506 1.00475 -1.25876
H: -2.65273 1.34458 0.173846
L: 0.0476913 0.092948 0.806897
right
67
gcm: 0.540918 1.00521 -1.24771
H: -3.72403 1.59389 0.558029
L: 0.0292124 0.0327878 0.784877
right
68
gcm: 0.54166 1.00659 -1.23633
H: -4.39378 1.69834 -0.264424
L: 0.0526831 0.0978701 0.807735
right
69
gcm: 0.542631 1.00736 -1.22473
H: -4.66819 1.5403 -0.450907
L: 0.0689921 0.0542053 0.823821
right
70
gcm: 0.543558 1.00733 -1.2131
H: -4.92286 1.52513 0.318169
L: 0.0658198 -0.00214733 0.82525
right
71
gcm: 0.544312 1.00726 -1.20168
H: -4.21774 1.6807 0.193147
L: 0.0534847 -0.00461171 0.81109
right
72
gcm: 0.544925 1.00728 -1.19045
H: -4.43341 1.52611 -0.685345
L: 0.0435443 0.00105062 0.797179
right
73
gcm: 0.545382 1.00711 -1.17911
H: -5.37196 1.51896 -0.279849
L: 0.0324202 -0.0113891 0.804928
right
74
gcm: 0.545929 1.0063 -1.16781
H: -5.36283 1.52944 0.268709
L: 0.0388959 -0.0576502 0.802257
right
75
gcm: 0.546764 1.00586 -1.15642
H: -5.15443 1.2201 -0.759303
L: 0.0592283 -0.0311247 0.809154
right
76
gcm: 0.547592 1.00673 -1.14475
H: -5.18923 1.2774 -0.998416
L: 0.0587854 0.0612627 0.828622
right
77
gcm: 0.548158 1.00736 -1.133
H: -6.43323 1.62604 0.43854
L: 0.0402004 0.0452732 0.833938
right
78
gcm: 0.548594 1.00724 -1.12133
H: -8.44216 1.73935 0.730381
L: 0.030987 -0.00892455 0.829032
right
79
gcm: 0.548974 1.007 -1.10985
H: -8.428 1.49502 -0.109641
L: 0.0269392 -0.0168624 0.814919
right
80
gcm: 0.549244 1.00705 -1.0984
H: -6.96495 1.27116 -0.741434
L: 0.0192115 0.00333603 0.813033
right
81
gcm: 0.549466 1.0078 -1.08691
H: -6.24588 1.34715 -0.616886
L: 0.0157506 0.0529945 0.815738
right
82
gcm: 0.549708 1.00812 -1.07557
H: -7.15551 1.34611 0.185938
L: 0.0171646 0.0228165 0.804996
right
83
gcm: 0.549992 1.00733 -1.06422
H: -7.20239 1.29725 0.00620207
L: 0.020157 -0.0558864 0.806147
right
84
gcm: 0.550268 1.00654 -1.05268
H: -7.36312 1.46022 0.213415
L: 0.019636 -0.0557993 0.819285
right
85
gcm: 0.550528 1.00616 -1.04114
H: -8.57546 1.4214 0.380091
L: 0.0184712 -0.0271185 0.819077
right
86
gcm: 0.550895 1.00587 -1.02995
H: -8.81944 1.23846 -0.707843
L: 0.0260418 -0.0207208 0.794785
right
87
gcm: 0.551194 1.00555 -1.01882
H: -9.07112 1.17309 -0.671876
L: 0.0212248 -0.0229802 0.789807
right
88
gcm: 0.551201 1.00587 -1.00769
H: -10.7615 1.01147 0.0927359
L: 0.000507836 0.0230374 0.790396
right
89
gcm: 0.551192 1.00635 -0.997256
H: -12.8231 0.827266 -0.841381
L: -0.000652719 0.033728 0.740788
right
90
gcm: 0.551662 1.00494 -0.98552
H: -4.71086 0.806652 -2.49987
L: 0.0333612 -0.0998398 0.833206
right
91
gcm: 0.552168 1.00305 -0.973631
H: -4.81141 0.469023 -3.10456
L: 0.0359552 -0.134093 0.844114
right
92
gcm: 0.552452 1.00192 -0.961535
H: -3.70915 0.263412 -2.20954
L: 0.0201271 -0.0804385 0.858861
right
93
gcm: 0.552476 1.00087 -0.949603
H: -3.07059 0.0643941 -2.60645
L: 0.00172972 -0.0743214 0.847137
right
94
gcm: 0.552507 0.999371 -0.937892
H: -3.83565 -0.220075 -3.0163
L: 0.00216865 -0.106521 0.831516
right
95
gcm: 0.552639 0.997437 -0.926055
H: -3.57095 -0.294816 -2.52887
L: 0.00937904 -0.137271 0.840434
right
96
gcm: 0.552531 0.995673 -0.91418
H: -1.40864 -0.13134 -2.04787
L: -0.00764344 -0.125234 0.843108
right
97
gcm: 0.551998 0.994269 -0.902095
H: 1.03786 0.435938 0.0492499
L: -0.0378712 -0.0997113 0.858012
right
98
gcm: 0.551172 0.99308 -0.889828
H: 2.5608 0.882382 2.26043
L: -0.0586429 -0.0844372 0.870989
right
99
gcm: 0.550324 0.990966 -0.877614
H: 3.49688 0.887636 2.25311
L: -0.0601922 -0.150081 0.867211
right
100
gcm: 0.549554 0.987875 -0.865328
H: 3.47729 0.886164 1.72949
L: -0.0546656 -0.219426 0.872279
right
101
gcm: 0.548357 0.985622 -0.852837
H: 2.8223 0.795347 2.51514
L: -0.0850149 -0.159957 0.886835
right
102
gcm: 0.546825 0.983232 -0.840232
H: 4.11117 0.798842 2.78763
L: -0.108724 -0.169733 0.894977
right
103
gcm: 0.545746 0.980222 -0.827621
H: 6.25133 0.766239 2.04694
L: -0.0766209 -0.213726 0.895379
right
104
gcm: 0.544832 0.977769 -0.814589
H: 8.3269 0.863974 2.57985
L: -0.0648823 -0.174129 0.925255
right
105
gcm: 0.543819 0.976342 -0.800966
H: 10.2495 1.05736 3.04351
L: -0.0719519 -0.101315 0.967269
right
106
gcm: 0.543053 0.97632 -0.787046
H: 7.84775 0.4757 1.75638
L: -0.0543767 -0.00156998 0.988305
right
107
gcm: 0.542147 0.97574 -0.773282
H: 5.5316 0.165413 1.00205
L: -0.0643159 -0.0411485 0.977216
right
108
gcm: 0.540739 0.974131 -0.76013
H: 7.01256 0.622272 1.61549
L: -0.0999902 -0.114297 0.933799
right
109
gcm: 0.539054 0.973701 -0.747361
H: 7.83465 0.818948 1.90307
L: -0.119605 -0.0304873 0.906602
none 
110
gcm: 0.537394 0.973406 -0.734293
H: 8.41379 0.524261 1.38492
L: -0.117875 -0.0209734 0.92786
none 
111
gcm: 0.535916 0.972325 -0.720688
H: 9.01395 0.590964 0.519574
L: -0.104951 -0.0767383 0.965958
left
112
gcm: 0.534428 0.972203 -0.707131
H: 8.58474 0.907783 -0.231271
L: -0.105624 -0.00869165 0.962518
left
113
gcm: 0.532985 0.972594 -0.694122
H: 8.43118 0.767372 -0.796392
L: -0.102484 0.0278105 0.923667
none 
114
gcm: 0.531509 0.972732 -0.681408
H: 8.53622 0.987523 -0.260432
L: -0.104759 0.00979799 0.902664
none 
115
gcm: 0.530404 0.971833 -0.666457
H: 20.4284 2.26898 -0.163687
L: -0.0784538 -0.0638515 1.06152
left
116
gcm: 0.528994 0.972635 -0.652424
H: 13.7741 1.52415 0.0519322
L: -0.100134 0.0569153 0.996336
left
117
gcm: 0.527378 0.974269 -0.638596
H: 10.9619 1.30833 1.52354
L: -0.114741 0.116039 0.981788
left
118
gcm: 0.525761 0.975882 -0.624779
H: 10.2047 1.31628 1.68207
L: -0.114808 0.114535 0.981019
left
119
gcm: 0.524362 0.97775 -0.611595
H: 9.3534 1.00868 0.556384
L: -0.0993159 0.132599 0.936075
left
120
gcm: 0.522842 0.979941 -0.599059
H: 7.41745 0.913258 1.10332
L: -0.107969 0.155555 0.890064
left
121
gcm: 0.521334 0.982087 -0.586299
H: 7.33924 1.16919 1.17726
L: -0.107026 0.152402 0.905944
left
122
gcm: 0.520504 0.984016 -0.573563
H: -0.0764872 -0.759099 1.03006
L: -0.058912 0.136965 0.904256
left
123
gcm: 0.520184 0.98618 -0.561243
H: 4.83987 0.524337 -1.81312
L: -0.0227354 0.153651 0.87474
left
124
gcm: 0.519867 0.988558 -0.549001
H: -2.4205 -1.02138 -0.192212
L: -0.0225355 0.168843 0.869157
left
125
gcm: 0.519458 0.99122 -0.537079
H: 1.01457 -0.234602 -1.33039
L: -0.0289899 0.188983 0.846464
left
126
gcm: 0.518879 0.994329 -0.525002
H: 4.15585 0.206109 -1.44267
L: -0.0411699 0.220726 0.857482
left
127
gcm: 0.51816 0.99721 -0.512955
H: 2.44301 -0.205556 -0.611712
L: -0.051015 0.204559 0.85535
left
128
gcm: 0.517613 0.999485 -0.501517
H: -0.766083 -0.910224 -0.0243387
L: -0.0388623 0.161523 0.812054
left
129
gcm: 0.517446 1.00196 -0.489723
H: -2.70144 -1.72119 0.017667
L: -0.0118718 0.175558 0.837418
left
130
gcm: 0.517542 1.00456 -0.47755
H: -1.98301 -1.86033 -1.39458
L: 0.00684291 0.184993 0.864281
left
131
gcm: 0.517433 1.00694 -0.465918
H: 0.201093 -0.974668 -1.33277
L: -0.00772674 0.168423 0.825819
left
132
gcm: 0.516983 1.00903 -0.45481
H: 0.0797078 -0.678281 0.385677
L: -0.0319228 0.148778 0.788665
left
133
gcm: 0.516676 1.01118 -0.443617
H: -5.91038 -2.23015 1.62283
L: -0.0218283 0.152865 0.794755
left
134
gcm: 0.516428 1.01333 -0.432132
H: -3.34052 -1.41292 0.0748849
L: -0.0176117 0.152619 0.815393
left
135
gcm: 0.515905 1.01517 -0.420723
H: -1.8118 -0.663526 0.33883
L: -0.0371007 0.130564 0.810082
left
136
gcm: 0.515511 1.01693 -0.409538
H: -1.3984 -0.735887 -0.216956
L: -0.0279945 0.124928 0.794081
left
137
gcm: 0.515477 1.01854 -0.398305
H: -3.03449 -1.41977 -1.39778
L: -0.00243031 0.113882 0.797561
left
138
gcm: 0.515434 1.01943 -0.386923
H: -4.34625 -1.67614 -0.997788
L: -0.00304454 0.063786 0.808143
left
139
gcm: 0.515315 1.0204 -0.375323
H: -3.99538 -1.55958 -0.307419
L: -0.00842716 0.0688853 0.823565
left
140
gcm: 0.515471 1.02172 -0.363885
H: -4.42384 -1.70676 -0.769756
L: 0.0110684 0.0935217 0.812128
left
141
gcm: 0.515782 1.02235 -0.352691
H: -4.83438 -1.47791 -0.993092
L: 0.0220662 0.0445352 0.794788
left
142
gcm: 0.515918 1.02205 -0.341253
H: -4.56878 -1.43327 -0.164679
L: 0.00962735 -0.0212237 0.812071
left
143
gcm: 0.516002 1.02179 -0.329679
H: -4.78796 -1.51166 0.308991
L: 0.00601022 -0.0186484 0.821759
left
144
gcm: 0.516065 1.02242 -0.318323
H: -5.28111 -1.63681 0.30924
L: 0.00444227 0.0448627 0.806262
left
145
gcm: 0.516038 1.02284 -0.307163
H: -5.29058 -1.64034 0.47355
L: -0.00188513 0.0300656 0.792406
left
146
gcm: 0.516299 1.02271 -0.295669
H: -5.11945 -1.70622 -0.314112
L: 0.018532 -0.00933638 0.816049
left
147
gcm: 0.516784 1.02371 -0.283828
H: -4.98514 -1.81021 -1.17291
L: 0.0343807 0.0709256 0.840723
left
148
gcm: 0.516967 1.02561 -0.27216
H: -5.88001 -1.7515 -0.578749
L: 0.0130076 0.134863 0.828402
left
149
gcm: 0.516724 1.02607 -0.26099
H: -7.59754 -1.56794 0.528096
L: -0.0172132 0.0330212 0.793061
left
150
gcm: 0.516584 1.02505 -0.250255
H: -8.14327 -1.55195 0.38155
L: -0.00996813 -0.0731004 0.7622
left
151
gcm: 0.516867 1.0253 -0.239042
H: -6.94558 -1.76972 -0.424086
L: 0.0201333 0.0180105 0.796098
left
152
gcm: 0.517233 1.02596 -0.227503
H: -6.51552 -1.86762 -0.487359
L: 0.0259386 0.0469989 0.819268
left
153
gcm: 0.517406 1.02589 -0.216362
H: -7.12972 -1.79499 -0.173012
L: 0.0122783 -0.00477792 0.791016
left
154
gcm: 0.517327 1.02574 -0.205122
H: -7.27402 -1.67751 0.385238
L: -0.00557161 -0.01071 0.79806
left
155
gcm: 0.517046 1.0254 -0.193871
H: -7.56804 -1.60119 1.09712
L: -0.019934 -0.0243303 0.798813
left
156
gcm: 0.517604 1.02559 -0.182626
H: -6.50114 -1.83295 -1.11867
L: 0.0395945 0.013846 0.798405
left
157
gcm: 0.518285 1.02551 -0.170937
H: -6.33568 -1.81751 -1.40554
L: 0.0483099 -0.00611149 0.829943
left
158
gcm: 0.518617 1.02477 -0.159603
H: -7.39117 -1.42968 0.295652
L: 0.0236254 -0.0524822 0.804727
left
159
gcm: 0.518834 1.02469 -0.148426
H: -6.9135 -1.45744 -0.120587
L: 0.0153693 -0.00547939 0.793547
left
160
gcm: 0.519142 1.0246 -0.137548
H: -5.68542 -1.59076 -1.11357
L: 0.0218645 -0.00677259 0.772353
left
161
gcm: 0.519187 1.02318 -0.126344
H: -5.35255 -1.16691 2.41347
L: 0.00323076 -0.100278 0.795473
left
162
gcm: 0.519424 1.02205 -0.115006
H: -5.6681 -0.662227 2.29001
L: 0.0167882 -0.0806213 0.804964
left
163
gcm: 0.51973 1.02151 -0.104139
H: -6.61861 -0.358342 2.16497
L: 0.0217519 -0.0384444 0.771571
left
164
gcm: 0.520162 1.02044 -0.0935751
H: -4.21579 -0.909528 1.2127
L: 0.0306787 -0.0760254 0.750044
left
165
gcm: 0.520708 1.01904 -0.0827285
H: -3.72899 -0.747028 1.232
L: 0.0387823 -0.099502 0.770106
left
166
gcm: 0.52134 1.01737 -0.0715941
H: -3.19396 -0.66733 1.72725
L: 0.0448401 -0.118064 0.790547
left
167
gcm: 0.522006 1.01603 -0.060585
H: -4.88545 -0.46961 2.02905
L: 0.0472999 -0.0956239 0.781646
left
168
gcm: 0.522876 1.01478 -0.0493647
H: -4.13752 -0.333227 1.55314
L: 0.0617427 -0.0881518 0.796635
left
169
gcm: 0.52414 1.01302 -0.0375171
H: 0.871157 -0.612879 -0.566688
L: 0.0897955 -0.125296 0.84118
left
170
gcm: 0.525249 1.01089 -0.0255205
H: 3.05888 -1.0596 -0.962517
L: 0.0786727 -0.151205 0.851764
left
171
gcm: 0.525828 1.01009 -0.013374
H: 2.47938 -0.846505 0.36066
L: 0.0411135 -0.0570989 0.862401
left
172
gcm: 0.526815 1.00876 -0.00110564
H: 2.53864 -0.932747 -0.0359772
L: 0.0701217 -0.0943214 0.871052
left
173
gcm: 0.528371 1.00666 0.011018
H: 3.46168 -1.13008 -1.84243
L: 0.110429 -0.148745 0.860781
left
174
gcm: 0.529944 1.00516 0.0233287
H: 4.06096 -0.952742 -1.83317
L: 0.11171 -0.106375 0.874061
left
175
gcm: 0.531596 1.00326 0.036225
H: 4.33376 -0.734295 -0.877785
L: 0.117287 -0.134915 0.915637
left
176
gcm: 0.533086 1.0009 0.04942
H: 4.24818 -0.527124 0.301337
L: 0.105828 -0.167859 0.936841
left
177
gcm: 0.534402 0.998522 0.0623705
H: 4.28003 -0.462633 0.786019
L: 0.093378 -0.168799 0.919489
left
178
gcm: 0.535771 0.996116 0.075198
H: 5.458 -0.442267 0.425923
L: 0.097205 -0.170822 0.91075
left
179
gcm: 0.537017 0.994188 0.0883443
H: 8.10702 -0.0261494 1.48857
L: 0.0884984 -0.13688 0.933385
left
180
gcm: 0.538485 0.994034 0.101878
H: 9.15703 -0.57638 0.297411
L: 0.104207 -0.0109725 0.960907
left
181
gcm: 0.540471 0.994798 0.115648
H: 9.24859 -0.947541 -1.30808
L: 0.140984 0.0542313 0.977647
left
182
gcm: 0.542568 0.994434 0.129236
H: 8.17324 -0.908728 -0.729373
L: 0.1489 -0.0258334 0.96479
left
183
gcm: 0.545015 0.993531 0.142702
H: 7.98106 -0.657592 -0.700296
L: 0.173766 -0.0640765 0.956026
left
184
gcm: 0.547589 0.99373 0.156374
H: 8.23515 -0.512815 -1.54935
L: 0.18275 0.0141206 0.97077
none 
185
gcm: 0.549772 0.994 0.16993
H: 8.75201 -0.89094 -0.679821
L: 0.154959 0.019138 0.962463
none 
186
gcm: 0.551836 0.9936 0.182987
H: 9.29435 -1.51464 0.0326542
L: 0.146555 -0.0284123 0.927002
none 
187
gcm: 0.554115 0.992816 0.197301
H: 16.5239 -2.09445 -0.729019
L: 0.161796 -0.0556276 1.01632
right
188
gcm: 0.556469 0.992914 0.21161
H: 13.925 -1.57015 -0.497415
L: 0.167131 0.00697322 1.01594
right
189
gcm: 0.558924 0.9936 0.225903
H: 12.9899 -1.43005 -0.570078
L: 0.174325 0.0486593 1.01481
right
190
gcm: 0.56144 0.994434 0.240043
H: 12.6355 -1.74746 -0.945704
L: 0.178671 0.0592364 1.00394
right
191
gcm: 0.563727 0.994874 0.25323
H: 10.9574 -1.61597 -0.883767
L: 0.162383 0.031236 0.936257
right
192
gcm: 0.565831 0.996064 0.265594
H: 7.5084 -0.833591 -1.73285
L: 0.149384 0.0844814 0.877845
right
193
gcm: 0.568027 0.998383 0.278409
H: 6.73404 -0.613898 -2.66476
L: 0.155917 0.164661 0.909851
right
194
gcm: 0.570288 0.999958 0.291466
H: 7.54991 -0.826812 -1.91857
L: 0.16052 0.111848 0.927065
right
195
gcm: 0.572321 1.00049 0.303778
H: 7.20422 -1.08145 -1.67518
L: 0.144354 0.0375397 0.874179
right
196
gcm: 0.574062 1.00205 0.315873
H: 5.10226 -0.969846 -1.17299
L: 0.123554 0.11078 0.858727
right
197
gcm: 0.575564 1.00412 0.328121
H: 2.40801 -0.362197 0.507927
L: 0.106704 0.147005 0.86959
right
198
gcm: 0.576913 1.00529 0.340182
H: 1.40413 0.29583 -0.22812
L: 0.0957496 0.0834634 0.856346
right
199
gcm: 0.578199 1.00747 0.3522
H: 1.52825 0.445149 -1.10472
L: 0.0912788 0.154272 0.853244
right
200
gcm: 0.579266 1.01022 0.363819
H: 1.04528 0.516588 -0.288879
L: 0.075758 0.195588 0.825016
right
201
gcm: 0.580336 1.01229 0.37516
H: 0.259203 0.788145 0.313226
L: 0.0759924 0.14697 0.805178
right
202
gcm: 0.581336 1.01363 0.386528
H: -0.434388 0.963127 0.995527
L: 0.0709958 0.0950371 0.807159
right
203
gcm: 0.582172 1.01549 0.398004
H: -1.58438 1.35436 0.560454
L: 0.0593456 0.131874 0.814758
right
204
gcm: 0.583311 1.01832 0.409531
H: -1.69873 1.61501 -0.857108
L: 0.0808964 0.200958 0.818393
right
205
gcm: 0.584502 1.02076 0.42076
H: -1.7135 1.56235 -0.604809
L: 0.0845152 0.173728 0.7973
right
206
gcm: 0.585582 1.02301 0.431756
H: -2.82287 1.53822 -0.379427
L: 0.0767227 0.159353 0.780705
right
207
gcm: 0.586572 1.02572 0.443116
H: -3.14778 1.6834 -0.450211
L: 0.0702749 0.192339 0.806587
right
208
gcm: 0.587591 1.02765 0.454496
H: -3.42192 2.04571 -0.394334
L: 0.0723629 0.137265 0.807942
right
209
gcm: 0.588386 1.02952 0.4655
H: -4.54309 2.23503 0.261001
L: 0.0564127 0.133056 0.781321
right
210
gcm: 0.589085 1.03232 0.476082
H: -3.74324 1.64078 0.823274
L: 0.0496773 0.198232 0.751324
right
211
gcm: 0.589872 1.03499 0.487166
H: -4.70778 1.92241 0.305794
L: 0.0558878 0.189576 0.786956
right
212
gcm: 0.590644 1.03641 0.498447
H: -3.80815 1.89584 0.365244
L: 0.0547664 0.10112 0.800948
right
213
gcm: 0.591353 1.03686 0.509421
H: -3.05332 1.88454 0.627594
L: 0.0503516 0.0315951 0.779172
right
214
gcm: 0.592136 1.0379 0.520583
H: -3.36871 1.89393 0.643039
L: 0.0556125 0.0742264 0.792463
right
215
gcm: 0.592933 1.03903 0.531469
H: -3.45922 1.98383 0.192593
L: 0.0565814 0.0801271 0.772946
right
216
gcm: 0.593463 1.03985 0.542096
H: -3.28751 1.69094 0.662104
L: 0.0376265 0.0581603 0.754492
right
217
gcm: 0.593852 1.03992 0.552785
H: -4.51598 1.78543 1.16928
L: 0.0275865 0.00490362 0.758909
right
218
gcm: 0.594353 1.04076 0.563914
H: -4.82361 1.77611 0.853215
L: 0.0356232 0.0598272 0.79013
right
219
gcm: 0.595006 1.04169 0.575315
H: -4.12124 1.70548 0.544347
L: 0.0463024 0.0656822 0.809526
right
220
gcm: 0.595775 1.04194 0.586315
H: -4.65668 1.5077 0.235934
L: 0.0546001 0.0180296 0.781002
right
221
gcm: 0.596372 1.04196 0.597178
H: -4.87212 1.51362 0.583186
L: 0.0424182 0.00157972 0.771222
right
222
gcm: 0.59682 1.04202 0.608256
H: -4.57092 1.61163 0.539927
L: 0.0318129 0.00400798 0.786567
right
223
gcm: 0.596168 1.04138 0.618042
H: -6.13791 2.18194 2.93036
L: -0.0463267 -0.0454384 0.694825
right
224
gcm: 0.597506 1.04202 0.629157
H: -4.87413 1.372 -2.22437
L: 0.0950277 0.0457357 0.789143
right
225
gcm: 0.598318 1.04309 0.64078
H: -4.7076 1.41928 -0.421267
L: 0.0576274 0.0759236 0.825237
right
226
gcm: 0.598656 1.04402 0.65149
H: -5.88736 1.52227 0.759751
L: 0.024006 0.0656972 0.760404
right
227
gcm: 0.598831 1.0448 0.662585
H: -5.76198 1.46789 0.663076
L: 0.0124241 0.0552875 0.787744
right
228
gcm: 0.599364 1.04492 0.67392
H: -6.19699 1.24576 -0.0622879
L: 0.0378837 0.00844152 0.804809
right
229
gcm: 0.600095 1.04448 0.684655
H: -7.15953 1.25776 -0.097256
L: 0.0518912 -0.0307105 0.762192
right
230
gcm: 0.60039 1.04474 0.695908
H: -6.1129 1.56511 0.575607
L: 0.0209415 0.0185764 0.798953
right
231
gcm: 0.600682 1.04498 0.707274
H: -5.37755 1.25646 0.141991
L: 0.0207016 0.0166422 0.80697
right
232
gcm: 0.601092 1.04455 0.717885
H: -6.03974 1.22186 0.093479
L: 0.0291279 -0.0303208 0.753404
right
233
gcm: 0.6014 1.04397 0.728523
H: -5.9237 1.21986 0.121116
L: 0.0218353 -0.0414255 0.755262
right
234
gcm: 0.601682 1.04353 0.739427
H: -6.67349 1.20157 0.355431
L: 0.0200311 -0.0310794 0.774168
right
235
gcm: 0.601935 1.04288 0.750211
H: -7.17046 1.14479 0.304106
L: 0.0180198 -0.0460431 0.765657
right
236
gcm: 0.602302 1.04197 0.76099
H: -6.89216 1.32722 -1.00416
L: 0.0259881 -0.0649315 0.765336
right
237
gcm: 0.60278 1.04166 0.771967
H: -7.23263 1.29973 -1.10568
L: 0.033961 -0.0215286 0.779384
right
238
gcm: 0.603242 1.04154 0.782775
H: -7.99925 0.767938 -1.12416
L: 0.032814 -0.00850979 0.767324
right
239
gcm: 0.603229 1.04121 0.792967
H: -11.0636 0.608122 -1.34304
L: -0.000909059 -0.0239113 0.723635
right
240
gcm: 0.60315 1.04027 0.804634
H: -4.16269 0.692378 -0.850861
L: -0.00562365 -0.0665221 0.828397
right
241
gcm: 0.603497 1.03909 0.815855
H: -4.48715 0.24906 -2.26868
L: 0.0246122 -0.0835191 0.796694
right
242
gcm: 0.603898 1.03783 0.82707
H: -3.78758 -0.0290762 -2.78565
L: 0.0285297 -0.0894306 0.796215
right
243
gcm: 0.603739 1.03639 0.838907
H: -3.14021 -0.135546 -2.27289
L: -0.0113396 -0.102884 0.840482
right
244
gcm: 0.603841 1.03444 0.850911
H: -2.93293 -0.420958 -3.20554
L: 0.00727953 -0.137842 0.852255
right
245
gcm: 0.604092 1.03234 0.862367
H: -2.72295 -0.349244 -3.41267
L: 0.0178252 -0.149516 0.813362
right
246
gcm: 0.603998 1.03061 0.873784
H: -1.18616 -0.126498 -2.33325
L: -0.00667249 -0.122389 0.81063
right
247
gcm: 0.60367 1.02865 0.885551
H: 0.0531041 0.063918 -1.63245
L: -0.0233446 -0.139811 0.83543
right
248
gcm: 0.602849 1.02625 0.897363
H: 0.854603 0.331478 -0.112514
L: -0.0582947 -0.169751 0.838684
right
249
gcm: 0.601728 1.02413 0.90961
H: 0.147795 0.568058 2.06921
L: -0.0795499 -0.150545 0.869537
right
250
gcm: 0.600643 1.02225 0.922052
H: 0.383667 1.04764 3.33089
L: -0.0770361 -0.133711 0.883342
right
251
gcm: 0.599835 1.02034 0.934365
H: 3.49807 1.35544 2.79178
L: -0.0573437 -0.135359 0.874277
right
252
gcm: 0.599338 1.01786 0.946917
H: 5.75799 1.19208 1.11958
L: -0.0352984 -0.17612 0.891143
right
253
gcm: 0.598407 1.01511 0.959935
H: 5.42946 0.887974 1.62694
L: -0.0661108 -0.195515 0.924295
right
254
gcm: 0.59706 1.01275 0.97317
H: 5.09173 0.710995 2.92469
L: -0.0956795 -0.167642 0.939685
right
255
gcm: 0.596143 1.01038 0.986318
H: 5.23565 0.729061 1.65815
L: -0.0651018 -0.168272 0.933542
right
256
gcm: 0.595477 1.00762 0.999612
H: 5.51907 0.722605 0.851497
L: -0.0472502 -0.195986 0.943823
right
257
gcm: 0.594667 1.00506 1.01319
H: 6.89676 0.465425 1.3197
L: -0.0575509 -0.181982 0.963946
right
258
gcm: 0.594138 1.00428 1.02687
H: 7.69578 0.35784 0.552545
L: -0.0375227 -0.0547029 0.971318
right
259
gcm: 0.593515 1.00455 1.04068
H: 8.10876 0.52516 0.844515
L: -0.0442012 0.0185656 0.980238
right
260
gcm: 0.591996 1.00389 1.05451
H: 9.22342 0.76533 2.34359
L: -0.107911 -0.0465707 0.982531
right
261
gcm: 0.590329 1.00269 1.06819
H: 7.95409 0.905799 2.29337
L: -0.118356 -0.0854811 0.970853
right
262
gcm: 0.589153 1.00156 1.08158
H: 6.9813 0.880136 1.33307
L: -0.0834677 -0.0801177 0.951104
right
263
gcm: 0.587929 1.00106 1.09504
H: 9.26011 1.20145 0.408977
L: -0.0868964 -0.0357203 0.955756
none 
264
gcm: 0.586443 1.00151 1.10884
H: 9.10375 1.28352 0.446007
L: -0.105493 0.0324651 0.979702
right
265
gcm: 0.585013 1.00187 1.12225
H: 5.71558 0.822488 1.05672
L: -0.101535 0.0256724 0.952099
none 
266
gcm: 0.583549 1.00173 1.13495
H: 4.79424 0.718327 0.511366
L: -0.103973 -0.00999804 0.901711
none 
267
gcm: 0.581967 1.00115 1.14737
H: 6.49274 1.03735 -0.330504
L: -0.112308 -0.0412572 0.881639
none 
268
gcm: 0.580869 1.00051 1.16066
H: 10.9301 1.32607 -0.227958
L: -0.0779395 -0.0453616 0.943742
left
269
gcm: 0.580338 1.00061 1.17569
H: 18.1338 1.47093 0.58041
L: -0.0377465 0.00708885 1.06725
left
270
gcm: 0.579035 1.0018 1.1896
H: 11.602 1.14169 1.39198
L: -0.0924717 0.0845797 0.987244
left
271
gcm: 0.577333 1.00317 1.20325
H: 9.38369 1.09594 2.32508
L: -0.120852 0.0966231 0.968846
left
272
gcm: 0.575696 1.00468 1.21651
H: 8.42134 1.01789 1.69091
L: -0.11622 0.107294 0.941503
left
273
gcm: 0.574372 1.00638 1.22954
H: 8.23601 1.03133 0.303712
L: -0.0940157 0.120989 0.925251
left
274
gcm: 0.573746 1.00879 1.24247
H: 7.16687 1.04228 -0.714274
L: -0.0444526 0.171385 0.918331
left
275
gcm: 0.573213 1.01127 1.25493
H: -1.42209 -0.391048 0.798079
L: -0.037841 0.17563 0.884648
left
276
gcm: 0.572478 1.01346 1.26717
H: 5.0257 0.238863 -1.76993
L: -0.0521718 0.155614 0.868615
left
277
gcm: 0.57181 1.01592 1.27979
H: 4.75716 0.919792 -0.332958
L: -0.0474092 0.174823 0.896282
left
278
gcm: 0.571144 1.01875 1.29221
H: -0.211902 -0.258389 -0.0787825
L: -0.0473378 0.200688 0.881739
left
279
gcm: 0.570664 1.02143 1.30452
H: -0.0174217 -0.497113 -0.0146604
L: -0.0340789 0.190061 0.874072
left
280
gcm: 0.570265 1.02405 1.31655
H: 0.257201 -0.741745 -0.0753697
L: -0.0283084 0.18615 0.854189
left
281
gcm: 0.569696 1.02645 1.32839
H: 1.69839 -0.694206 -0.473109
L: -0.040387 0.170266 0.840849
left
282
gcm: 0.569117 1.02822 1.3398
H: 2.77159 -0.69751 -1.80318
L: -0.0411384 0.126077 0.809665
left
283
gcm: 0.568966 1.03107 1.35171
H: -5.4018 -0.866658 0.997322
L: -0.0107093 0.202275 0.84603
left
284
gcm: 0.568706 1.03358 1.36299
H: 1.97413 -1.4503 -4.0971
L: -0.0184289 0.178106 0.800941
left
285
gcm: 0.568378 1.03575 1.37455
H: -2.03136 -1.45533 -0.304275
L: -0.0233231 0.153969 0.820337
left
286
gcm: 0.568964 1.03879 1.38549
H: -3.81825 -1.78769 -1.03067
L: 0.041617 0.216146 0.776659
left
287
gcm: 0.569022 1.04111 1.39904
H: -8.09049 -1.68518 5.35944
L: 0.00415016 0.16485 0.962256
left
288
gcm: 0.56841 1.04324 1.40915
H: -1.66659 -1.2578 -1.58041
L: -0.0434672 0.15065 0.717717
left
289
gcm: 0.569032 1.04501 1.42172
H: 3.61959 -1.82021 -3.75529
L: 0.0441223 0.125809 0.892653
left
290
gcm: 0.568755 1.04621 1.43206
H: -5.97058 -1.63564 -0.275598
L: -0.0196747 0.0857301 0.734155
left
291
gcm: 0.568305 1.04726 1.44378
H: -4.16108 -1.92502 -0.474091
L: -0.0319482 0.074345 0.831988
left
292
gcm: 0.568311 1.04861 1.45566
H: -7.24918 -1.56009 1.85825
L: 0.00043851 0.0958286 0.843929
left
293
gcm: 0.568696 1.04916 1.46868
H: 1.30747 -1.71835 -1.54327
L: 0.0273767 0.038965 0.923718
left
294
gcm: 0.568185 1.04939 1.47852
H: -4.67983 -1.31946 0.347409
L: -0.0363026 0.0164452 0.699258
left
295
gcm: 0.567764 1.04991 1.48892
H: -4.25329 -1.6008 -0.895546
L: -0.0299274 0.0365558 0.737985
left
296
gcm: 0.567553 1.05034 1.5011
H: -4.67424 -1.58899 0.882765
L: -0.0149236 0.0306899 0.864829
left
297
gcm: 0.567384 1.05061 1.5133
H: -5.33878 -1.6799 0.902773
L: -0.0120456 0.0194772 0.866588
left
298
gcm: 0.567723 1.05102 1.52438
H: -6.77993 -1.76838 -0.0990151
L: 0.0240776 0.0285338 0.786173
left
299
gcm: 0.568241 1.05101 1.53563
H: -5.29076 -1.79617 -1.33791
L: 0.0367614 -0.000416773 0.798826
left
300
gcm: 0.568393 1.05084 1.54932
H: -1.53522 -1.681 -1.15581
L: 0.0108078 -0.0121534 0.97199
left
301
gcm: 0.568068 1.05075 1.56115
H: -4.95274 -1.54626 0.557164
L: -0.0230824 -0.00617155 0.840114
left
302
gcm: 0.567951 1.05112 1.57121
H: -6.84062 -1.60487 0.17178
L: -0.00832117 0.0263006 0.714262
left
303
gcm: 0.568439 1.05203 1.58395
H: -4.59748 -1.81382 -0.983287
L: 0.0346791 0.0644892 0.904577
left
304
gcm: 0.568893 1.0531 1.59585
H: -7.52204 -2.00906 -0.555626
L: 0.0322131 0.0763349 0.844855
left
305
gcm: 0.568795 1.05364 1.60855
H: -3.86526 -1.67939 0.0761869
L: -0.00690003 0.0383424 0.901378
left
306
gcm: 0.568625 1.05324 1.61773
H: -10.304 -1.67204 0.735935
L: -0.0120876 -0.0285727 0.651903
left
307
gcm: 0.569129 1.05229 1.6307
H: -3.83457 -1.847 -0.258341
L: 0.0357455 -0.0678135 0.921211
left
308
gcm: 0.569318 1.05179 1.64094
H: -11.1955 -1.86059 -0.11432
L: 0.0134106 -0.0353108 0.726767
left
309
gcm: 0.569633 1.05152 1.65302
H: -5.42194 -1.86724 -1.04283
L: 0.0223769 -0.0192738 0.857793
left
310
gcm: 0.569717 1.05132 1.66341
H: -8.57187 -1.94513 -0.872833
L: 0.00597586 -0.0140482 0.737905
left
311
gcm: 0.569954 1.05123 1.67637
H: -5.45242 -1.70983 -0.367978
L: 0.0168066 -0.00644579 0.91958
left
312
gcm: 0.570135 1.05046 1.68863
H: -7.32589 -1.69664 0.0962815
L: 0.0128832 -0.0543994 0.87055
left
313
gcm: 0.570232 1.04911 1.69971
H: -5.75798 -1.78729 -0.293434
L: 0.00691145 -0.0962307 0.786858
left
314
gcm: 0.570664 1.04794 1.71103
H: -6.49131 -1.70709 0.193745
L: 0.0306718 -0.0831334 0.803641
left
315
gcm: 0.57131 1.04766 1.72324
H: -5.38577 -1.3882 0.0761014
L: 0.045807 -0.0195824 0.867285
left
316
gcm: 0.571802 1.04716 1.73543
H: -5.31337 -1.04562 0.560207
L: 0.034966 -0.0358488 0.865489
left
317
gcm: 0.571889 1.04597 1.74716
H: -5.38386 -0.895923 1.57889
L: 0.00615466 -0.0843428 0.832476
left
318
gcm: 0.57192 1.04526 1.75738
H: -4.80423 -0.575831 2.55695
L: 0.00224773 -0.0505514 0.725674
left
319
gcm: 0.572691 1.0447 1.76939
H: -4.68728 -0.301663 1.31257
L: 0.0547327 -0.0394847 0.85276
left
320
gcm: 0.573805 1.04393 1.78178
H: -2.22515 -0.290453 1.34399
L: 0.0790425 -0.0547572 0.879745
left
321
gcm: 0.574014 1.04259 1.79201
H: -5.08616 -0.150774 3.4665
L: 0.0148709 -0.0948712 0.725984
left
322
gcm: 0.574115 1.04007 1.80359
H: 1.65543 -0.43099 3.40191
L: 0.00715781 -0.179215 0.822669
left
323
gcm: 0.575545 1.03955 1.81426
H: -11.2394 -0.319325 0.0521995
L: 0.101564 -0.0365485 0.757542
left
324
gcm: 0.576728 1.03894 1.82527
H: 3.2522 -0.877829 -1.23245
L: 0.0839677 -0.0435021 0.781477
left
325
gcm: 0.576357 1.0378 1.83768
H: 3.24017 -1.77487 0.638256
L: -0.0263072 -0.0807771 0.88107
left
326
gcm: 0.577562 1.03449 1.84998
H: 3.92896 -0.994452 -0.197822
L: 0.0854992 -0.235452 0.873183
left
327
gcm: 0.579214 1.0338 1.86285
H: 0.319621 0.00492665 -0.20816
L: 0.11731 -0.0485252 0.913785
left
328
gcm: 0.580378 1.03223 1.87476
H: 6.89998 -1.25493 -0.394417
L: 0.0826475 -0.1116 0.845835
left
329
gcm: 0.581442 1.02932 1.88768
H: 3.49011 0.40219 -0.550674
L: 0.0755509 -0.206948 0.917185
left
330
gcm: 0.582936 1.02749 1.90106
H: 8.54275 -0.378073 -0.134426
L: 0.106048 -0.129945 0.950225
left
331
gcm: 0.584556 1.02666 1.91579
H: 13.6045 -0.803537 -1.43161
L: 0.115037 -0.0589625 1.04556
left
332
gcm: 0.586085 1.02639 1.93222
H: 15.4499 -0.899498 -1.53202
L: 0.108534 -0.0191195 1.16667
left
333
gcm: 0.587478 1.02626 1.94612
H: 9.86044 -0.359886 1.00178
L: 0.0989099 -0.00929619 0.986998
left
334
gcm: 0.589851 1.0259 1.95849
H: 12.4531 -1.03833 0.186495
L: 0.168534 -0.0250965 0.878195
none 
335
gcm: 0.591482 1.0257 1.97271
H: 4.78361 -0.348063 -0.630163
L: 0.115774 -0.0143843 1.00969
none 
336
gcm: 0.593815 1.02601 1.9868
H: 5.01184 -0.559345 -1.82225
L: 0.165667 0.021858 1.00026
none 
337
gcm: 0.595917 1.02607 1.99965
H: 12.1805 -1.57357 -0.276716
L: 0.149214 0.00413796 0.912662
none 
338
gcm: 0.597595 1.02498 2.01382
H: 10.0579 -1.41327 -0.530141
L: 0.119158 -0.0775053 1.00594
left
339
gcm: 0.60026 1.02457 2.02671
H: 13.501 -1.88025 -1.03909
L: 0.189224 -0.0286176 0.915098
right
340
gcm: 0.601526 1.02518 2.04123
H: 9.626 -0.668313 0.592828
L: 0.0898921 0.0435038 1.03083
right
341
gcm: 0.603044 1.02622 2.05343
H: 8.58013 -0.963039 0.364889
L: 0.107756 0.0737286 0.866208
right
342
gcm: 0.604654 1.02701 2.06898
H: 16.2606 -1.41983 -0.281229
L: 0.114296 0.0560078 1.10414
right
343
gcm: 0.606922 1.02817 2.08267
H: 11.2328 -1.34719 -1.0673
L: 0.161062 0.0822372 0.97174
right
344
gcm: 0.609189 1.03011 2.09657
H: 7.37743 -0.745952 -1.75482
L: 0.160916 0.137786 0.986807
right
345
gcm: 0.610966 1.0321 2.10853
H: 7.30725 -1.25966 -0.105833
L: 0.126186 0.14142 0.849271
right
346
gcm: 0.613555 1.03405 2.12311
H: 10.3732 -1.23101 -2.92947
L: 0.183788 0.138199 1.03529
right
347
gcm: 0.615958 1.03689 2.13613
H: 10.3194 -1.90815 -2.31116
L: 0.170647 0.201782 0.924292
right
348
gcm: 0.617774 1.04005 2.14972
H: -0.595317 -0.815641 0.734469
L: 0.12896 0.224602 0.965312
right
349
gcm: 0.618443 1.04262 2.16212
H: 3.95866 -1.15349 0.557318
L: 0.0474661 0.181976 0.880325
right
350
gcm: 0.619906 1.04532 2.17394
H: 2.9581 -0.554162 0.89801
L: 0.103839 0.192146 0.838997
right
351
gcm: 0.620665 1.04844 2.18606
H: 2.26573 -0.179854 0.122023
L: 0.0539383 0.221502 0.86077
right
352
gcm: 0.623094 1.05137 2.19837
H: 0.477953 0.269102 2.55169
L: 0.172412 0.207443 0.873662
right
353
gcm: 0.629106 1.05372 2.21102
H: -0.421878 0.702146 6.41299
L: 0.426878 0.167113 0.898135
right
354
gcm: 0.629233 1.05739 2.22151
H: 1.69561 0.262557 -0.645258
L: 0.00902768 0.260813 0.745221
right
355
gcm: 0.631876 1.06024 2.2341
H: -0.461111 0.638043 2.00494
L: 0.187631 0.201801 0.893838
right
356
gcm: 0.631821 1.06325 2.24547
H: -1.05064 0.407578 -0.561679
L: -0.00388956 0.214384 0.807219
right
357
gcm: 0.632365 1.06643 2.25637
H: -1.48139 0.565511 -0.29565
L: 0.0386488 0.225331 0.773703
right
358
gcm: 0.633885 1.06907 2.26712
H: -2.25388 0.901453 1.31053
L: 0.107912 0.187831 0.763652
right
359
gcm: 0.627736 1.07345 2.28215
H: -5.07865 0.0884428 -9.49578
L: -0.436558 0.310543 1.0666
right
360
gcm: 0.629999 1.07579 2.29334
H: -3.56894 1.07541 -0.168795
L: 0.160639 0.166203 0.794409
right
361
gcm: 0.631264 1.07795 2.30443
H: -2.2411 1.18112 0.131217
L: 0.0898489 0.153725 0.788025
right
362
gcm: 0.631264 1.07795 2.30443
H: 0 0 0
L: 0 0 0
none 
363
gcm: 0.631264 1.07795 2.30443
H: 0 0 0
L: 0 0 0
none 
364
gcm: 0.631264 1.07795 2.30443
H: 0 0 0
L: 0 0 0
none 
365
gcm: 0.631264 1.07795 2.30443
H: 0 0 0
L: 0 0 0
none 
366
gcm: 0.631264 1.07795 2.30443
H: 0 0 0
L: 0 0 0
none 
367
gcm: 0.631264 1.07795 2.30443
H: 0 0 0
L: 0 0 0
none 
368
gcm: 0.631264 1.07795 2.30443
H: 0 0 0
L: 0 0 0
none 
369
gcm: 0.631264 1.07795 2.30443
H: 0 0 0
L: 0 0 0
none 
370
gcm: 0.631264 1.07795 2.30443
H: 0 0 0
L: 0 0 0
none 
371
gcm: 0.631264 1.07795 2.30443
H: 0 0 0
L: 0 0 0
none 
372
gcm: 0.631264 1.07795 2.30443
H: 0 0 0
L: 0 0 0
none 
373
gcm: 0.631264 1.07795 2.30443
H: 0 0 0
L: 0 0 0
none 
374
gcm: 0.631264 1.07795 2.30443
H: 0 0 0
L: 0 0 0
none 
375
gcm: 0.631264 1.07795 2.30443
H: 0 0 0
L: 0 0 0
none 
376
gcm: 0.631264 1.07795 2.30443
H: 0 0 0
L: 0 0 0
none 
377
gcm: 0.631264 1.07795 2.30443
H: 0 0 0
L: 0 0 0
none 
378
gcm: 0.631264 1.07795 2.30443
H: 0 0 0
L: 0 0 0
none 
379
gcm: 0.631264 1.07795 2.30443
H: 0 0 0
L: 0 0 0
none 
380
gcm: 0.631264 1.07795 2.30443
H: 0 0 0
L: 0 0 0
none 
381
gcm: 0.631264 1.07795 2.30443
H: 0 0 0
L: 0 0 0
none 
382
gcm: 0.631264 1.07795 2.30443
H: 0 0 0
L: 0 0 0
none 
383
gcm: 0.631264 1.07795 2.30443
H: 0 0 0
L: 0 0 0
none 
384
gcm: 0.631264 1.07795 2.30443
H: 0 0 0
L: 0 0 0
none 
385
gcm: 0.631264 1.07795 2.30443
H: 0 0 0
L: 0 0 0
none 
386
gcm: 0.631264 1.07795 2.30443
H: 0 0 0
L: 0 0 0
none 
387
gcm: 0.631264 1.07795 2.30443
H: 0 0 0
L: 0 0 0
none 
388
gcm: 0.631264 1.07795 2.30443
H: 0 0 0
L: 0 0 0
none 
389
gcm: 0.631264 1.07795 2.30443
H: 0 0 0
L: 0 0 0
none 
390
gcm: 0.631264 1.07795 2.30443
H: 0 0 0
L: 0 0 0
none 
391
gcm: 0.631264 1.07795 2.30443
H: 0 0 0
L: 0 0 0
none 
392
gcm: 0.631264 1.07795 2.30443
H: 0 0 0
L: 0 0 0
none 
393
gcm: 0.631264 1.07795 2.30443
H: 0 0 0
L: 0 0 0
none 
394
gcm: 0.631264 1.07795 2.30443
H: 0 0 0
L: 0 0 0
none 
395
gcm: 0.631264 1.07795 2.30443
H: 0 0 0
L: 0 0 0
none 
396
gcm: 0.631264 1.07795 2.30443
H: 0 0 0
L: 0 0 0
none 
397
gcm: 0.631264 1.07795 2.30443
H: 0 0 0
L: 0 0 0
none 
398
gcm: 0.631264 1.07795 2.30443
H: 0 0 0
L: 0 0 0
none 
399
gcm: 0.631264 1.07795 2.30443
H: 0 0 0
L: 0 0 0
none 
400
gcm: 0.631264 1.07795 2.30443
H: 0 0 0
L: 0 0 0
none 
401
gcm: 0.631264 1.07795 2.30443
H: 0 0 0
L: 0 0 0
none 
402
gcm: 0.631264 1.07795 2.30443
H: 0 0 0
L: 0 0 0
none 
403
gcm: 0.631264 1.07795 2.30443
H: 0 0 0
L: 0 0 0
none 
404
gcm: 0.631264 1.07795 2.30443
H: 0 0 0
L: 0 0 0
none 
405
gcm: 0.631264 1.07795 2.30443
H: 0 0 0
L: 0 0 0
none 
406
gcm: 0.631264 1.07795 2.30443
H: 0 0 0
L: 0 0 0
none 
407
gcm: 0.631264 1.07795 2.30443
H: 0 0 0
L: 0 0 0
none 
408
gcm: 0.631264 1.07795 2.30443
H: 0 0 0
L: 0 0 0
none 
409
gcm: 0.631264 1.07795 2.30443
H: 0 0 0
L: 0 0 0
none 
410
gcm: 0.631264 1.07795 2.30443
H: 0 0 0
L: 0 0 0
none 
411
gcm: 0.631264 1.07795 2.30443
H: 0 0 0
L: 0 0 0
none 
412
gcm: 0.631264 1.07795 2.30443
H: 0 0 0
L: 0 0 0
none 
413
gcm: 0.631264 1.07795 2.30443
H: 0 0 0
L: 0 0 0
none 
414
gcm: 0.631264 1.07795 2.30443
H: 0 0 0
L: 0 0 0
none 
415
gcm: 0.631264 1.07795 2.30443
H: 0 0 0
L: 0 0 0
none 
416
gcm: 0.631264 1.07795 2.30443
H: 0 0 0
L: 0 0 0
none 
417
gcm: 0.631264 1.07795 2.30443
H: 0 0 0
L: 0 0 0
none 
418
gcm: 0.631264 1.07795 2.30443
H: 0 0 0
L: 0 0 0
none 
419
gcm: 0.631264 1.07795 2.30443
H: 0 0 0
L: 0 0 0
none 
420
gcm: 0.631264 1.07795 2.30443
H: 0 0 0
L: 0 0 0
none 
421
gcm: 0.631264 1.07795 2.30443
H: 0 0 0
L: 0 0 0
none 
422
gcm: 0.631264 1.07795 2.30443
H: 0 0 0
L: 0 0 0
none 
423
gcm: 0.631264 1.07795 2.30443
H: 0 0 0
L: 0 0 0
none 
424
gcm: 0.631264 1.07795 2.30443
H: 0 0 0
L: 0 0 0
none 
425
gcm: 0.631264 1.07795 2.30443
H: 0 0 0
L: 0 0 0
none 
426
gcm: 0.631264 1.07795 2.30443
H: 0 0 0
L: 0 0 0
none 
427
gcm: 0.631264 1.07795 2.30443
H: 0 0 0
L: 0 0 0
none 
428
gcm: 0.631264 1.07795 2.30443
H: 0 0 0
L: 0 0 0
none 
429
gcm: 0.631264 1.07795 2.30443
H: 0 0 0
L: 0 0 0
none 
430
gcm: 0.631264 1.07795 2.30443
H: 0 0 0
L: 0 0 0
none 
431
gcm: 0.631264 1.07795 2.30443
H: 0 0 0
L: 0 0 0
none 
432
gcm: 0.631264 1.07795 2.30443
H: 0 0 0
L: 0 0 0
none 
433
gcm: 0.631264 1.07795 2.30443
H: 0 0 0
L: 0 0 0
none 
434
gcm: 0.631264 1.07795 2.30443
H: 0 0 0
L: 0 0 0
none 
435
gcm: 0.631264 1.07795 2.30443
H: 0 0 0
L: 0 0 0
none 
436
gcm: 0.631264 1.07795 2.30443
H: 0 0 0
L: 0 0 0
none 
437
gcm: 0.631264 1.07795 2.30443
H: 0 0 0
L: 0 0 0
none 
438
gcm: 0.631264 1.07795 2.30443
H: 0 0 0
L: 0 0 0
none 
439
gcm: 0.631264 1.07795 2.30443
H: 0 0 0
L: 0 0 0
none 
440
gcm: 0.631264 1.07795 2.30443
H: 0 0 0
L: 0 0 0
none 
441
gcm: 0.631264 1.07795 2.30443
H: 0 0 0
L: 0 0 0
none 
442
gcm: 0.631264 1.07795 2.30443
H: 0 0 0
L: 0 0 0
none 
443
gcm: 0.631264 1.07795 2.30443
H: 0 0 0
L: 0 0 0
none 
444
gcm: 0.631264 1.07795 2.30443
H: 0 0 0
L: 0 0 0
none 
445
gcm: 0.631264 1.07795 2.30443
H: 0 0 0
L: 0 0 0
none 
446
gcm: 0.631264 1.07795 2.30443
H: 0 0 0
L: 0 0 0
none 
447
gcm: 0.631264 1.07795 2.30443
H: 0 0 0
L: 0 0 0
none 
448
gcm: 0.631264 1.07795 2.30443
H: 0 0 0
L: 0 0 0
none 
449
gcm: 0.631264 1.07795 2.30443
H: 0 0 0
L: 0 0 0
none 
450
gcm: 0.631264 1.07795 2.30443
H: 0 0 0
L: 0 0 0
none 
451
gcm: 0.631264 1.07795 2.30443
H: 0 0 0
L: 0 0 0
none 
452
gcm: 0.631264 1.07795 2.30443
H: 0 0 0
L: 0 0 0
none 
453
gcm: 0.631264 1.07795 2.30443
H: 0 0 0
L: 0 0 0
none 
454
gcm: 0.631264 1.07795 2.30443
H: 0 0 0
L: 0 0 0
none 
455
gcm: 0.631264 1.07795 2.30443
H: 0 0 0
L: 0 0 0
none 
456
gcm: 0.631264 1.07795 2.30443
H: 0 0 0
L: 0 0 0
none 
457
gcm: 0.631264 1.07795 2.30443
H: 0 0 0
L: 0 0 0
none 
458
gcm: 0.631264 1.07795 2.30443
H: 0 0 0
L: 0 0 0
none 
459
gcm: 0.631264 1.07795 2.30443
H: 0 0 0
L: 0 0 0
none 
460
gcm: 0.631264 1.07795 2.30443
H: 0 0 0
L: 0 0 0
none 
461
gcm: 0.631264 1.07795 2.30443
H: 0 0 0
L: 0 0 0
none 
462
gcm: 0.631264 1.07795 2.30443
H: 0 0 0
L: 0 0 0
none 
463
gcm: 0.631264 1.07795 2.30443
H: 0 0 0
L: 0 0 0
none 
464
gcm: 0.631264 1.07795 2.30443
H: 0 0 0
L: 0 0 0
none 
465
gcm: 0.631264 1.07795 2.30443
H: 0 0 0
L: 0 0 0
none 
466
gcm: 0.631264 1.07795 2.30443
H: 0 0 0
L: 0 0 0
none 
467
gcm: 0.631264 1.07795 2.30443
H: 0 0 0
L: 0 0 0
none 
468
gcm: 0.631264 1.07795 2.30443
H: 0 0 0
L: 0 0 0
none 
469
gcm: 0.631264 1.07795 2.30443
H: 0 0 0
L: 0 0 0
none 
470
gcm: 0.631264 1.07795 2.30443
H: 0 0 0
L: 0 0 0
none 
471
gcm: 0.631264 1.07795 2.30443
H: 0 0 0
L: 0 0 0
none 
472
gcm: 0.631264 1.07795 2.30443
H: 0 0 0
L: 0 0 0
none 
473
gcm: 0.631264 1.07795 2.30443
H: 0 0 0
L: 0 0 0
none 
474
gcm: 0.631264 1.07795 2.30443
H: 0 0 0
L: 0 0 0
none 
475
gcm: 0.631264 1.07795 2.30443
H: 0 0 0
L: 0 0 0
none 
476
gcm: 0.631264 1.07795 2.30443
H: 0 0 0
L: 0 0 0
none 
477
gcm: 0.631264 1.07795 2.30443
H: 0 0 0
L: 0 0 0
none 
478
gcm: 0.631264 1.07795 2.30443
H: 0 0 0
L: 0 0 0
none 
479
gcm: 0.631264 1.07795 2.30443
H: 0 0 0
L: 0 0 0
none 
480
gcm: 0.631264 1.07795 2.30443
H: 0 0 0
L: 0 0 0
none 
481
gcm: 0.631264 1.07795 2.30443
H: 0 0 0
L: 0 0 0
none 
482
gcm: 0.631264 1.07795 2.30443
H: 0 0 0
L: 0 0 0
none 
483
gcm: 0.631264 1.07795 2.30443
H: 0 0 0
L: 0 0 0
none 
484
gcm: 0.631264 1.07795 2.30443
H: 0 0 0
L: 0 0 0
none 
485
gcm: 0.631264 1.07795 2.30443
H: 0 0 0
L: 0 0 0
none 
486
gcm: 0.631264 1.07795 2.30443
H: 0 0 0
L: 0 0 0
none 
487
gcm: 0.631264 1.07795 2.30443
H: 0 0 0
L: 0 0 0
none 
488
gcm: 0.631264 1.07795 2.30443
H: 0 0 0
L: 0 0 0
none 
489
gcm: 0.631264 1.07795 2.30443
H: 0 0 0
L: 0 0 0
none 
490
gcm: 0.631264 1.07795 2.30443
H: 0 0 0
L: 0 0 0
none 
491
gcm: 0.631264 1.07795 2.30443
H: 0 0 0
L: 0 0 0
none 
492
gcm: 0.631264 1.07795 2.30443
H: 0 0 0
L: 0 0 0
none 
493
gcm: 0.631264 1.07795 2.30443
H: 0 0 0
L: 0 0 0
none 
494
gcm: 0.631264 1.07795 2.30443
H: 0 0 0
L: 0 0 0
none 
495
gcm: 0.631264 1.07795 2.30443
H: 0 0 0
L: 0 0 0
none 
496
gcm: 0.631264 1.07795 2.30443
H: 0 0 0
L: 0 0 0
none 
497
gcm: 0.631264 1.07795 2.30443
H: 0 0 0
L: 0 0 0
none 
498
gcm: 0.631264 1.07795 2.30443
H: 0 0 0
L: 0 0 0
none 
499
gcm: 0.631264 1.07795 2.30443
H: 0 0 0
L: 0 0 0
none 
500
gcm: 0.631264 1.07795 2.30443
H: 0 0 0
L: 0 0 0
none 
501
gcm: 0.631264 1.07795 2.30443
H: 0 0 0
L: 0 0 0
none 
502
gcm: 0.631264 1.07795 2.30443
H: 0 0 0
L: 0 0 0
none 
503
gcm: 0.631264 1.07795 2.30443
H: 0 0 0
L: 0 0 0
none 
504
gcm: 0.631264 1.07795 2.30443
H: 0 0 0
L: 0 0 0
none 
505
gcm: 0.631264 1.07795 2.30443
H: 0 0 0
L: 0 0 0
none 
506
gcm: 0.631264 1.07795 2.30443
H: 0 0 0
L: 0 0 0
none 
507
gcm: 0.631264 1.07795 2.30443
H: 0 0 0
L: 0 0 0
none 
508
gcm: 0.631264 1.07795 2.30443
H: 0 0 0
L: 0 0 0
none 
509
gcm: 0.631264 1.07795 2.30443
H: 0 0 0
L: 0 0 0
none 
510
gcm: 0.631264 1.07795 2.30443
H: 0 0 0
L: 0 0 0
none 
511
gcm: 0.631264 1.07795 2.30443
H: 0 0 0
L: 0 0 0
none 
512
gcm: 0.631264 1.07795 2.30443
H: 0 0 0
L: 0 0 0
none 
513
gcm: 0.631264 1.07795 2.30443
H: 0 0 0
L: 0 0 0
none 
514
gcm: 0.631264 1.07795 2.30443
H: 0 0 0
L: 0 0 0
none 
515
gcm: 0.631264 1.07795 2.30443
H: 0 0 0
L: 0 0 0
none 
516
gcm: 0.631264 1.07795 2.30443
H: 0 0 0
L: 0 0 0
none 
516
gcm: 0.631264 1.07795 2.30443
H: 0 0 0
L: 0 0 0
none 
