:metadata
 
Skeleton: /Network/Servers/duerer/Volumes/duerer/laturnus/workspace/new_acm/mocapPlayer/mocapPlayer/07-walk.asf
Motion: /Network/Servers/duerer/Volumes/duerer/laturnus/workspace/new_acm/amc/07_01-walk.amc
Mass Distribution: /Network/Servers/duerer/Volumes/duerer/laturnus/workspace/new_acm/amd/NHR03-06.amd
 
Inital skeleton translation: 0 0 0
Initial skeleton rotation: 0 0 0
 
:data
1
gcm: 0.540808 0.976176 -1.88743
H: 8.7175 0.968971 2.05511
L: -0.103598 -0.0117424 0.9041
none 
2
gcm: 0.539841 0.976285 -1.8746
H: 8.89808 0.674822 -0.153918
L: -0.0686777 0.00769702 0.910479
none 
3
gcm: 0.538668 0.977084 -1.86184
H: 7.44633 1.15131 -0.123374
L: -0.0832975 0.0567444 0.90597
none 
4
gcm: 0.537692 0.976825 -1.84736
H: 15.8289 1.13539 0.916194
L: -0.0693105 -0.0184006 1.02801
left
5
gcm: 0.536861 0.977147 -1.83295
H: 14.9093 0.999741 1.27648
L: -0.0589678 0.0228511 1.02342
left
6
gcm: 0.536014 0.978224 -1.8192
H: 12.2806 0.858439 0.362089
L: -0.0601676 0.0765165 0.975932
left
7
gcm: 0.535287 0.979578 -1.80569
H: 11.3025 1.08935 -1.35236
L: -0.0515826 0.096084 0.959307
left
8
gcm: 0.534593 0.981039 -1.7921
H: 10.6515 1.22261 -1.46975
L: -0.0492495 0.103727 0.964835
left
9
gcm: 0.533486 0.982324 -1.77888
H: 8.76269 0.933141 -0.190423
L: -0.0786461 0.0912482 0.938687
left
10
gcm: 0.532316 0.983659 -1.76596
H: 7.57494 0.641474 0.556081
L: -0.083075 0.0947863 0.917511
left
11
gcm: 0.531554 0.98571 -1.75334
H: 7.82795 0.684705 -0.162245
L: -0.054049 0.145649 0.896061
left
12
gcm: 0.530781 0.987731 -1.74111
H: 5.6383 0.631431 0.224038
L: -0.054927 0.143463 0.868451
left
13
gcm: 0.529783 0.989734 -1.72834
H: -4.15852 -0.833624 -2.55095
L: -0.0708132 0.142236 0.90615
left
14
gcm: 0.528948 0.992243 -1.71521
H: 0.00792744 -0.22123 5.74363
L: -0.059308 0.178157 0.932211
left
15
gcm: 0.52803 0.99484 -1.70354
H: 1.26066 -0.479559 -0.0155415
L: -0.0652081 0.184371 0.8291
left
16
gcm: 0.527802 0.997225 -1.69062
H: -1.48548 -0.994417 -0.214412
L: -0.0161608 0.169336 0.917068
left
17
gcm: 0.527494 1.00006 -1.67835
H: -0.979117 -1.00938 -0.541259
L: -0.0218963 0.201565 0.871043
left
18
gcm: 0.527467 1.00261 -1.6664
H: -0.638072 -1.02092 -1.19404
L: -0.00188058 0.180676 0.848539
left
19
gcm: 0.52777 1.00414 -1.6545
H: 0.346638 -0.935235 -2.29027
L: 0.0214685 0.10842 0.844755
left
20
gcm: 0.527755 1.00526 -1.6426
H: 1.18716 -0.813807 -1.87823
L: -0.00103717 0.0800847 0.84526
left
21
gcm: 0.527598 1.00687 -1.63074
H: -2.00378 -1.33184 -0.139199
L: -0.011126 0.11409 0.841975
left
22
gcm: 0.527574 1.00878 -1.61899
H: 2.99335 0.0549954 -4.20355
L: -0.00174116 0.135387 0.833972
left
23
gcm: 0.527065 1.01014 -1.60724
H: -8.05553 -3.1946 3.45366
L: -0.0360871 0.0966719 0.834177
left
24
gcm: 0.52651 1.0108 -1.59588
H: -2.56524 -1.68104 0.282092
L: -0.0394042 0.0472033 0.806725
left
25
gcm: 0.526231 1.01128 -1.58415
H: -2.55216 -1.58745 0.0407963
L: -0.0198593 0.0339282 0.833147
left
26
gcm: 0.526379 1.01144 -1.57225
H: 2.13682 -0.779896 -3.75257
L: 0.0105028 0.0113945 0.84492
left
27
gcm: 0.52659 1.01122 -1.56069
H: 3.43049 -1.01076 -4.05589
L: 0.0149765 -0.0159956 0.820621
left
28
gcm: 0.526635 1.01111 -1.54918
H: -1.82369 -1.92345 -1.85502
L: 0.00319654 -0.00781208 0.816903
left
29
gcm: 0.526596 1.01082 -1.53727
H: -6.56357 -2.6427 0.28213
L: -0.0027296 -0.020101 0.84555
left
30
gcm: 0.526642 1.00991 -1.52538
H: -8.34989 -3.10813 0.33066
L: 0.00324463 -0.0649282 0.84429
left
31
gcm: 0.52645 1.0089 -1.51359
H: -9.15204 -2.28017 2.67001
L: -0.0136332 -0.0716291 0.837542
left
32
gcm: 0.526032 1.00794 -1.50199
H: -4.91092 -2.08226 2.14053
L: -0.0296656 -0.0680309 0.823048
left
33
gcm: 0.526024 1.00675 -1.49032
H: -2.3105 -2.4159 0.209437
L: -0.000557483 -0.0845328 0.829158
left
34
gcm: 0.526304 1.00633 -1.47835
H: -6.09938 -2.70268 -2.21923
L: 0.0198417 -0.0301817 0.849558
left
35
gcm: 0.526435 1.00634 -1.46642
H: -5.89117 -2.66686 -1.19365
L: 0.00931304 0.000772701 0.84722
left
36
gcm: 0.526409 1.00537 -1.45479
H: -4.02136 -2.68734 1.876
L: -0.00180624 -0.0690379 0.825326
left
37
gcm: 0.526383 1.00428 -1.44319
H: -6.69165 -2.49529 -0.28034
L: -0.00187296 -0.0770821 0.824213
left
38
gcm: 0.526382 1.00352 -1.43138
H: -6.25189 -2.51761 -0.0391275
L: -8.43154e-05 -0.054172 0.838137
left
39
gcm: 0.526294 1.00333 -1.41947
H: -5.98408 -2.19236 0.725107
L: -0.00622325 -0.0129806 0.845716
left
40
gcm: 0.526365 1.00403 -1.40764
H: -7.92411 -1.83972 -0.595733
L: 0.00505541 0.0493658 0.840031
left
41
gcm: 0.526813 1.00417 -1.39597
H: -8.68902 -1.91979 -1.07372
L: 0.0317509 0.0101731 0.828336
left
42
gcm: 0.52721 1.0036 -1.38425
H: -8.80331 -1.98189 -0.20862
L: 0.0282289 -0.04031 0.832037
left
43
gcm: 0.527574 1.00317 -1.37246
H: -8.00329 -2.13249 -1.23107
L: 0.0258076 -0.0305925 0.83754
left
44
gcm: 0.527992 1.00288 -1.36089
H: -7.31468 -2.13438 -2.27994
L: 0.029699 -0.0206385 0.821276
left
45
gcm: 0.528323 1.00255 -1.34958
H: -8.09235 -1.80657 -1.02073
L: 0.023477 -0.0236185 0.802699
left
46
gcm: 0.528549 1.00209 -1.3383
H: -8.43074 -1.41793 0.265403
L: 0.0160477 -0.0323774 0.801346
left
47
gcm: 0.528677 1.00202 -1.32678
H: -6.98111 -1.23277 0.749117
L: 0.00909593 -0.00556168 0.817926
left
48
gcm: 0.529114 1.00219 -1.3149
H: -5.74907 -1.33349 0.496364
L: 0.0310248 0.012153 0.843228
left
49
gcm: 0.52976 1.00208 -1.30314
H: -5.36359 -1.04283 0.066518
L: 0.0458637 -0.00790015 0.834726
left
50
gcm: 0.530152 1.00201 -1.29158
H: -4.90574 -0.549933 0.875227
L: 0.0278665 -0.00485214 0.821067
left
51
gcm: 0.530618 1.00168 -1.27957
H: -3.68166 -1.11453 -0.260785
L: 0.0330407 -0.0235118 0.852828
left
52
gcm: 0.53125 1.00196 -1.26768
H: -2.28567 -1.01789 0.136631
L: 0.0448966 0.0198817 0.84411
left
53
gcm: 0.531943 1.00221 -1.25653
H: -4.82087 -0.547624 0.614757
L: 0.049243 0.0176684 0.791284
left
54
gcm: 0.532552 1.00205 -1.24446
H: 2.6349 -0.589203 -0.2205
L: 0.043175 -0.0109616 0.856965
left
55
gcm: 0.533386 1.00131 -1.23241
H: 0.965429 -0.385269 0.110178
L: 0.0592632 -0.0527292 0.855998
left
56
gcm: 0.534239 1.00044 -1.22033
H: 2.7149 -0.30453 -0.209604
L: 0.0605404 -0.0618672 0.857592
left
57
gcm: 0.534921 0.999733 -1.20823
H: 4.3374 -0.197162 -0.0500331
L: 0.0484074 -0.0500129 0.858836
left
58
gcm: 0.535613 0.998871 -1.1961
H: 5.33847 -0.0708745 0.493357
L: 0.0491529 -0.061199 0.861511
left
59
gcm: 0.536496 0.998196 -1.18375
H: 7.53192 -0.45779 -0.271504
L: 0.0626693 -0.0479219 0.876708
left
60
gcm: 0.537539 0.998366 -1.17109
H: 8.89299 -0.392466 -1.22973
L: 0.0740684 0.0120629 0.89895
left
61
gcm: 0.538829 0.999387 -1.15824
H: 7.883 -0.502268 -1.48049
L: 0.0916063 0.0725411 0.912291
left
62
gcm: 0.540455 1.00023 -1.14551
H: 4.43075 -0.272426 -1.86406
L: 0.115462 0.0598123 0.903595
left
63
gcm: 0.542047 1.00071 -1.13296
H: 6.27483 -0.514815 -0.876819
L: 0.113008 0.0338836 0.89146
left
64
gcm: 0.543329 1.00142 -1.12083
H: 7.09337 -0.35654 -0.0378316
L: 0.0910129 0.0505395 0.861105
left
65
gcm: 0.544847 1.00233 -1.10854
H: 7.0406 -0.597475 -0.241997
L: 0.107794 0.0648749 0.872167
none 
66
gcm: 0.546499 1.00286 -1.09483
H: 12.9551 -1.17405 -0.793945
L: 0.117258 0.037682 0.973499
right
67
gcm: 0.547673 1.00327 -1.08096
H: 13.1418 -1.20148 0.279297
L: 0.0833606 0.0285339 0.98522
right
68
gcm: 0.548808 1.0037 -1.06751
H: 11.4473 -0.889872 0.847182
L: 0.080607 0.0310785 0.954675
right
69
gcm: 0.550062 1.00472 -1.05441
H: 10.7438 -0.724248 0.724553
L: 0.0890583 0.0721573 0.930408
right
70
gcm: 0.551209 1.00583 -1.04134
H: 10.3435 -0.811587 0.519234
L: 0.0813818 0.0789753 0.927877
right
71
gcm: 0.55273 1.00735 -1.02836
H: 9.02927 -1.02211 -0.636188
L: 0.107993 0.107569 0.92144
right
72
gcm: 0.554803 1.00928 -1.01562
H: 8.29402 -0.993097 -1.90651
L: 0.147206 0.137186 0.90443
right
73
gcm: 0.556765 1.01055 -1.00295
H: 6.75239 -0.5111 -0.786115
L: 0.139329 0.0906009 0.899343
right
74
gcm: 0.558292 1.01201 -0.990679
H: 3.93983 -0.35172 1.54285
L: 0.108404 0.103312 0.871592
right
75
gcm: 0.559505 1.0147 -0.979227
H: 7.57393 -1.21401 -2.51312
L: 0.0861276 0.190724 0.813105
right
76
gcm: 0.560765 1.01726 -0.967645
H: 5.17226 -0.668379 -1.76396
L: 0.0894509 0.182252 0.822278
right
77
gcm: 0.561964 1.01942 -0.955753
H: 2.95549 -0.52633 -0.655007
L: 0.0851153 0.153238 0.844389
right
78
gcm: 0.563057 1.02191 -0.944045
H: 2.08159 -0.712061 0.23471
L: 0.0775965 0.176994 0.831225
right
79
gcm: 0.564105 1.02436 -0.932636
H: 0.910666 -0.325772 0.139795
L: 0.074392 0.173307 0.810029
right
80
gcm: 0.564753 1.02687 -0.921064
H: -0.475774 0.364787 0.596601
L: 0.0460168 0.178737 0.821622
right
81
gcm: 0.564982 1.0294 -0.909391
H: -0.925373 0.930569 1.04765
L: 0.0163008 0.17964 0.8288
right
82
gcm: 0.565267 1.03182 -0.898071
H: -0.528283 1.08964 0.615629
L: 0.0201991 0.171889 0.803746
right
83
gcm: 0.565886 1.03449 -0.886998
H: -1.53932 1.08317 0.131488
L: 0.0439972 0.189409 0.786167
right
84
gcm: 0.566572 1.03645 -0.87591
H: -1.8632 1.01058 0.388247
L: 0.0486677 0.139118 0.787245
right
85
gcm: 0.567046 1.03756 -0.864912
H: -1.95702 1.35859 0.367959
L: 0.033691 0.078843 0.780831
right
86
gcm: 0.567269 1.03888 -0.854176
H: -2.48485 1.40485 0.498997
L: 0.015813 0.0936843 0.762277
right
87
gcm: 0.567636 1.04015 -0.843184
H: -4.8934 2.02475 -0.521346
L: 0.0260271 0.0898631 0.780427
right
88
gcm: 0.568376 1.04144 -0.83165
H: -3.76699 1.83352 -1.15244
L: 0.0525405 0.0914876 0.818907
right
89
gcm: 0.569015 1.04256 -0.82016
H: -3.79844 1.72451 -1.24237
L: 0.0453848 0.0799852 0.815821
right
90
gcm: 0.569501 1.04316 -0.808937
H: -5.1609 1.73565 -0.655206
L: 0.034498 0.042642 0.796797
right
91
gcm: 0.569646 1.0436 -0.797844
H: -5.39516 1.98923 0.81643
L: 0.010331 0.0311099 0.787641
right
92
gcm: 0.569783 1.04334 -0.786891
H: -4.27248 1.92435 0.717179
L: 0.00971135 -0.0186291 0.777668
right
93
gcm: 0.570426 1.04256 -0.775767
H: -3.42679 1.8091 -0.911716
L: 0.0456673 -0.055513 0.789753
right
94
gcm: 0.571299 1.04169 -0.764335
H: -3.45644 2.13243 0.00286799
L: 0.0619808 -0.0617975 0.811705
right
95
gcm: 0.571612 1.04067 -0.752991
H: -3.13956 2.12642 -0.305978
L: 0.0222285 -0.0719495 0.805404
right
96
gcm: 0.571732 1.03957 -0.741524
H: -2.27339 1.87828 -0.203276
L: 0.00847868 -0.0782166 0.814151
right
97
gcm: 0.572121 1.0383 -0.729786
H: -3.50076 1.63896 0.600832
L: 0.0276568 -0.0905496 0.833377
right
98
gcm: 0.572599 1.03701 -0.71828
H: -4.40486 1.5925 0.45566
L: 0.033886 -0.091254 0.816921
right
99
gcm: 0.573095 1.03559 -0.706763
H: -4.34024 1.62706 0.322432
L: 0.0352499 -0.100566 0.81777
right
100
gcm: 0.573248 1.03383 -0.695232
H: -4.64099 1.79888 0.758043
L: 0.0108614 -0.125218 0.81865
right
101
gcm: 0.573519 1.03205 -0.683727
H: -4.86014 1.82101 0.262023
L: 0.0192565 -0.126548 0.816876
right
102
gcm: 0.57429 1.03056 -0.671978
H: -5.83541 1.45441 -0.496274
L: 0.0547369 -0.10532 0.834159
right
103
gcm: 0.574631 1.02932 -0.660537
H: -7.6287 1.35732 0.544623
L: 0.0242208 -0.0881575 0.812336
right
104
gcm: 0.57442 1.02869 -0.649408
H: -7.64502 1.69252 1.36826
L: -0.0150401 -0.0449078 0.790129
right
105
gcm: 0.574572 1.02811 -0.638013
H: -7.04834 1.74294 0.35718
L: 0.010847 -0.0413819 0.809058
right
106
gcm: 0.575043 1.02701 -0.626423
H: -7.95642 1.71482 -0.0975981
L: 0.0334362 -0.0782491 0.822921
right
107
gcm: 0.575413 1.02617 -0.615018
H: -9.13452 1.47852 0.19834
L: 0.0262257 -0.0593116 0.809717
right
108
gcm: 0.575657 1.02531 -0.603528
H: -8.53896 1.31598 0.113894
L: 0.0173862 -0.0609171 0.815805
right
109
gcm: 0.57571 1.02408 -0.592107
H: -8.27325 1.57197 0.40504
L: 0.00373792 -0.0876115 0.810906
right
110
gcm: 0.575613 1.02304 -0.581185
H: -10.2992 1.28492 0.184069
L: -0.0069135 -0.0735832 0.775435
right
111
gcm: 0.575472 1.02265 -0.569842
H: -10.6225 1.46819 -0.188776
L: -0.0100266 -0.0274587 0.805373
right
112
gcm: 0.575449 1.02242 -0.557457
H: -5.66557 1.28087 -0.52159
L: -0.00161326 -0.0166995 0.879368
right
113
gcm: 0.575645 1.02178 -0.545045
H: -4.10815 0.967996 -1.03392
L: 0.0139572 -0.0451544 0.881203
right
114
gcm: 0.575804 1.02126 -0.532815
H: -4.73158 0.544825 -0.919533
L: 0.0112304 -0.0370518 0.868368
right
115
gcm: 0.575568 1.0211 -0.520118
H: -4.41546 0.927117 0.377243
L: -0.0167443 -0.0117031 0.901446
right
116
gcm: 0.575553 1.02054 -0.507088
H: -2.61456 1.0736 -0.531262
L: -0.00101962 -0.0392967 0.925137
right
117
gcm: 0.57568 1.01994 -0.494448
H: -1.05074 1.01809 -0.215983
L: 0.00898655 -0.042552 0.897484
right
118
gcm: 0.575605 1.01942 -0.481955
H: -0.485676 0.639479 0.557925
L: -0.00530211 -0.0374232 0.886965
right
119
gcm: 0.575064 1.0185 -0.469579
H: 0.244847 0.59947 1.06143
L: -0.0384242 -0.0652634 0.878717
right
120
gcm: 0.574717 1.0174 -0.457438
H: 0.688081 0.743268 -0.0363412
L: -0.0246162 -0.0781801 0.862015
right
121
gcm: 0.574642 1.0166 -0.445372
H: 2.07884 0.447966 -0.542195
L: -0.00536806 -0.0566619 0.856673
right
122
gcm: 0.574024 1.01572 -0.433547
H: 3.11057 0.446032 0.748814
L: -0.0438354 -0.0624563 0.839571
right
123
gcm: 0.574314 1.01411 -0.419051
H: 6.67246 0.319019 -0.771195
L: 0.020528 -0.114085 1.02924
right
124
gcm: 0.571926 1.01273 -0.408874
H: 2.91983 1.21191 4.32428
L: -0.169483 -0.0979563 0.722563
right
125
gcm: 0.570677 1.0111 -0.397237
H: 5.87199 1.12847 2.60997
L: -0.0887028 -0.115969 0.826182
right
126
gcm: 0.570085 1.00943 -0.384459
H: 7.98846 1.21128 1.78196
L: -0.0420367 -0.118692 0.907247
right
127
gcm: 0.569113 1.00878 -0.371181
H: 7.7708 1.07184 1.60406
L: -0.0690264 -0.0461897 0.942733
right
128
gcm: 0.567568 1.00944 -0.357727
H: 5.83541 0.793642 1.08536
L: -0.109698 0.0470759 0.955254
right
129
gcm: 0.566079 1.01018 -0.344437
H: 7.1774 0.486239 1.02558
L: -0.105681 0.0523902 0.943603
right
130
gcm: 0.564667 1.01054 -0.331718
H: 8.91187 0.555405 1.48047
L: -0.100302 0.0257562 0.903052
none 
131
gcm: 0.563065 1.01081 -0.318921
H: 8.30638 0.983856 1.35224
L: -0.11372 0.0190526 0.90859
none 
132
gcm: 0.561684 1.01112 -0.305841
H: 8.25611 1.46836 0.155751
L: -0.0980323 0.0222523 0.928637
none 
133
gcm: 0.560427 1.01169 -0.292496
H: 9.34544 1.51333 -0.991713
L: -0.0892463 0.0404866 0.94755
none 
134
gcm: 0.559202 1.01241 -0.279243
H: 7.81911 1.25376 -0.487922
L: -0.086973 0.0512252 0.940917
none 
135
gcm: 0.558329 1.01227 -0.264911
H: 17.9251 1.46097 -0.849264
L: -0.0619689 -0.0101625 1.01755
left
136
gcm: 0.557438 1.01309 -0.251839
H: 13.2628 0.869477 -1.29362
L: -0.0632904 0.0582919 0.928153
left
137
gcm: 0.556641 1.01433 -0.237364
H: 11.9815 1.02186 0.0255585
L: -0.0566096 0.0879698 1.02773
left
138
gcm: 0.55529 1.01598 -0.223743
H: 13.9732 2.83243 -0.908285
L: -0.0958648 0.117007 0.967096
left
139
gcm: 0.553829 1.01762 -0.210567
H: 8.96237 1.11915 0.923625
L: -0.103787 0.116499 0.935452
left
140
gcm: 0.552499 1.01937 -0.19765
H: 6.26353 0.512924 0.842587
L: -0.0943959 0.124273 0.917146
left
141
gcm: 0.551019 1.02118 -0.185091
H: 4.2865 0.345301 1.55176
L: -0.105065 0.128442 0.891648
left
142
gcm: 0.549545 1.02287 -0.172679
H: 3.58316 0.288272 2.26711
L: -0.104653 0.119933 0.881244
left
143
gcm: 0.548738 1.02488 -0.159999
H: 1.22681 0.0869244 1.5816
L: -0.0573337 0.142917 0.90031
left
144
gcm: 0.548228 1.0272 -0.147013
H: 1.65127 -0.401775 -0.373056
L: -0.0362079 0.16435 0.922041
left
145
gcm: 0.547566 1.02946 -0.134264
H: 2.02699 -0.176326 0.144522
L: -0.0469847 0.160614 0.905125
left
146
gcm: 0.54719 1.0318 -0.122089
H: 1.95196 -0.289001 -0.977862
L: -0.0266703 0.166593 0.864476
left
147
gcm: 0.546986 1.03417 -0.110215
H: -0.861104 -1.15099 -1.24916
L: -0.0145284 0.167908 0.843012
left
148
gcm: 0.546724 1.03631 -0.0985491
H: -4.38474 -2.06162 -0.437884
L: -0.0185923 0.152205 0.828295
left
149
gcm: 0.546789 1.03833 -0.0864507
H: -3.07912 -1.97871 -0.255927
L: 0.00464596 0.142916 0.858982
left
150
gcm: 0.546576 1.04026 -0.0744535
H: -0.326242 -1.10583 -0.222292
L: -0.0151797 0.137338 0.851801
left
151
gcm: 0.54579 1.04225 -0.0629889
H: 0.468316 -0.740839 -0.909678
L: -0.0558071 0.141606 0.81399
left
152
gcm: 0.545575 1.0444 -0.0508865
H: -1.05795 -1.52003 -1.814
L: -0.0152283 0.152542 0.859268
left
153
gcm: 0.545909 1.04637 -0.0380533
H: -2.94666 -1.84395 -1.5226
L: 0.0237094 0.139922 0.911158
left
154
gcm: 0.543936 1.04656 -0.0284288
H: -5.15408 -1.1135 4.73192
L: -0.140101 0.0129844 0.683339
left
155
gcm: 0.544022 1.04706 -0.0162387
H: -1.32081 -1.84738 -1.4566
L: 0.00610213 0.0356263 0.865495
left
156
gcm: 0.544456 1.04768 -0.00462252
H: -2.30149 -1.89629 -2.60322
L: 0.0308173 0.0441238 0.82475
left
157
gcm: 0.544432 1.0482 0.00701378
H: -1.5718 -1.67034 -0.874537
L: -0.00165925 0.0368269 0.826177
left
158
gcm: 0.54394 1.04783 0.0184539
H: -4.14643 -1.8628 0.435274
L: -0.0349759 -0.0261954 0.812251
left
159
gcm: 0.543457 1.04639 0.0295844
H: -4.45071 -1.76936 -0.45382
L: -0.0342912 -0.102041 0.790264
left
160
gcm: 0.543391 1.0463 0.0416566
H: -3.04147 -1.75832 -1.31704
L: -0.00468665 -0.00653147 0.857127
left
161
gcm: 0.543314 1.04579 0.053925
H: -4.25303 -2.00763 -0.278869
L: -0.00544191 -0.0364503 0.871052
left
162
gcm: 0.542965 1.0452 0.0657342
H: -5.98586 -2.12101 0.678351
L: -0.0248222 -0.0418212 0.838458
left
163
gcm: 0.542624 1.04466 0.0771404
H: -4.81242 -1.88649 -0.192312
L: -0.0241581 -0.0385405 0.809835
left
164
gcm: 0.542702 1.04427 0.089078
H: -3.43294 -2.03414 -1.0761
L: 0.00554292 -0.0274234 0.847571
left
165
gcm: 0.543086 1.0443 0.101519
H: -4.02088 -2.35703 -0.994005
L: 0.0272338 0.00253902 0.883288
left
166
gcm: 0.542896 1.04416 0.113211
H: -6.50941 -2.19785 0.532276
L: -0.0134934 -0.010633 0.830132
left
167
gcm: 0.54232 1.04393 0.124312
H: -7.33213 -1.98812 1.08115
L: -0.0408964 -0.016012 0.78823
left
168
gcm: 0.54209 1.04448 0.1359
H: -6.3682 -2.132 0.0293358
L: -0.0163273 0.0394239 0.822739
left
169
gcm: 0.541939 1.04496 0.147725
H: -7.41698 -2.17874 0.123694
L: -0.0107315 0.0334281 0.839534
left
170
gcm: 0.541905 1.04445 0.159612
H: -7.69932 -2.16714 -0.187285
L: -0.00238443 -0.0360216 0.843984
left
171
gcm: 0.542225 1.04395 0.171562
H: -7.80002 -2.27507 -0.975826
L: 0.0227121 -0.03519 0.848454
left
172
gcm: 0.542527 1.04326 0.183017
H: -7.03785 -2.30917 -0.989924
L: 0.0214465 -0.0493976 0.813315
left
173
gcm: 0.542506 1.04218 0.19448
H: -7.28077 -2.23853 -0.564777
L: -0.00150058 -0.0761338 0.813885
left
174
gcm: 0.542539 1.04131 0.20628
H: -8.01515 -2.11871 -0.817812
L: 0.00236516 -0.0618 0.837766
left
175
gcm: 0.542757 1.04061 0.218329
H: -7.67543 -2.11175 -0.954174
L: 0.0154361 -0.0497452 0.855474
left
176
gcm: 0.542852 1.03986 0.23033
H: -7.51002 -2.21291 0.247459
L: 0.00677455 -0.0535488 0.852108
left
177
gcm: 0.543184 1.03921 0.242953
H: -7.11267 -1.98389 1.30556
L: 0.0235348 -0.0459442 0.896195
left
178
gcm: 0.543605 1.03819 0.254096
H: -7.33135 -2.3732 0.581609
L: 0.0299083 -0.072567 0.791149
left
179
gcm: 0.544047 1.03789 0.266941
H: -3.41793 -1.6692 1.19327
L: 0.0313896 -0.0214654 0.912001
left
180
gcm: 0.544485 1.03775 0.279388
H: -3.31801 -1.67813 -0.373303
L: 0.0311074 -0.00968696 0.883794
left
181
gcm: 0.545016 1.03808 0.290966
H: -4.03681 -1.87059 -0.450133
L: 0.0377127 0.0235991 0.822021
left
182
gcm: 0.545665 1.03874 0.302675
H: -6.44571 -0.928205 -0.720731
L: 0.0460369 0.0462324 0.831298
left
183
gcm: 0.546113 1.03857 0.315776
H: -0.49644 -0.664184 -0.115544
L: 0.0317988 -0.0114128 0.930163
left
184
gcm: 0.546316 1.03785 0.328229
H: 0.559552 -0.686574 0.649827
L: 0.0144149 -0.0513362 0.884203
left
185
gcm: 0.546565 1.03657 0.340303
H: 2.34947 -0.652001 0.0524768
L: 0.017707 -0.0910529 0.857212
left
186
gcm: 0.547227 1.03489 0.352657
H: 3.55688 -0.416444 -0.323358
L: 0.0469952 -0.119308 0.877168
left
187
gcm: 0.547876 1.03351 0.365086
H: 2.67563 -0.243194 0.262666
L: 0.0461072 -0.0980053 0.882449
left
188
gcm: 0.548217 1.03234 0.377405
H: 3.24255 0.0276453 0.67724
L: 0.024191 -0.0827982 0.874694
left
189
gcm: 0.54884 1.03116 0.389834
H: 4.70023 0.0919926 0.0123673
L: 0.0442384 -0.0838237 0.882411
left
190
gcm: 0.550094 1.03012 0.402675
H: 7.01086 -1.05717 -2.39761
L: 0.0890343 -0.0736597 0.91171
left
191
gcm: 0.551045 1.03011 0.416038
H: 11.4705 -1.29671 -2.67836
L: 0.0675458 -0.00120045 0.948755
left
192
gcm: 0.551838 1.031 0.429885
H: 6.12959 0.0209532 0.265846
L: 0.0562355 0.0631048 0.983148
left
193
gcm: 0.552884 1.03129 0.443603
H: 8.40059 -0.336473 -0.888588
L: 0.0742742 0.0209211 0.973998
left
194
gcm: 0.554105 1.03106 0.457043
H: 7.44342 -0.41403 -0.491743
L: 0.0867188 -0.0161643 0.954268
left
195
gcm: 0.555453 1.03112 0.470119
H: 7.95247 -0.804483 -0.902561
L: 0.0956713 0.00405852 0.928336
left
196
gcm: 0.556915 1.03134 0.483023
H: 8.07133 -0.652665 -0.48764
L: 0.103853 0.015922 0.916191
right
197
gcm: 0.558379 1.03143 0.496229
H: 9.16905 -1.43943 0.0784811
L: 0.103949 0.00601864 0.937645
right
198
gcm: 0.55948 1.03041 0.511619
H: 19.557 -1.37205 -0.25265
L: 0.0781352 -0.0720218 1.09272
right
199
gcm: 0.560632 1.03029 0.525895
H: 12.0531 -0.382576 -0.740397
L: 0.0818398 -0.00891221 1.01355
right
200
gcm: 0.561672 1.03083 0.5403
H: 11.614 -0.339432 -1.40529
L: 0.0738356 0.0382711 1.02276
right
201
gcm: 0.562506 1.032 0.554501
H: 10.9911 -0.536151 -0.407169
L: 0.0592077 0.0831481 1.00829
right
202
gcm: 0.563761 1.03344 0.567926
H: 9.63339 -0.962759 0.547146
L: 0.0890975 0.102091 0.953192
right
203
gcm: 0.565553 1.03496 0.581005
H: 7.34189 -0.589459 -1.26975
L: 0.127184 0.108467 0.928611
right
204
gcm: 0.567574 1.03674 0.59409
H: 7.92362 -0.785348 -2.69633
L: 0.143498 0.126175 0.92898
right
205
gcm: 0.569369 1.03842 0.607094
H: 7.65349 -1.09094 -2.16372
L: 0.127451 0.118954 0.923301
right
206
gcm: 0.570582 1.03983 0.61959
H: 6.66956 -1.47961 0.499246
L: 0.0861342 0.0999686 0.887215
right
207
gcm: 0.571821 1.04272 0.632503
H: 1.13869 0.43073 -1.78169
L: 0.0879462 0.205507 0.916822
right
208
gcm: 0.572763 1.04546 0.644582
H: 3.06366 -0.791405 0.111516
L: 0.0669419 0.194343 0.857642
right
209
gcm: 0.573512 1.04855 0.656461
H: 0.52421 0.208386 0.0927304
L: 0.0531746 0.219834 0.843407
right
210
gcm: 0.574042 1.05095 0.668055
H: -0.112303 0.450635 1.2159
L: 0.0376338 0.170328 0.823194
right
211
gcm: 0.574152 1.05332 0.679791
H: -0.939662 0.793071 1.91356
L: 0.00775641 0.168187 0.833204
right
212
gcm: 0.574021 1.05602 0.691371
H: -0.93834 0.841673 1.96324
L: -0.00924705 0.191448 0.82218
right
213
gcm: 0.574246 1.05916 0.703457
H: -0.752678 0.972678 0.975984
L: 0.0159752 0.223058 0.858105
right
214
gcm: 0.574722 1.0621 0.715561
H: -1.06832 1.17079 0.906915
L: 0.0337418 0.209146 0.859409
right
215
gcm: 0.575139 1.06424 0.727205
H: -2.44317 1.28229 0.760105
L: 0.0296052 0.151513 0.826705
right
216
gcm: 0.57574 1.06586 0.738641
H: -3.32696 1.25427 -0.69606
L: 0.0426883 0.114775 0.811961
right
217
gcm: 0.576687 1.06754 0.749965
H: -3.92859 1.64334 -1.62552
L: 0.0672513 0.119709 0.803993
right
218
gcm: 0.577519 1.06906 0.761575
H: -3.28195 1.50079 -1.02975
L: 0.0590639 0.10815 0.824363
right
219
gcm: 0.577817 1.07079 0.773165
H: -4.71538 1.84783 -0.0678428
L: 0.0211901 0.122685 0.822859
right
220
gcm: 0.577935 1.07224 0.784541
H: -6.18025 2.22528 0.431524
L: 0.00834258 0.102448 0.807718
right
221
gcm: 0.578166 1.07241 0.796191
H: -4.16095 2.5038 -0.0299964
L: 0.0163895 0.0123484 0.82716
right
222
gcm: 0.578459 1.07243 0.807974
H: -3.6603 2.24785 -0.0123679
L: 0.0208058 0.00132933 0.836555
right
223
gcm: 0.578544 1.07282 0.819601
H: -5.15238 2.21849 0.959823
L: 0.00605818 0.0278528 0.825508
right
224
gcm: 0.578214 1.07299 0.831573
H: -4.1002 2.11974 2.19261
L: -0.0234457 0.0121535 0.850054
right
225
gcm: 0.579187 1.07247 0.842994
H: -4.22082 1.51415 -0.784216
L: 0.0691094 -0.0369985 0.810837
right
226
gcm: 0.57926 1.07148 0.854798
H: -4.56065 1.84218 0.892268
L: 0.00515515 -0.0706658 0.838077
right
227
gcm: 0.581014 1.07029 0.866047
H: -3.90241 1.35232 -2.59242
L: 0.124521 -0.0843458 0.798681
right
228
gcm: 0.581232 1.06843 0.878481
H: -3.92995 1.99989 0.437545
L: 0.0155019 -0.131929 0.882824
right
229
gcm: 0.581419 1.06657 0.890555
H: -4.4499 1.94518 1.25282
L: 0.0132837 -0.132184 0.857298
right
230
gcm: 0.581745 1.06511 0.902582
H: -5.51865 2.00999 1.67513
L: 0.0231374 -0.10339 0.853884
right
231
gcm: 0.582235 1.06368 0.914635
H: -6.19175 1.92821 0.919734
L: 0.0347642 -0.101473 0.85574
right
232
gcm: 0.582573 1.06245 0.926613
H: -6.28618 1.69997 0.881112
L: 0.0240151 -0.0878014 0.850479
right
233
gcm: 0.582774 1.06181 0.938533
H: -7.71809 1.76773 0.947392
L: 0.0142694 -0.0448411 0.846322
right
234
gcm: 0.583114 1.06151 0.9502
H: -8.31847 1.90198 0.567906
L: 0.0241299 -0.0212895 0.828376
right
235
gcm: 0.583638 1.06054 0.961795
H: -7.84912 1.84137 0.43124
L: 0.0372247 -0.0690127 0.823222
right
236
gcm: 0.584058 1.05934 0.973358
H: -8.62971 1.63851 -0.00901176
L: 0.0298396 -0.0855221 0.82095
right
237
gcm: 0.584433 1.05837 0.984918
H: -8.95403 1.42225 -0.110771
L: 0.0266099 -0.0686291 0.820768
right
238
gcm: 0.584802 1.05783 0.996773
H: -8.76629 1.66515 0.312927
L: 0.0261602 -0.0384256 0.841689
right
239
gcm: 0.584697 1.05738 1.00786
H: -9.9202 1.73186 0.926389
L: -0.00743356 -0.0321905 0.787186
right
240
gcm: 0.584873 1.05621 1.01875
H: -9.20624 1.48404 -0.409945
L: 0.0125233 -0.0830513 0.773417
right
241
gcm: 0.586008 1.05523 1.03169
H: -7.87028 1.12214 -2.14279
L: 0.0805671 -0.0694066 0.918314
right
242
gcm: 0.585245 1.05477 1.04311
H: -12.9553 1.30383 0.997837
L: -0.054137 -0.0326858 0.811164
right
243
gcm: 0.585554 1.05371 1.05591
H: -3.35953 0.054664 -1.26179
L: 0.0219278 -0.0750003 0.908905
right
244
gcm: 0.586018 1.05283 1.06856
H: -3.01422 0.803861 -0.795455
L: 0.0329366 -0.0626584 0.898256
right
245
gcm: 0.586097 1.05218 1.08107
H: -1.97003 1.65123 0.238217
L: 0.00560061 -0.0458393 0.887665
right
246
gcm: 0.585914 1.05168 1.09352
H: -0.583971 1.32316 0.912314
L: -0.0129788 -0.03585 0.884424
right
247
gcm: 0.585681 1.051 1.10598
H: -1.29057 0.985618 0.493787
L: -0.0165887 -0.0484413 0.884391
right
248
gcm: 0.585443 1.04971 1.1185
H: -1.21568 0.900723 0.203075
L: -0.0168628 -0.0910862 0.889272
right
249
gcm: 0.585406 1.04806 1.13071
H: 0.844166 0.829469 -0.0365325
L: -0.00264985 -0.117123 0.866571
right
250
gcm: 0.585587 1.04615 1.14289
H: 3.08903 0.538061 -0.11413
L: 0.012855 -0.136163 0.864478
right
251
gcm: 0.585547 1.04432 1.15521
H: 3.99855 0.364588 0.454552
L: -0.00279795 -0.129703 0.874766
right
252
gcm: 0.585437 1.04287 1.1675
H: 4.87995 0.415231 0.374092
L: -0.00781511 -0.103172 0.872924
right
253
gcm: 0.584881 1.04124 1.17994
H: 6.99651 1.22015 2.61143
L: -0.0394961 -0.115709 0.883076
right
254
gcm: 0.583799 1.03955 1.19244
H: 5.63098 1.01395 3.27702
L: -0.0767979 -0.119694 0.88764
right
255
gcm: 0.582905 1.0368 1.20516
H: 5.19092 0.685546 2.34719
L: -0.063497 -0.195136 0.903291
right
256
gcm: 0.582401 1.03516 1.21803
H: 6.67209 0.457022 1.00201
L: -0.0357764 -0.116766 0.913373
right
257
gcm: 0.581738 1.03424 1.23119
H: 7.90142 0.376977 0.423327
L: -0.0471213 -0.0651785 0.934242
right
258
gcm: 0.581081 1.03566 1.24485
H: 7.69405 0.455562 -0.616106
L: -0.0466123 0.101114 0.969921
right
259
gcm: 0.579956 1.03555 1.25835
H: 11.1173 1.17286 0.629052
L: -0.0798792 -0.00783036 0.9585
right
260
gcm: 0.578384 1.03643 1.27233
H: 10.7636 1.24828 0.668943
L: -0.111605 0.0621368 0.992925
right
261
gcm: 0.577129 1.03655 1.28557
H: 7.48321 1.10556 0.249586
L: -0.0891169 0.00863667 0.939715
none 
262
gcm: 0.576826 1.03554 1.30033
H: 18.8347 1.3887 0.856758
L: -0.0215091 -0.0715352 1.04783
left
263
gcm: 0.575812 1.03569 1.31431
H: 15.3659 1.5491 1.19495
L: -0.0719574 0.0103022 0.99273
left
264
gcm: 0.574247 1.03605 1.32795
H: 13.3612 1.53791 2.78504
L: -0.111179 0.0255779 0.968496
left
265
gcm: 0.572705 1.03661 1.3412
H: 10.925 1.22488 2.74319
L: -0.109481 0.0395612 0.941196
left
266
gcm: 0.571559 1.03765 1.35449
H: 10.7835 1.17038 0.968881
L: -0.0813574 0.0742573 0.943461
left
267
gcm: 0.570687 1.03868 1.36747
H: 9.3244 1.01598 0.277174
L: -0.0618991 0.0727543 0.921433
left
268
gcm: 0.570446 1.03984 1.38057
H: 7.72595 0.648614 -0.912328
L: -0.0171013 0.0822773 0.930139
left
269
gcm: 0.570815 1.04125 1.39443
H: 6.65729 -0.0252561 -2.21602
L: 0.026227 0.10069 0.984139
left
270
gcm: 0.569075 1.04291 1.40662
H: 3.6535 0.792854 2.70628
L: -0.123558 0.117946 0.86505
left
271
gcm: 0.569507 1.04557 1.41835
H: 3.36016 0.0847403 -2.9545
L: 0.0306725 0.188571 0.833195
left
272
gcm: 0.56824 1.04731 1.43113
H: 3.7841 0.512421 0.90825
L: -0.0899884 0.123402 0.907558
left
273
gcm: 0.568342 1.05011 1.44279
H: -1.43142 -0.858674 -1.0844
L: 0.00726499 0.198711 0.827686
left
274
gcm: 0.568086 1.05276 1.45436
H: -0.152153 -0.508574 -0.732961
L: -0.0182036 0.188629 0.821084
left
275
gcm: 0.567635 1.05489 1.46608
H: 0.309179 -0.515725 -0.0835648
L: -0.0319934 0.151239 0.832116
left
276
gcm: 0.56685 1.05664 1.47801
H: -0.196365 -0.538369 0.973468
L: -0.0557145 0.123887 0.847624
left
277
gcm: 0.566406 1.05824 1.4896
H: -1.89674 -1.05075 0.510534
L: -0.0315116 0.113632 0.822911
left
278
gcm: 0.566595 1.06005 1.50107
H: -2.95924 -1.775 -0.625085
L: 0.0133997 0.128613 0.813728
left
279
gcm: 0.566622 1.06183 1.51262
H: -1.78479 -1.62169 -0.750908
L: 0.00192411 0.126338 0.820603
left
280
gcm: 0.566614 1.06361 1.52384
H: -2.81573 -1.38654 -1.28928
L: -0.000564798 0.126611 0.796096
left
281
gcm: 0.566789 1.06531 1.53539
H: -3.68338 -1.76081 -2.02539
L: 0.0124119 0.120786 0.820077
left
282
gcm: 0.566897 1.06675 1.54739
H: -2.53102 -2.03136 -1.47339
L: 0.00763676 0.102032 0.852183
left
283
gcm: 0.566895 1.06797 1.55851
H: -3.39043 -1.89336 -0.125629
L: -0.000142728 0.0862988 0.789312
left
284
gcm: 0.566646 1.06832 1.5692
H: -3.5295 -1.59562 0.399877
L: -0.0176779 0.0253489 0.75896
left
285
gcm: 0.566201 1.068 1.57976
H: -2.56686 -1.53493 0.622991
L: -0.0315583 -0.0228883 0.749847
left
286
gcm: 0.565639 1.06778 1.5893
H: -4.65513 -1.80037 0.975584
L: -0.0399404 -0.0155415 0.677618
left
287
gcm: 0.564996 1.06694 1.59815
H: -6.22125 -1.81205 1.07121
L: -0.0456441 -0.0596156 0.628142
left
288
gcm: 0.566081 1.06797 1.61146
H: -1.2923 -2.41518 -3.35342
L: 0.0770644 0.0728805 0.945218
left
289
gcm: 0.566578 1.06864 1.62494
H: -2.29054 -2.16339 -2.18264
L: 0.0353028 0.0475447 0.957374
left
290
gcm: 0.565953 1.06822 1.63595
H: -6.49675 -1.73008 0.480848
L: -0.0443744 -0.029904 0.781145
left
291
gcm: 0.565632 1.06763 1.64679
H: -4.74608 -1.97093 0.33741
L: -0.0228514 -0.0415983 0.769668
left
292
gcm: 0.565747 1.06761 1.65785
H: -5.63915 -2.4021 -1.20951
L: 0.00819013 -0.00170143 0.785314
left
293
gcm: 0.56609 1.06848 1.66898
H: -5.32708 -2.4565 -1.74473
L: 0.0243645 0.0621577 0.790294
left
294
gcm: 0.566199 1.06896 1.68058
H: -4.47663 -2.15011 -0.924708
L: 0.00770687 0.0340614 0.823611
left
295
gcm: 0.566306 1.06877 1.69264
H: -5.84508 -2.22067 -0.676594
L: 0.00760837 -0.0134072 0.856106
left
296
gcm: 0.566236 1.06868 1.70329
H: -7.2377 -2.28479 0.0837902
L: -0.00498925 -0.00676331 0.75654
left
297
gcm: 0.566092 1.06872 1.71306
H: -9.70507 -2.27493 0.397816
L: -0.0101885 0.00303701 0.693512
left
298
gcm: 0.565915 1.06876 1.72372
H: -7.63408 -2.33226 0.245987
L: -0.0125701 0.00234762 0.75682
left
299
gcm: 0.56542 1.06812 1.73532
H: -6.49565 -2.31391 0.281214
L: -0.0351199 -0.0448438 0.823581
left
300
gcm: 0.565577 1.06751 1.74655
H: -7.49165 -2.59582 -1.25105
L: 0.011109 -0.0435056 0.797032
left
301
gcm: 0.56609 1.06771 1.75725
H: -6.89502 -2.91903 -2.03121
L: 0.0364294 0.0142339 0.759834
left
302
gcm: 0.565839 1.06767 1.76851
H: -8.78029 -2.38511 0.429969
L: -0.017823 -0.00300646 0.799699
left
303
gcm: 0.565693 1.06693 1.78036
H: -8.82148 -2.32346 -0.0579765
L: -0.0103846 -0.0524773 0.841028
left
304
gcm: 0.566156 1.06607 1.7918
H: -4.63784 -2.98916 -1.0397
L: 0.0328747 -0.0608007 0.81261
left
305
gcm: 0.566542 1.06561 1.80332
H: -8.25726 -1.6793 -0.538166
L: 0.0274119 -0.0332612 0.817597
left
306
gcm: 0.566938 1.06518 1.81478
H: -6.8662 -1.42791 -0.592836
L: 0.0281652 -0.030125 0.814108
left
307
gcm: 0.567227 1.06474 1.8264
H: -3.64507 -0.814885 0.137621
L: 0.0204965 -0.0313294 0.824685
left
308
gcm: 0.56734 1.06464 1.83806
H: -3.78913 -1.36587 -0.725528
L: 0.00799718 -0.00735065 0.827786
left
309
gcm: 0.56728 1.06415 1.84942
H: -5.23802 -1.06768 0.761186
L: -0.00421726 -0.0342206 0.807059
left
310
gcm: 0.567957 1.06272 1.85964
H: 0.458989 -0.717217 0.145229
L: 0.0480531 -0.101847 0.725666
left
311
gcm: 0.56885 1.06004 1.87026
H: -0.379765 -0.359473 0.174918
L: 0.0633653 -0.190069 0.753512
left
312
gcm: 0.56858 1.06153 1.88047
H: -7.96152 0.332106 3.95815
L: -0.0191219 0.1054 0.725069
left
313
gcm: 0.569499 1.06272 1.89286
H: 0.0606041 -0.436755 -2.63304
L: 0.0652221 0.0847931 0.879931
left
314
gcm: 0.569867 1.06204 1.9047
H: 0.612894 0.084504 0.619433
L: 0.0261464 -0.0484418 0.840639
left
315
gcm: 0.570405 1.06067 1.91608
H: 2.08269 -0.29547 0.473832
L: 0.038154 -0.0972022 0.807867
left
316
gcm: 0.570405 1.06067 1.91608
H: 0 0 0
L: 0 0 0
none 
317
gcm: 0.570405 1.06067 1.91608
H: 0 0 0
L: 0 0 0
none 
318
gcm: 0.570405 1.06067 1.91608
H: 0 0 0
L: 0 0 0
none 
319
gcm: 0.570405 1.06067 1.91608
H: 0 0 0
L: 0 0 0
none 
320
gcm: 0.570405 1.06067 1.91608
H: 0 0 0
L: 0 0 0
none 
321
gcm: 0.570405 1.06067 1.91608
H: 0 0 0
L: 0 0 0
none 
322
gcm: 0.570405 1.06067 1.91608
H: 0 0 0
L: 0 0 0
none 
323
gcm: 0.570405 1.06067 1.91608
H: 0 0 0
L: 0 0 0
none 
324
gcm: 0.570405 1.06067 1.91608
H: 0 0 0
L: 0 0 0
none 
325
gcm: 0.570405 1.06067 1.91608
H: 0 0 0
L: 0 0 0
none 
326
gcm: 0.570405 1.06067 1.91608
H: 0 0 0
L: 0 0 0
none 
327
gcm: 0.570405 1.06067 1.91608
H: 0 0 0
L: 0 0 0
none 
328
gcm: 0.570405 1.06067 1.91608
H: 0 0 0
L: 0 0 0
none 
329
gcm: 0.570405 1.06067 1.91608
H: 0 0 0
L: 0 0 0
none 
330
gcm: 0.570405 1.06067 1.91608
H: 0 0 0
L: 0 0 0
none 
331
gcm: 0.570405 1.06067 1.91608
H: 0 0 0
L: 0 0 0
none 
332
gcm: 0.570405 1.06067 1.91608
H: 0 0 0
L: 0 0 0
none 
333
gcm: 0.570405 1.06067 1.91608
H: 0 0 0
L: 0 0 0
none 
334
gcm: 0.570405 1.06067 1.91608
H: 0 0 0
L: 0 0 0
none 
335
gcm: 0.570405 1.06067 1.91608
H: 0 0 0
L: 0 0 0
none 
336
gcm: 0.570405 1.06067 1.91608
H: 0 0 0
L: 0 0 0
none 
337
gcm: 0.570405 1.06067 1.91608
H: 0 0 0
L: 0 0 0
none 
338
gcm: 0.570405 1.06067 1.91608
H: 0 0 0
L: 0 0 0
none 
339
gcm: 0.570405 1.06067 1.91608
H: 0 0 0
L: 0 0 0
none 
340
gcm: 0.570405 1.06067 1.91608
H: 0 0 0
L: 0 0 0
none 
341
gcm: 0.570405 1.06067 1.91608
H: 0 0 0
L: 0 0 0
none 
342
gcm: 0.570405 1.06067 1.91608
H: 0 0 0
L: 0 0 0
none 
343
gcm: 0.570405 1.06067 1.91608
H: 0 0 0
L: 0 0 0
none 
344
gcm: 0.570405 1.06067 1.91608
H: 0 0 0
L: 0 0 0
none 
345
gcm: 0.570405 1.06067 1.91608
H: 0 0 0
L: 0 0 0
none 
346
gcm: 0.570405 1.06067 1.91608
H: 0 0 0
L: 0 0 0
none 
347
gcm: 0.570405 1.06067 1.91608
H: 0 0 0
L: 0 0 0
none 
348
gcm: 0.570405 1.06067 1.91608
H: 0 0 0
L: 0 0 0
none 
349
gcm: 0.570405 1.06067 1.91608
H: 0 0 0
L: 0 0 0
none 
350
gcm: 0.570405 1.06067 1.91608
H: 0 0 0
L: 0 0 0
none 
351
gcm: 0.570405 1.06067 1.91608
H: 0 0 0
L: 0 0 0
none 
352
gcm: 0.570405 1.06067 1.91608
H: 0 0 0
L: 0 0 0
none 
353
gcm: 0.570405 1.06067 1.91608
H: 0 0 0
L: 0 0 0
none 
354
gcm: 0.570405 1.06067 1.91608
H: 0 0 0
L: 0 0 0
none 
355
gcm: 0.570405 1.06067 1.91608
H: 0 0 0
L: 0 0 0
none 
356
gcm: 0.570405 1.06067 1.91608
H: 0 0 0
L: 0 0 0
none 
357
gcm: 0.570405 1.06067 1.91608
H: 0 0 0
L: 0 0 0
none 
358
gcm: 0.570405 1.06067 1.91608
H: 0 0 0
L: 0 0 0
none 
359
gcm: 0.570405 1.06067 1.91608
H: 0 0 0
L: 0 0 0
none 
360
gcm: 0.570405 1.06067 1.91608
H: 0 0 0
L: 0 0 0
none 
361
gcm: 0.570405 1.06067 1.91608
H: 0 0 0
L: 0 0 0
none 
362
gcm: 0.570405 1.06067 1.91608
H: 0 0 0
L: 0 0 0
none 
363
gcm: 0.570405 1.06067 1.91608
H: 0 0 0
L: 0 0 0
none 
364
gcm: 0.570405 1.06067 1.91608
H: 0 0 0
L: 0 0 0
none 
365
gcm: 0.570405 1.06067 1.91608
H: 0 0 0
L: 0 0 0
none 
366
gcm: 0.570405 1.06067 1.91608
H: 0 0 0
L: 0 0 0
none 
367
gcm: 0.570405 1.06067 1.91608
H: 0 0 0
L: 0 0 0
none 
368
gcm: 0.570405 1.06067 1.91608
H: 0 0 0
L: 0 0 0
none 
369
gcm: 0.570405 1.06067 1.91608
H: 0 0 0
L: 0 0 0
none 
370
gcm: 0.570405 1.06067 1.91608
H: 0 0 0
L: 0 0 0
none 
371
gcm: 0.570405 1.06067 1.91608
H: 0 0 0
L: 0 0 0
none 
372
gcm: 0.570405 1.06067 1.91608
H: 0 0 0
L: 0 0 0
none 
373
gcm: 0.570405 1.06067 1.91608
H: 0 0 0
L: 0 0 0
none 
374
gcm: 0.570405 1.06067 1.91608
H: 0 0 0
L: 0 0 0
none 
375
gcm: 0.570405 1.06067 1.91608
H: 0 0 0
L: 0 0 0
none 
376
gcm: 0.570405 1.06067 1.91608
H: 0 0 0
L: 0 0 0
none 
377
gcm: 0.570405 1.06067 1.91608
H: 0 0 0
L: 0 0 0
none 
378
gcm: 0.570405 1.06067 1.91608
H: 0 0 0
L: 0 0 0
none 
379
gcm: 0.570405 1.06067 1.91608
H: 0 0 0
L: 0 0 0
none 
380
gcm: 0.570405 1.06067 1.91608
H: 0 0 0
L: 0 0 0
none 
381
gcm: 0.570405 1.06067 1.91608
H: 0 0 0
L: 0 0 0
none 
382
gcm: 0.570405 1.06067 1.91608
H: 0 0 0
L: 0 0 0
none 
383
gcm: 0.570405 1.06067 1.91608
H: 0 0 0
L: 0 0 0
none 
384
gcm: 0.570405 1.06067 1.91608
H: 0 0 0
L: 0 0 0
none 
385
gcm: 0.570405 1.06067 1.91608
H: 0 0 0
L: 0 0 0
none 
386
gcm: 0.570405 1.06067 1.91608
H: 0 0 0
L: 0 0 0
none 
387
gcm: 0.570405 1.06067 1.91608
H: 0 0 0
L: 0 0 0
none 
388
gcm: 0.570405 1.06067 1.91608
H: 0 0 0
L: 0 0 0
none 
389
gcm: 0.570405 1.06067 1.91608
H: 0 0 0
L: 0 0 0
none 
390
gcm: 0.570405 1.06067 1.91608
H: 0 0 0
L: 0 0 0
none 
391
gcm: 0.570405 1.06067 1.91608
H: 0 0 0
L: 0 0 0
none 
392
gcm: 0.570405 1.06067 1.91608
H: 0 0 0
L: 0 0 0
none 
393
gcm: 0.570405 1.06067 1.91608
H: 0 0 0
L: 0 0 0
none 
394
gcm: 0.570405 1.06067 1.91608
H: 0 0 0
L: 0 0 0
none 
395
gcm: 0.570405 1.06067 1.91608
H: 0 0 0
L: 0 0 0
none 
396
gcm: 0.570405 1.06067 1.91608
H: 0 0 0
L: 0 0 0
none 
397
gcm: 0.570405 1.06067 1.91608
H: 0 0 0
L: 0 0 0
none 
398
gcm: 0.570405 1.06067 1.91608
H: 0 0 0
L: 0 0 0
none 
399
gcm: 0.570405 1.06067 1.91608
H: 0 0 0
L: 0 0 0
none 
400
gcm: 0.570405 1.06067 1.91608
H: 0 0 0
L: 0 0 0
none 
401
gcm: 0.570405 1.06067 1.91608
H: 0 0 0
L: 0 0 0
none 
402
gcm: 0.570405 1.06067 1.91608
H: 0 0 0
L: 0 0 0
none 
403
gcm: 0.570405 1.06067 1.91608
H: 0 0 0
L: 0 0 0
none 
404
gcm: 0.570405 1.06067 1.91608
H: 0 0 0
L: 0 0 0
none 
405
gcm: 0.570405 1.06067 1.91608
H: 0 0 0
L: 0 0 0
none 
406
gcm: 0.570405 1.06067 1.91608
H: 0 0 0
L: 0 0 0
none 
407
gcm: 0.570405 1.06067 1.91608
H: 0 0 0
L: 0 0 0
none 
408
gcm: 0.570405 1.06067 1.91608
H: 0 0 0
L: 0 0 0
none 
409
gcm: 0.570405 1.06067 1.91608
H: 0 0 0
L: 0 0 0
none 
410
gcm: 0.570405 1.06067 1.91608
H: 0 0 0
L: 0 0 0
none 
411
gcm: 0.570405 1.06067 1.91608
H: 0 0 0
L: 0 0 0
none 
412
gcm: 0.570405 1.06067 1.91608
H: 0 0 0
L: 0 0 0
none 
413
gcm: 0.570405 1.06067 1.91608
H: 0 0 0
L: 0 0 0
none 
414
gcm: 0.570405 1.06067 1.91608
H: 0 0 0
L: 0 0 0
none 
415
gcm: 0.570405 1.06067 1.91608
H: 0 0 0
L: 0 0 0
none 
416
gcm: 0.570405 1.06067 1.91608
H: 0 0 0
L: 0 0 0
none 
417
gcm: 0.570405 1.06067 1.91608
H: 0 0 0
L: 0 0 0
none 
418
gcm: 0.570405 1.06067 1.91608
H: 0 0 0
L: 0 0 0
none 
419
gcm: 0.570405 1.06067 1.91608
H: 0 0 0
L: 0 0 0
none 
420
gcm: 0.570405 1.06067 1.91608
H: 0 0 0
L: 0 0 0
none 
421
gcm: 0.570405 1.06067 1.91608
H: 0 0 0
L: 0 0 0
none 
422
gcm: 0.570405 1.06067 1.91608
H: 0 0 0
L: 0 0 0
none 
423
gcm: 0.570405 1.06067 1.91608
H: 0 0 0
L: 0 0 0
none 
424
gcm: 0.570405 1.06067 1.91608
H: 0 0 0
L: 0 0 0
none 
425
gcm: 0.570405 1.06067 1.91608
H: 0 0 0
L: 0 0 0
none 
426
gcm: 0.570405 1.06067 1.91608
H: 0 0 0
L: 0 0 0
none 
427
gcm: 0.570405 1.06067 1.91608
H: 0 0 0
L: 0 0 0
none 
428
gcm: 0.570405 1.06067 1.91608
H: 0 0 0
L: 0 0 0
none 
429
gcm: 0.570405 1.06067 1.91608
H: 0 0 0
L: 0 0 0
none 
430
gcm: 0.570405 1.06067 1.91608
H: 0 0 0
L: 0 0 0
none 
431
gcm: 0.570405 1.06067 1.91608
H: 0 0 0
L: 0 0 0
none 
432
gcm: 0.570405 1.06067 1.91608
H: 0 0 0
L: 0 0 0
none 
433
gcm: 0.570405 1.06067 1.91608
H: 0 0 0
L: 0 0 0
none 
434
gcm: 0.570405 1.06067 1.91608
H: 0 0 0
L: 0 0 0
none 
435
gcm: 0.570405 1.06067 1.91608
H: 0 0 0
L: 0 0 0
none 
436
gcm: 0.570405 1.06067 1.91608
H: 0 0 0
L: 0 0 0
none 
437
gcm: 0.570405 1.06067 1.91608
H: 0 0 0
L: 0 0 0
none 
438
gcm: 0.570405 1.06067 1.91608
H: 0 0 0
L: 0 0 0
none 
439
gcm: 0.570405 1.06067 1.91608
H: 0 0 0
L: 0 0 0
none 
440
gcm: 0.570405 1.06067 1.91608
H: 0 0 0
L: 0 0 0
none 
441
gcm: 0.570405 1.06067 1.91608
H: 0 0 0
L: 0 0 0
none 
442
gcm: 0.570405 1.06067 1.91608
H: 0 0 0
L: 0 0 0
none 
443
gcm: 0.570405 1.06067 1.91608
H: 0 0 0
L: 0 0 0
none 
444
gcm: 0.570405 1.06067 1.91608
H: 0 0 0
L: 0 0 0
none 
445
gcm: 0.570405 1.06067 1.91608
H: 0 0 0
L: 0 0 0
none 
446
gcm: 0.570405 1.06067 1.91608
H: 0 0 0
L: 0 0 0
none 
447
gcm: 0.570405 1.06067 1.91608
H: 0 0 0
L: 0 0 0
none 
448
gcm: 0.570405 1.06067 1.91608
H: 0 0 0
L: 0 0 0
none 
449
gcm: 0.570405 1.06067 1.91608
H: 0 0 0
L: 0 0 0
none 
450
gcm: 0.570405 1.06067 1.91608
H: 0 0 0
L: 0 0 0
none 
451
gcm: 0.570405 1.06067 1.91608
H: 0 0 0
L: 0 0 0
none 
452
gcm: 0.570405 1.06067 1.91608
H: 0 0 0
L: 0 0 0
none 
453
gcm: 0.570405 1.06067 1.91608
H: 0 0 0
L: 0 0 0
none 
454
gcm: 0.570405 1.06067 1.91608
H: 0 0 0
L: 0 0 0
none 
455
gcm: 0.570405 1.06067 1.91608
H: 0 0 0
L: 0 0 0
none 
456
gcm: 0.570405 1.06067 1.91608
H: 0 0 0
L: 0 0 0
none 
457
gcm: 0.570405 1.06067 1.91608
H: 0 0 0
L: 0 0 0
none 
458
gcm: 0.570405 1.06067 1.91608
H: 0 0 0
L: 0 0 0
none 
459
gcm: 0.570405 1.06067 1.91608
H: 0 0 0
L: 0 0 0
none 
460
gcm: 0.570405 1.06067 1.91608
H: 0 0 0
L: 0 0 0
none 
461
gcm: 0.570405 1.06067 1.91608
H: 0 0 0
L: 0 0 0
none 
462
gcm: 0.570405 1.06067 1.91608
H: 0 0 0
L: 0 0 0
none 
463
gcm: 0.570405 1.06067 1.91608
H: 0 0 0
L: 0 0 0
none 
464
gcm: 0.570405 1.06067 1.91608
H: 0 0 0
L: 0 0 0
none 
465
gcm: 0.570405 1.06067 1.91608
H: 0 0 0
L: 0 0 0
none 
466
gcm: 0.570405 1.06067 1.91608
H: 0 0 0
L: 0 0 0
none 
467
gcm: 0.570405 1.06067 1.91608
H: 0 0 0
L: 0 0 0
none 
468
gcm: 0.570405 1.06067 1.91608
H: 0 0 0
L: 0 0 0
none 
469
gcm: 0.570405 1.06067 1.91608
H: 0 0 0
L: 0 0 0
none 
470
gcm: 0.570405 1.06067 1.91608
H: 0 0 0
L: 0 0 0
none 
471
gcm: 0.570405 1.06067 1.91608
H: 0 0 0
L: 0 0 0
none 
472
gcm: 0.570405 1.06067 1.91608
H: 0 0 0
L: 0 0 0
none 
473
gcm: 0.570405 1.06067 1.91608
H: 0 0 0
L: 0 0 0
none 
474
gcm: 0.570405 1.06067 1.91608
H: 0 0 0
L: 0 0 0
none 
475
gcm: 0.570405 1.06067 1.91608
H: 0 0 0
L: 0 0 0
none 
476
gcm: 0.570405 1.06067 1.91608
H: 0 0 0
L: 0 0 0
none 
477
gcm: 0.570405 1.06067 1.91608
H: 0 0 0
L: 0 0 0
none 
478
gcm: 0.570405 1.06067 1.91608
H: 0 0 0
L: 0 0 0
none 
479
gcm: 0.570405 1.06067 1.91608
H: 0 0 0
L: 0 0 0
none 
480
gcm: 0.570405 1.06067 1.91608
H: 0 0 0
L: 0 0 0
none 
481
gcm: 0.570405 1.06067 1.91608
H: 0 0 0
L: 0 0 0
none 
482
gcm: 0.570405 1.06067 1.91608
H: 0 0 0
L: 0 0 0
none 
483
gcm: 0.570405 1.06067 1.91608
H: 0 0 0
L: 0 0 0
none 
484
gcm: 0.570405 1.06067 1.91608
H: 0 0 0
L: 0 0 0
none 
485
gcm: 0.570405 1.06067 1.91608
H: 0 0 0
L: 0 0 0
none 
486
gcm: 0.570405 1.06067 1.91608
H: 0 0 0
L: 0 0 0
none 
487
gcm: 0.570405 1.06067 1.91608
H: 0 0 0
L: 0 0 0
none 
488
gcm: 0.570405 1.06067 1.91608
H: 0 0 0
L: 0 0 0
none 
489
gcm: 0.570405 1.06067 1.91608
H: 0 0 0
L: 0 0 0
none 
490
gcm: 0.570405 1.06067 1.91608
H: 0 0 0
L: 0 0 0
none 
491
gcm: 0.570405 1.06067 1.91608
H: 0 0 0
L: 0 0 0
none 
492
gcm: 0.570405 1.06067 1.91608
H: 0 0 0
L: 0 0 0
none 
493
gcm: 0.570405 1.06067 1.91608
H: 0 0 0
L: 0 0 0
none 
494
gcm: 0.570405 1.06067 1.91608
H: 0 0 0
L: 0 0 0
none 
495
gcm: 0.570405 1.06067 1.91608
H: 0 0 0
L: 0 0 0
none 
496
gcm: 0.570405 1.06067 1.91608
H: 0 0 0
L: 0 0 0
none 
497
gcm: 0.570405 1.06067 1.91608
H: 0 0 0
L: 0 0 0
none 
498
gcm: 0.570405 1.06067 1.91608
H: 0 0 0
L: 0 0 0
none 
499
gcm: 0.570405 1.06067 1.91608
H: 0 0 0
L: 0 0 0
none 
500
gcm: 0.570405 1.06067 1.91608
H: 0 0 0
L: 0 0 0
none 
501
gcm: 0.570405 1.06067 1.91608
H: 0 0 0
L: 0 0 0
none 
502
gcm: 0.570405 1.06067 1.91608
H: 0 0 0
L: 0 0 0
none 
503
gcm: 0.570405 1.06067 1.91608
H: 0 0 0
L: 0 0 0
none 
504
gcm: 0.570405 1.06067 1.91608
H: 0 0 0
L: 0 0 0
none 
505
gcm: 0.570405 1.06067 1.91608
H: 0 0 0
L: 0 0 0
none 
506
gcm: 0.570405 1.06067 1.91608
H: 0 0 0
L: 0 0 0
none 
507
gcm: 0.570405 1.06067 1.91608
H: 0 0 0
L: 0 0 0
none 
508
gcm: 0.570405 1.06067 1.91608
H: 0 0 0
L: 0 0 0
none 
509
gcm: 0.570405 1.06067 1.91608
H: 0 0 0
L: 0 0 0
none 
510
gcm: 0.570405 1.06067 1.91608
H: 0 0 0
L: 0 0 0
none 
511
gcm: 0.570405 1.06067 1.91608
H: 0 0 0
L: 0 0 0
none 
512
gcm: 0.570405 1.06067 1.91608
H: 0 0 0
L: 0 0 0
none 
513
gcm: 0.570405 1.06067 1.91608
H: 0 0 0
L: 0 0 0
none 
514
gcm: 0.570405 1.06067 1.91608
H: 0 0 0
L: 0 0 0
none 
515
gcm: 0.570405 1.06067 1.91608
H: 0 0 0
L: 0 0 0
none 
516
gcm: 0.570405 1.06067 1.91608
H: 0 0 0
L: 0 0 0
none 
516
gcm: 0.570405 1.06067 1.91608
H: 0 0 0
L: 0 0 0
none 
