:metadata
 
Skeleton: /Network/Servers/duerer/Volumes/duerer/laturnus/workspace/new_acm/asf/07-walk.asf
Motion: /Network/Servers/duerer/Volumes/duerer/laturnus/workspace/new_acm/amc/07_05-walk.amc
Mass Distribution: /Network/Servers/duerer/Volumes/duerer/laturnus/workspace/new_acm/amd/middle sized military aviator(1988).amd
 
Inital skeleton translation: 0 0 0
Initial skeleton rotation: 0 0 0
 
:data
1
gcm: 0.461741 0.994107 -2.16588
H: -4.62064 -1.31608 -1.09791
L: 0.0449546 -0.0104434 0.486685
left
2
gcm: 0.46184 0.9936 -2.15932
H: -4.03704 -1.11095 -0.144198
L: 0.00693935 -0.0354983 0.459492
left
3
gcm: 0.461411 0.99335 -2.15265
H: -4.23689 -0.706566 0.567349
L: -0.0300448 -0.017499 0.466997
left
4
gcm: 0.46175 0.993346 -2.14529
H: -3.4243 -0.868368 0.22515
L: 0.0237173 -0.000259325 0.515164
left
5
gcm: 0.462454 0.993474 -2.13787
H: -4.10673 -1.09814 -0.466248
L: 0.0492881 0.00898105 0.51905
left
6
gcm: 0.463153 0.994137 -2.13064
H: -4.81744 -1.07894 -0.271894
L: 0.0489638 0.0463787 0.506152
left
7
gcm: 0.463561 0.994005 -2.12362
H: -20.9471 0.354808 -5.58779
L: 0.0285837 -0.00921865 0.491582
left
8
gcm: 0.463942 0.992956 -2.11662
H: -3.07617 -0.685052 -0.128505
L: 0.0266384 -0.0734167 0.490197
left
9
gcm: 0.464122 0.992892 -2.10951
H: -3.56567 -0.644573 0.440696
L: 0.0125645 -0.00448885 0.497336
left
10
gcm: 0.464416 0.993198 -2.1024
H: -4.42814 -0.536023 0.426247
L: 0.0206006 0.0214087 0.497739
left
11
gcm: 0.46504 0.992894 -2.09518
H: -4.10173 -0.528102 0.0516583
L: 0.0436812 -0.0212988 0.505383
left
12
gcm: 0.465579 0.992929 -2.08784
H: -2.02857 -0.377934 1.2984
L: 0.0377432 0.00247616 0.513784
left
13
gcm: 0.465865 0.992594 -2.08067
H: -3.15558 -0.211966 0.923153
L: 0.0200412 -0.0234213 0.502144
left
14
gcm: 0.46603 0.991442 -2.07348
H: -3.45126 -0.0881937 1.5898
L: 0.0115549 -0.0806408 0.503116
left
15
gcm: 0.466636 0.990532 -2.06592
H: -1.73164 -0.311658 1.3733
L: 0.0423735 -0.0637568 0.529373
left
16
gcm: 0.467346 0.989846 -2.05848
H: -2.12263 -0.351216 0.824541
L: 0.0496881 -0.0480011 0.520493
left
17
gcm: 0.46787 0.989702 -2.05109
H: -1.9252 0.089078 1.28481
L: 0.0366843 -0.0100755 0.517521
left
18
gcm: 0.467926 0.990136 -2.04335
H: -0.615867 0.3397 1.08989
L: 0.00392418 0.0304103 0.542035
left
19
gcm: 0.46659 0.990293 -2.03779
H: -4.29069 0.795429 1.95264
L: -0.0934715 0.0109468 0.388693
left
20
gcm: 0.467594 0.989873 -2.03027
H: -1.39857 -0.34667 -0.148366
L: 0.0702656 -0.0294093 0.526501
left
21
gcm: 0.470666 0.988977 -2.02098
H: 0.897452 -1.35989 -2.47083
L: 0.215023 -0.0627174 0.650182
left
22
gcm: 0.469344 0.988674 -2.01611
H: -5.60902 1.29003 3.77649
L: -0.0925036 -0.0211637 0.341385
left
23
gcm: 0.473294 0.986659 -2.00562
H: 1.1448 -2.02301 -4.54055
L: 0.276467 -0.141046 0.733977
left
24
gcm: 0.473347 0.986963 -1.99725
H: 3.04867 0.890019 1.79906
L: 0.00368405 0.0212494 0.586164
left
25
gcm: 0.475697 0.986679 -1.9894
H: -0.533518 -1.25354 -2.15021
L: 0.164527 -0.0198594 0.549332
left
26
gcm: 0.476289 0.98594 -1.98143
H: 1.40877 -0.00726734 0.721565
L: 0.0414137 -0.0517589 0.558019
left
27
gcm: 0.477223 0.984303 -1.97336
H: 2.15721 -0.139291 -0.139932
L: 0.0653804 -0.114578 0.564766
left
28
gcm: 0.478956 0.984172 -1.96421
H: -4.01395 0.586352 -3.26801
L: 0.121303 -0.00916585 0.640614
left
29
gcm: 0.480873 0.983895 -1.95518
H: 4.06783 -0.134431 -0.266807
L: 0.134192 -0.01943 0.631892
left
30
gcm: 0.482434 0.983524 -1.94648
H: 4.78705 -0.195958 -0.0877055
L: 0.109316 -0.0259009 0.608956
none 
31
gcm: 0.483858 0.983018 -1.93756
H: 6.14972 -0.333825 0.497683
L: 0.0996703 -0.0354759 0.624205
left
32
gcm: 0.485437 0.982439 -1.92821
H: 5.39679 -0.0398407 0.0376139
L: 0.110534 -0.0404783 0.654599
left
33
gcm: 0.487063 0.983287 -1.91865
H: 5.1816 0.110811 -0.299976
L: 0.113847 0.0593253 0.669535
left
34
gcm: 0.489006 0.983625 -1.90941
H: 5.9859 -0.0728564 -1.20996
L: 0.135991 0.0236528 0.646577
left
35
gcm: 0.491166 0.982328 -1.90044
H: 7.75646 -0.50462 -1.0133
L: 0.151152 -0.0908097 0.628172
left
36
gcm: 0.493121 0.98163 -1.89123
H: 10.8312 -0.876418 1.56388
L: 0.136905 -0.0488277 0.644526
none 
37
gcm: 0.495443 0.981949 -1.88141
H: -0.11337 0.799346 -2.79607
L: 0.162518 0.0223064 0.687338
none 
38
gcm: 0.498474 0.982185 -1.871
H: 12.4313 -1.55359 0.737329
L: 0.212151 0.0165082 0.728964
right
39
gcm: 0.499283 0.982761 -1.86228
H: -1.69994 1.64618 -1.49371
L: 0.0566207 0.0403429 0.610273
none 
40
gcm: 0.500382 0.982836 -1.85324
H: 2.41237 0.638335 -0.25244
L: 0.0769447 0.00524558 0.632894
none 
41
gcm: 0.503065 0.982358 -1.84378
H: 2.82235 -0.202099 -0.477467
L: 0.187828 -0.0334537 0.661732
none 
42
gcm: 0.505357 0.9816 -1.83458
H: 2.77798 -0.120627 -0.607303
L: 0.160439 -0.05307 0.644268
right
43
gcm: 0.507144 0.98529 -1.82437
H: 6.57162 -0.473221 -0.622012
L: 0.125093 0.258294 0.71456
right
44
gcm: 0.509193 0.986017 -1.81311
H: 12.5025 -1.01014 0.293136
L: 0.143406 0.0509176 0.788078
right
45
gcm: 0.511184 0.986326 -1.80275
H: 7.38555 -0.691132 0.680417
L: 0.139354 0.0216087 0.725191
right
46
gcm: 0.513409 0.987412 -1.79249
H: 5.26274 -0.566502 -0.523461
L: 0.155795 0.0760531 0.718425
right
47
gcm: 0.515858 0.989084 -1.78229
H: 6.04234 -0.782918 -1.56323
L: 0.171436 0.117049 0.714133
right
48
gcm: 0.518234 0.990466 -1.77221
H: 6.73884 -0.652866 -1.97451
L: 0.166276 0.0967434 0.705329
right
49
gcm: 0.520315 0.991218 -1.76255
H: 5.77972 -0.40845 -0.92884
L: 0.145718 0.0526391 0.676308
right
50
gcm: 0.522128 0.991849 -1.75335
H: 5.29241 -0.485657 -0.0707801
L: 0.12688 0.0441255 0.643887
right
51
gcm: 0.523831 0.993061 -1.74421
H: 5.95018 -0.688538 -0.762651
L: 0.119247 0.0848302 0.639756
right
52
gcm: 0.525479 0.994717 -1.73511
H: 5.10283 -0.566349 -0.40231
L: 0.11535 0.115934 0.637013
right
53
gcm: 0.52713 0.996207 -1.72622
H: 3.8312 -0.363831 0.701757
L: 0.115521 0.104286 0.622853
right
54
gcm: 0.528917 0.997524 -1.71737
H: 4.19229 -0.511244 0.307187
L: 0.125089 0.0921925 0.619172
right
55
gcm: 0.530614 0.998803 -1.70849
H: 4.67825 -0.563395 -0.351922
L: 0.118838 0.0895782 0.621784
right
56
gcm: 0.532252 1.00032 -1.69951
H: 4.88999 -0.401555 -0.723203
L: 0.114621 0.10591 0.628603
right
57
gcm: 0.53387 1.00192 -1.69043
H: 4.91289 -0.434495 -0.431344
L: 0.113267 0.112338 0.635163
right
58
gcm: 0.535034 1.00334 -1.68197
H: 3.21302 -0.234473 0.492622
L: 0.0814834 0.0990248 0.592768
right
59
gcm: 0.536364 1.00475 -1.67425
H: 1.41839 -0.00704921 0.122354
L: 0.0930851 0.0990097 0.5403
right
60
gcm: 0.538245 1.00599 -1.66626
H: 1.30104 -0.124027 -0.466066
L: 0.1317 0.0869605 0.559133
right
61
gcm: 0.539786 1.00718 -1.65794
H: 1.41994 0.0703043 -0.235045
L: 0.107891 0.08347 0.582594
right
62
gcm: 0.541009 1.00847 -1.64998
H: 0.63569 0.472635 -0.497325
L: 0.0856036 0.0900337 0.556815
right
63
gcm: 0.542246 1.01014 -1.64215
H: -0.387636 0.49081 -0.70329
L: 0.0865408 0.116569 0.548347
right
64
gcm: 0.543234 1.01155 -1.6343
H: -0.19217 0.327913 0.034317
L: 0.069219 0.0992389 0.549143
right
65
gcm: 0.543939 1.01302 -1.62674
H: -0.033724 0.462996 0.554674
L: 0.0493395 0.102617 0.529315
right
66
gcm: 0.544828 1.01401 -1.6196
H: -0.530092 0.702063 -0.00741312
L: 0.0622206 0.0693733 0.500081
right
67
gcm: 0.546097 1.01489 -1.6123
H: -1.38476 0.700714 -0.679462
L: 0.0888236 0.0612836 0.510953
right
68
gcm: 0.547309 1.016 -1.60479
H: -1.82981 0.64348 -0.596051
L: 0.0848251 0.0777895 0.525652
right
69
gcm: 0.548222 1.01673 -1.59729
H: -1.41599 0.834359 0.143125
L: 0.0639121 0.0512639 0.525045
right
70
gcm: 0.548942 1.01727 -1.58971
H: -1.52061 0.959875 0.43186
L: 0.0504067 0.0378906 0.530466
right
71
gcm: 0.549885 1.01766 -1.58281
H: -2.41235 0.755883 -0.301884
L: 0.0659969 0.0270054 0.483236
right
72
gcm: 0.550849 1.01762 -1.57611
H: -2.68053 0.746724 -0.55474
L: 0.0674972 -0.00293377 0.469059
right
73
gcm: 0.551672 1.01792 -1.56852
H: -1.89782 0.71983 -0.527768
L: 0.0575962 0.0214401 0.530884
right
74
gcm: 0.552493 1.0183 -1.56091
H: -1.57926 0.64836 -0.412842
L: 0.0574948 0.026561 0.532915
right
75
gcm: 0.553166 1.01827 -1.5537
H: -1.5054 1.04042 0.844029
L: 0.0470754 -0.00200781 0.504919
right
76
gcm: 0.55387 1.01742 -1.54642
H: -1.70534 0.906185 -0.466633
L: 0.0493363 -0.059653 0.509081
right
77
gcm: 0.554875 1.01705 -1.53897
H: -1.76359 0.593254 -1.38705
L: 0.0703478 -0.0257261 0.52169
right
78
gcm: 0.555788 1.01663 -1.53164
H: -1.61549 0.727893 -0.391454
L: 0.0638712 -0.0295469 0.51344
right
79
gcm: 0.556529 1.01636 -1.52445
H: -2.19707 0.848166 0.679725
L: 0.0519036 -0.0186102 0.502823
right
80
gcm: 0.557171 1.01607 -1.51725
H: -2.93184 0.640398 0.638564
L: 0.0449413 -0.0207119 0.504418
right
81
gcm: 0.557714 1.01595 -1.50992
H: -2.6164 0.985897 0.00883196
L: 0.0380081 -0.00831215 0.512734
right
82
gcm: 0.558292 1.01561 -1.50255
H: -1.56655 0.892997 -0.277131
L: 0.0404386 -0.0240385 0.51627
right
83
gcm: 0.558906 1.01478 -1.49515
H: -1.43193 0.781308 -0.308277
L: 0.0429433 -0.058052 0.517614
right
84
gcm: 0.55939 1.01412 -1.4876
H: -2.92083 0.861604 -0.602392
L: 0.0338928 -0.0458982 0.528869
right
85
gcm: 0.559889 1.01343 -1.48013
H: -1.77336 0.74694 0.110962
L: 0.0349679 -0.0486107 0.522396
right
86
gcm: 0.56037 1.01288 -1.4728
H: -2.57119 0.88677 -0.192424
L: 0.0336424 -0.0381312 0.513709
right
87
gcm: 0.560731 1.01283 -1.46532
H: -3.53986 0.991077 -0.706348
L: 0.0252792 -0.00384486 0.523378
right
88
gcm: 0.561085 1.01279 -1.4582
H: -4.24411 1.02253 -0.0307393
L: 0.0247834 -0.00273387 0.498009
right
89
gcm: 0.561464 1.01256 -1.45132
H: -4.42394 0.972596 0.586915
L: 0.0265402 -0.0162942 0.482197
right
90
gcm: 0.561981 1.01224 -1.44409
H: -3.77634 0.858686 -0.094101
L: 0.0361475 -0.0224378 0.505486
right
91
gcm: 0.562484 1.01184 -1.43692
H: -2.7577 0.890844 -0.482794
L: 0.0352325 -0.0276577 0.502439
right
92
gcm: 0.562752 1.01139 -1.43011
H: -2.42802 0.907281 0.247946
L: 0.0187964 -0.0312838 0.476411
right
93
gcm: 0.563113 1.01141 -1.42317
H: -3.09719 0.784056 -0.444415
L: 0.025214 0.00107167 0.48572
right
94
gcm: 0.56376 1.01175 -1.41591
H: -4.05724 0.673862 -1.23704
L: 0.0452926 0.0236691 0.508578
right
95
gcm: 0.564319 1.01171 -1.40887
H: -4.15266 0.645825 -0.752842
L: 0.0391683 -0.00255325 0.492835
right
96
gcm: 0.564488 1.01139 -1.4019
H: -3.74875 0.743521 -0.158168
L: 0.0118233 -0.0223812 0.487904
right
97
gcm: 0.564335 1.01109 -1.39489
H: -4.01822 0.892857 0.423212
L: -0.0107096 -0.0211947 0.490301
right
98
gcm: 0.564354 1.01097 -1.38789
H: -3.61773 0.848381 0.251679
L: 0.0013017 -0.00855461 0.49035
right
99
gcm: 0.564722 1.01087 -1.38073
H: -3.58653 0.753831 -0.0611829
L: 0.0257595 -0.00674743 0.501213
right
100
gcm: 0.565202 1.01074 -1.37353
H: -4.63119 0.685659 -0.598313
L: 0.0336258 -0.00887054 0.503517
right
101
gcm: 0.565293 1.01134 -1.36659
H: -4.59995 0.740872 -0.388784
L: 0.00639347 0.041931 0.486241
right
102
gcm: 0.565137 1.0123 -1.35976
H: -4.23806 0.826658 0.210941
L: -0.0109799 0.0670615 0.478122
right
103
gcm: 0.565378 1.0122 -1.35265
H: -4.89813 0.720293 -0.28426
L: 0.0168855 -0.00718463 0.497614
right
104
gcm: 0.565651 1.0122 -1.34541
H: -4.97229 0.732045 -0.135444
L: 0.0190934 -0.000113187 0.506764
right
105
gcm: 0.565581 1.0128 -1.33838
H: -5.22324 0.851612 0.515343
L: -0.00487862 0.0421644 0.491759
right
106
gcm: 0.565418 1.01215 -1.33153
H: -5.6919 0.73664 0.106678
L: -0.0113888 -0.0449782 0.479861
right
107
gcm: 0.565456 1.01106 -1.32468
H: -5.57736 0.545064 -0.297979
L: 0.00266869 -0.0764963 0.479196
right
108
gcm: 0.565603 1.01108 -1.31848
H: -9.5078 0.700514 1.06763
L: 0.010267 0.00149033 0.434494
right
109
gcm: 0.565106 1.01117 -1.31123
H: -1.41428 0.177591 -1.95638
L: -0.0347608 0.00611466 0.507309
right
110
gcm: 0.5646 1.01096 -1.30339
H: -2.16055 0.461299 -0.256883
L: -0.0354184 -0.0150934 0.548994
right
111
gcm: 0.564429 1.0104 -1.29541
H: -1.90874 0.557775 0.598063
L: -0.0119977 -0.0387786 0.558249
right
112
gcm: 0.564472 1.00988 -1.2877
H: -1.36164 0.329856 -0.0702944
L: 0.00302045 -0.0362752 0.539425
right
113
gcm: 0.564278 1.0093 -1.28002
H: -1.75093 0.167367 -0.539337
L: -0.0135863 -0.0408202 0.537846
right
114
gcm: 0.564007 1.00819 -1.27206
H: -1.65247 0.129027 -0.501557
L: -0.0190014 -0.0779904 0.55742
right
115
gcm: 0.563703 1.00686 -1.26408
H: -1.31406 0.164299 -0.363508
L: -0.021248 -0.0924986 0.558737
right
116
gcm: 0.563189 1.00574 -1.2563
H: -1.42323 0.171865 -0.461232
L: -0.0359959 -0.0787567 0.544208
right
117
gcm: 0.562755 1.00497 -1.24819
H: -0.436046 0.059762 -0.657953
L: -0.0303421 -0.0539014 0.567625
right
118
gcm: 0.56239 1.00468 -1.24004
H: 0.00233893 -0.0242327 -0.410758
L: -0.0255397 -0.0203061 0.570699
right
119
gcm: 0.561575 1.00425 -1.23217
H: -0.83339 -7.9729e-05 -0.0217472
L: -0.0571168 -0.0297379 0.55061
right
120
gcm: 0.560685 1.0034 -1.22398
H: -1.34364 -0.0818115 -0.328335
L: -0.0622904 -0.0599452 0.573414
right
121
gcm: 0.560031 1.00203 -1.21564
H: -0.0313837 -0.000522588 -0.359866
L: -0.0457259 -0.0959392 0.583651
right
122
gcm: 0.559182 1.00079 -1.20735
H: -0.246381 0.124548 -0.108403
L: -0.0594389 -0.0869606 0.580871
right
123
gcm: 0.558063 1.00035 -1.1988
H: 0.57847 0.186641 0.529215
L: -0.0783831 -0.0302231 0.598102
right
124
gcm: 0.557019 1 -1.19012
H: 1.51628 0.0670352 0.030382
L: -0.0730835 -0.0245461 0.607659
right
125
gcm: 0.556407 0.999369 -1.18134
H: 1.15759 -0.169493 -0.560788
L: -0.0428402 -0.0443866 0.6147
right
126
gcm: 0.555615 0.998363 -1.17239
H: 1.07013 0.0184598 0.256225
L: -0.0553766 -0.070368 0.62654
right
127
gcm: 0.554194 0.997404 -1.16312
H: 0.831943 0.262192 0.833242
L: -0.0994793 -0.0671622 0.64906
right
128
gcm: 0.552782 0.997003 -1.15379
H: 1.10784 -0.0700119 0.460586
L: -0.0988541 -0.0280609 0.652861
right
129
gcm: 0.551715 0.996465 -1.14455
H: 2.72769 -0.104555 -0.0829602
L: -0.0747244 -0.0376622 0.647003
right
130
gcm: 0.550585 0.995224 -1.13523
H: 3.35791 0.0870223 0.241827
L: -0.0790863 -0.0868621 0.651904
right
131
gcm: 0.548997 0.994037 -1.12584
H: 3.54315 0.074077 1.08663
L: -0.111116 -0.0830762 0.657935
right
132
gcm: 0.547486 0.993972 -1.11608
H: 4.69109 -0.0563719 0.869331
L: -0.105767 -0.00455042 0.682903
right
133
gcm: 0.546141 0.99471 -1.10577
H: 5.32723 0.110947 0.95861
L: -0.0941878 0.0516458 0.721771
right
134
gcm: 0.544182 0.995398 -1.09561
H: 4.22658 0.277973 1.93456
L: -0.137111 0.0481701 0.710874
right
135
gcm: 0.542123 0.995673 -1.08569
H: 3.95704 0.0996287 1.31395
L: -0.144142 0.0192344 0.694394
none 
136
gcm: 0.540411 0.995545 -1.07555
H: 4.29515 0.0224091 0.711979
L: -0.119865 -0.00898372 0.709727
none 
137
gcm: 0.538637 0.995111 -1.06546
H: 4.08035 0.167971 1.07907
L: -0.124178 -0.0303685 0.706322
none 
138
gcm: 0.537152 0.994624 -1.05546
H: 4.73028 0.154611 0.386927
L: -0.103911 -0.0340518 0.70025
none 
139
gcm: 0.535745 0.99467 -1.04539
H: 5.13944 0.0796237 -0.048059
L: -0.0984844 0.00316984 0.704835
none 
140
gcm: 0.533867 0.995161 -1.0353
H: 4.48846 0.343287 0.618095
L: -0.131455 0.0343708 0.706463
none 
141
gcm: 0.531954 0.995793 -1.02529
H: 3.04622 0.0722394 0.927182
L: -0.133918 0.0442562 0.700889
none 
142
gcm: 0.530192 0.996896 -1.01546
H: 2.67527 -0.204673 0.48526
L: -0.123377 0.0772439 0.687636
none 
143
gcm: 0.528033 0.997904 -1.0058
H: 3.70817 0.71217 1.04493
L: -0.151143 0.0705444 0.676171
none 
144
gcm: 0.525877 0.998553 -0.996032
H: 4.23367 0.172273 1.45344
L: -0.150862 0.045409 0.68403
none 
145
gcm: 0.524397 0.999944 -0.986453
H: 3.27579 0.0522994 0.0706388
L: -0.103644 0.0974147 0.670553
left
146
gcm: 0.522884 1.00193 -0.977239
H: 2.32118 0.0550253 -0.0985013
L: -0.10588 0.138652 0.644986
left
147
gcm: 0.521179 1.00316 -0.967074
H: 7.86772 0.772479 0.686359
L: -0.11938 0.0866493 0.711517
left
148
gcm: 0.519798 1.00415 -0.956128
H: 12.3378 1.08946 0.542742
L: -0.096619 0.0688385 0.76624
left
149
gcm: 0.51845 1.00597 -0.946199
H: 7.58043 0.780317 0.39638
L: -0.0943905 0.127699 0.695027
left
150
gcm: 0.517098 1.00776 -0.936396
H: 6.24863 0.715451 0.4096
L: -0.0946657 0.125175 0.686198
left
151
gcm: 0.515627 1.00917 -0.926843
H: 5.2767 0.830825 0.488696
L: -0.102934 0.0987487 0.668727
left
152
gcm: 0.514068 1.01075 -0.91771
H: 5.23404 0.862972 0.397139
L: -0.109158 0.110602 0.639254
left
153
gcm: 0.512857 1.0128 -0.908599
H: 5.14341 0.753292 0.0185194
L: -0.0847532 0.143856 0.637797
left
154
gcm: 0.511722 1.01495 -0.899698
H: 2.62301 0.398872 0.249437
L: -0.0794317 0.150117 0.623052
left
155
gcm: 0.51033 1.01719 -0.891053
H: -0.367368 0.0891699 0.70049
L: -0.0974767 0.156861 0.605203
left
156
gcm: 0.509174 1.01953 -0.882053
H: 0.157862 0.299152 -0.117278
L: -0.0809177 0.164 0.629972
left
157
gcm: 0.508303 1.02157 -0.873132
H: 1.18866 0.302145 -1.01507
L: -0.0609785 0.142592 0.624503
left
158
gcm: 0.507554 1.0235 -0.864597
H: 1.01714 -0.10802 -1.65657
L: -0.0524432 0.134815 0.597396
left
159
gcm: 0.506683 1.02506 -0.856262
H: 0.454668 -0.0315784 -0.527881
L: -0.0609649 0.109795 0.583441
left
160
gcm: 0.505546 1.02642 -0.848062
H: -0.155214 0.0370464 0.835145
L: -0.0795436 0.0946351 0.574055
left
161
gcm: 0.504407 1.0282 -0.840109
H: -1.28387 -0.202351 0.499398
L: -0.0797586 0.125103 0.556654
left
162
gcm: 0.503379 1.03011 -0.83209
H: 0.210511 0.185675 -0.599923
L: -0.0719432 0.133669 0.561348
left
163
gcm: 0.502665 1.03186 -0.823566
H: 4.9898 0.842459 -1.9896
L: -0.0499844 0.121948 0.596717
left
164
gcm: 0.502003 1.03333 -0.814901
H: -4.85795 -1.63541 1.21838
L: -0.0463274 0.103493 0.606551
left
165
gcm: 0.501242 1.03463 -0.806681
H: -2.39445 -0.928917 0.154929
L: -0.0532771 0.0907692 0.575357
left
166
gcm: 0.500466 1.03564 -0.798796
H: -0.642079 -0.591798 -0.14626
L: -0.0543428 0.0707997 0.551964
left
167
gcm: 0.499607 1.03653 -0.790873
H: -1.06069 -0.535471 0.713611
L: -0.0600984 0.0619366 0.554579
left
168
gcm: 0.498889 1.03715 -0.782929
H: -1.72684 -0.803906 0.511993
L: -0.0503079 0.0437067 0.556147
left
169
gcm: 0.498212 1.03738 -0.772835
H: 1.85841 -0.677127 0.0469326
L: -0.0473382 0.0157876 0.70653
left
170
gcm: 0.497163 1.03769 -0.766845
H: -4.88628 -0.879844 -0.0583668
L: -0.0734488 0.0216305 0.41929
left
171
gcm: 0.496389 1.03804 -0.760343
H: -3.19537 -0.883237 -0.785826
L: -0.0542135 0.0246787 0.455175
left
172
gcm: 0.496114 1.03804 -0.752928
H: -1.13618 -0.864859 -0.874231
L: -0.0192035 0.000431303 0.519028
left
173
gcm: 0.495621 1.03753 -0.744969
H: -0.802977 -0.814795 0.107763
L: -0.0345529 -0.0362153 0.557153
left
174
gcm: 0.49502 1.03739 -0.736788
H: -1.02826 -0.828965 -0.280206
L: -0.0420282 -0.00988681 0.572648
left
175
gcm: 0.494818 1.03735 -0.728563
H: -1.68436 -1.00818 -0.872628
L: -0.0141757 -0.00266211 0.575747
left
176
gcm: 0.494929 1.03656 -0.719962
H: -1.37219 -1.08441 -0.247162
L: 0.00781845 -0.0549158 0.602069
left
177
gcm: 0.495013 1.03579 -0.709119
H: 2.32664 -0.806018 0.434968
L: 0.00587522 -0.0539107 0.759032
left
178
gcm: 0.494809 1.03543 -0.701386
H: -2.12055 -1.03798 0.614811
L: -0.014292 -0.0253671 0.541336
left
179
gcm: 0.495375 1.03477 -0.693786
H: -1.89283 -1.13994 -0.244819
L: 0.0396273 -0.0465781 0.531975
left
180
gcm: 0.494229 1.03439 -0.685241
H: -1.02856 -0.48958 0.0627176
L: -0.0802565 -0.0261631 0.598148
left
181
gcm: 0.493253 1.03437 -0.680797
H: -8.38972 -1.30736 0.309954
L: -0.0682762 -0.00163285 0.311079
left
182
gcm: 0.493273 1.03346 -0.673521
H: -3.44299 -1.04241 -0.26407
L: 0.0014043 -0.0637378 0.509309
left
183
gcm: 0.493909 1.03242 -0.664481
H: 0.698543 -0.78634 -1.08586
L: 0.044489 -0.0726393 0.632837
left
184
gcm: 0.494015 1.03201 -0.655721
H: 1.17265 -0.66366 -0.933043
L: 0.00739012 -0.0284253 0.613187
left
185
gcm: 0.494635 1.03212 -0.645934
H: -4.00192 -1.42328 1.39115
L: 0.0434355 0.0077046 0.685046
left
186
gcm: 0.493649 1.03253 -0.640591
H: -7.49571 -0.936114 -0.266799
L: -0.069032 0.0286977 0.374025
left
187
gcm: 0.494475 1.03286 -0.630564
H: 0.0447734 -0.898651 -0.707299
L: 0.0578151 0.0231469 0.701906
left
188
gcm: 0.49449 1.03319 -0.621273
H: -0.789381 -0.877107 -0.35241
L: 0.00108034 0.0229834 0.650391
left
189
gcm: 0.494646 1.03342 -0.613107
H: -3.83278 -1.04205 -0.275911
L: 0.0108967 0.015763 0.57157
left
190
gcm: 0.494979 1.03283 -0.606198
H: -6.66486 -1.13144 0.309526
L: 0.0233219 -0.041026 0.483628
left
191
gcm: 0.494858 1.03255 -0.600152
H: -6.49957 -1.20758 1.13631
L: -0.00846556 -0.0200419 0.423276
left
192
gcm: 0.494319 1.03288 -0.593861
H: -5.46152 -1.19943 0.74058
L: -0.0377435 0.0236843 0.440316
left
193
gcm: 0.494343 1.03244 -0.586423
H: -4.10742 -1.09712 -0.32482
L: 0.00170235 -0.0311967 0.520718
left
194
gcm: 0.495416 1.03181 -0.577543
H: -2.18548 -1.23316 -0.4699
L: 0.0750763 -0.0439633 0.621594
left
195
gcm: 0.49531 1.03184 -0.570027
H: -5.32085 -0.99242 0.612058
L: -0.00738778 0.00209995 0.52612
left
196
gcm: 0.495727 1.03141 -0.560982
H: -2.3882 -1.19352 0.560513
L: 0.0291714 -0.0304381 0.63316
left
197
gcm: 0.495989 1.03119 -0.55451
H: -6.0835 -0.987949 -0.643057
L: 0.0183694 -0.0147697 0.453005
left
198
gcm: 0.497084 1.03166 -0.545737
H: -2.61195 -1.15904 -0.5705
L: 0.0766193 0.0322863 0.61411
left
199
gcm: 0.496733 1.03204 -0.538918
H: -6.6712 -0.815134 0.352322
L: -0.02458 0.0270514 0.477338
left
200
gcm: 0.497081 1.03178 -0.531561
H: -5.72348 -0.90394 -0.332576
L: 0.024385 -0.0182522 0.514979
left
201
gcm: 0.497761 1.03135 -0.524
H: -5.28582 -0.993901 0.000540155
L: 0.0476081 -0.0301915 0.529291
left
202
gcm: 0.498345 1.03059 -0.516429
H: -5.33159 -0.870739 0.911908
L: 0.040831 -0.052973 0.529957
left
203
gcm: 0.498602 1.02986 -0.508712
H: -4.18435 -0.743859 0.60905
L: 0.0180421 -0.0512939 0.540216
left
204
gcm: 0.498908 1.02956 -0.501045
H: -3.43299 -0.74403 -0.169533
L: 0.0213979 -0.0208554 0.536634
left
205
gcm: 0.49937 1.02997 -0.493529
H: -4.86066 -0.564912 0.211397
L: 0.0323641 0.0285051 0.526151
left
206
gcm: 0.499814 1.02978 -0.485853
H: -4.64382 -0.40174 0.905336
L: 0.0310777 -0.0130292 0.537333
left
207
gcm: 0.500275 1.02957 -0.478231
H: -3.52658 -0.572867 1.22471
L: 0.032221 -0.0150817 0.533497
left
208
gcm: 0.500718 1.02934 -0.470922
H: -4.69773 -0.116552 1.15576
L: 0.0310618 -0.0161355 0.511666
left
209
gcm: 0.500976 1.02909 -0.464614
H: -8.40315 0.100795 1.34009
L: 0.0180219 -0.0173221 0.44154
left
210
gcm: 0.501658 1.02827 -0.456306
H: -1.31353 -0.0757446 1.08795
L: 0.0477205 -0.0573506 0.581576
left
211
gcm: 0.502553 1.02738 -0.447936
H: -1.39584 -0.370726 0.769009
L: 0.0626613 -0.0626774 0.585863
left
212
gcm: 0.503592 1.02656 -0.439347
H: -0.606636 -0.522385 0.39375
L: 0.0727393 -0.0569073 0.601255
left
213
gcm: 0.504652 1.02587 -0.430967
H: 0.505165 -0.475738 -0.0445294
L: 0.0741783 -0.0481703 0.586607
left
214
gcm: 0.505456 1.02522 -0.423024
H: 0.0910632 -0.0954654 0.281614
L: 0.0563071 -0.0456432 0.556045
left
215
gcm: 0.506634 1.02478 -0.413828
H: 0.0960795 0.020592 0.2977
L: 0.0824614 -0.031254 0.643656
left
216
gcm: 0.507871 1.02374 -0.405004
H: 0.46759 -0.145352 0.172643
L: 0.0865619 -0.0723838 0.617715
left
217
gcm: 0.509165 1.02241 -0.396317
H: 2.29293 -0.286394 -0.335026
L: 0.0906311 -0.0934528 0.608052
left
218
gcm: 0.510661 1.02085 -0.387189
H: 3.29273 -0.321915 -0.606571
L: 0.104721 -0.108971 0.638977
left
219
gcm: 0.512107 1.01937 -0.377914
H: 2.8168 -0.202295 -0.634156
L: 0.101208 -0.103943 0.649231
left
220
gcm: 0.513284 1.01728 -0.369093
H: 1.7242 -0.199893 0.459065
L: 0.0823899 -0.146115 0.617515
left
221
gcm: 0.5146 1.01615 -0.360293
H: 1.79124 0.0578556 0.338038
L: 0.092095 -0.0789855 0.615971
left
222
gcm: 0.51623 1.01477 -0.350519
H: 3.08418 0.173372 0.114732
L: 0.11409 -0.0963087 0.684197
left
223
gcm: 0.517757 1.01314 -0.340608
H: 3.86554 0.0951261 0.237389
L: 0.10691 -0.11455 0.693758
left
224
gcm: 0.519144 1.01253 -0.33114
H: 4.20588 0.0828543 -0.143812
L: 0.0971241 -0.0422743 0.662783
left
225
gcm: 0.520491 1.01363 -0.321839
H: 4.08218 0.245142 -0.567481
L: 0.0942448 0.0766801 0.651032
left
226
gcm: 0.522143 1.01366 -0.312023
H: 5.27611 -0.018072 -1.49109
L: 0.115642 0.00233704 0.687158
left
227
gcm: 0.524161 1.01288 -0.301792
H: 4.90764 -0.393406 -1.47075
L: 0.141295 -0.0549302 0.716165
left
228
gcm: 0.526371 1.01075 -0.292161
H: 4.27027 -0.366232 -0.61118
L: 0.15471 -0.14923 0.674161
left
229
gcm: 0.528406 1.01028 -0.282494
H: 5.07619 -0.0834533 -0.556937
L: 0.142428 -0.0326602 0.676693
none 
230
gcm: 0.530329 1.01009 -0.272034
H: 5.22242 -0.14637 -0.681534
L: 0.134631 -0.0130402 0.73222
none 
231
gcm: 0.53261 1.00961 -0.261697
H: 5.56072 -0.301349 -1.16043
L: 0.159666 -0.0339259 0.723559
none 
232
gcm: 0.534668 1.0092 -0.252126
H: 3.52527 -0.216343 -1.33492
L: 0.144039 -0.0288399 0.669958
none 
233
gcm: 0.537186 1.00924 -0.240061
H: 5.09395 0.0422121 -1.52239
L: 0.176279 0.00302519 0.844563
right
234
gcm: 0.538725 1.00975 -0.230753
H: 2.23967 0.0298399 1.12317
L: 0.107741 0.0356805 0.651584
none 
235
gcm: 0.540774 1.01034 -0.220532
H: 4.30386 -0.126388 -0.140945
L: 0.143368 0.0412504 0.71547
none 
236
gcm: 0.543093 1.01125 -0.209859
H: 5.55548 -0.275843 -1.30738
L: 0.16238 0.0635475 0.747089
none 
237
gcm: 0.545134 1.01238 -0.200311
H: 4.11031 -0.116452 -0.436624
L: 0.14286 0.079213 0.66834
none 
238
gcm: 0.546846 1.01337 -0.191824
H: 2.00666 -0.273887 0.614596
L: 0.119803 0.0697657 0.594092
none 
239
gcm: 0.549295 1.01425 -0.181993
H: 3.09942 -0.444747 -0.387419
L: 0.171484 0.0615458 0.688201
none 
240
gcm: 0.551569 1.01424 -0.171376
H: 8.81839 -0.647372 0.401197
L: 0.159153 -0.000918743 0.743216
right
241
gcm: 0.553608 1.01425 -0.16079
H: 8.77988 -0.601979 0.182232
L: 0.142708 0.00045999 0.741001
right
242
gcm: 0.555526 1.01493 -0.150459
H: 8.92024 -0.590459 -0.723193
L: 0.134306 0.0477844 0.72316
right
243
gcm: 0.557499 1.01629 -0.140367
H: 8.13273 -0.548538 -1.20979
L: 0.138073 0.0950125 0.706467
right
244
gcm: 0.559504 1.01785 -0.130537
H: 5.78607 -0.589059 -1.2399
L: 0.140372 0.109475 0.688069
right
245
gcm: 0.561541 1.01915 -0.120903
H: 5.67857 -0.669946 -0.92227
L: 0.142609 0.090649 0.674389
right
246
gcm: 0.563486 1.02026 -0.110974
H: 6.4933 -0.426669 -0.351926
L: 0.13615 0.0779345 0.695011
right
247
gcm: 0.565613 1.02183 -0.101168
H: 3.9927 -0.55607 -1.02807
L: 0.148846 0.109869 0.686447
right
248
gcm: 0.566925 1.02315 -0.0919821
H: 6.75746 -0.342201 0.369357
L: 0.0918594 0.0927814 0.642996
right
249
gcm: 0.568439 1.02455 -0.0827646
H: 4.83649 -0.122257 -0.0845148
L: 0.105958 0.0974281 0.645223
right
250
gcm: 0.570223 1.02625 -0.0730689
H: 4.83189 -0.316935 -1.32494
L: 0.124896 0.119603 0.6787
right
251
gcm: 0.571963 1.02749 -0.0639577
H: 4.00923 -0.28716 -0.822571
L: 0.12181 0.0866258 0.637784
right
252
gcm: 0.573443 1.02889 -0.0554263
H: 2.02325 -0.107199 0.29391
L: 0.10362 0.0976148 0.597201
right
253
gcm: 0.574631 1.03084 -0.0468575
H: 1.41257 -0.0711817 0.433914
L: 0.0831507 0.136655 0.599812
right
254
gcm: 0.575705 1.03266 -0.0379254
H: 1.84876 0.10095 0.0311111
L: 0.0751567 0.127548 0.625249
right
255
gcm: 0.576909 1.03386 -0.0288067
H: 2.14611 0.176165 0.314774
L: 0.0842961 0.0838954 0.638312
right
256
gcm: 0.578044 1.0349 -0.0204095
H: 1.43284 0.192258 0.630148
L: 0.0794615 0.0725659 0.587799
right
257
gcm: 0.579049 1.03608 -0.0124682
H: 0.707124 0.193912 0.492751
L: 0.0703601 0.0828408 0.555895
right
258
gcm: 0.580279 1.03739 -0.00399945
H: 0.0459105 0.556175 -0.195633
L: 0.0860383 0.0913846 0.592811
right
259
gcm: 0.581496 1.03877 0.0045392
H: -0.297257 0.643014 -0.498878
L: 0.0852401 0.0966613 0.597705
right
260
gcm: 0.582481 1.04029 0.0130755
H: -0.169937 0.659285 -0.243205
L: 0.0688984 0.106799 0.597544
right
261
gcm: 0.583159 1.04253 0.0216584
H: -1.0995 0.969673 0.768068
L: 0.0474767 0.15679 0.600802
right
262
gcm: 0.583696 1.04347 0.029891
H: -1.52581 1.12696 1.69329
L: 0.037588 0.0654942 0.576281
right
263
gcm: 0.584773 1.04431 0.0381974
H: -1.27473 0.903943 -0.0924068
L: 0.0754095 0.0592482 0.581448
right
264
gcm: 0.586238 1.04516 0.046326
H: -1.58794 0.630671 -1.84501
L: 0.102547 0.0590518 0.569003
right
265
gcm: 0.587392 1.04555 0.0543918
H: -1.77886 0.822607 -0.395678
L: 0.0807867 0.0272006 0.564605
right
266
gcm: 0.588103 1.04499 0.0626455
H: -1.86618 1.16198 0.704275
L: 0.049743 -0.0385841 0.577757
right
267
gcm: 0.589224 1.04584 0.0708981
H: -3.13528 0.980927 -0.944827
L: 0.0785104 0.0590253 0.577685
right
268
gcm: 0.590479 1.04748 0.0791982
H: -2.91358 1.05049 -0.457511
L: 0.0878305 0.115023 0.581004
right
269
gcm: 0.591654 1.04795 0.087362
H: -1.52964 0.913009 -0.824167
L: 0.0822183 0.0326719 0.571465
right
270
gcm: 0.591995 1.04815 0.0956154
H: -1.56523 1.06698 1.31742
L: 0.0239135 0.0144171 0.577743
right
271
gcm: 0.592442 1.04734 0.103607
H: -3.06479 0.794027 0.419522
L: 0.0312897 -0.0570005 0.559395
right
272
gcm: 0.593131 1.04672 0.111508
H: -3.33725 1.12927 0.78702
L: 0.048242 -0.0432284 0.553104
right
273
gcm: 0.593787 1.04645 0.119481
H: -2.03903 1.0769 -0.437839
L: 0.0459276 -0.0187975 0.558057
right
274
gcm: 0.594615 1.0463 0.127641
H: -3.76531 0.987483 -0.123595
L: 0.0579606 -0.0109086 0.571202
right
275
gcm: 0.595604 1.0458 0.135989
H: -1.58299 0.855856 -0.351759
L: 0.0692043 -0.0346639 0.584402
right
276
gcm: 0.59644 1.04524 0.144501
H: -1.59452 0.858176 -0.469348
L: 0.0585406 -0.0391118 0.595802
right
277
gcm: 0.596863 1.04461 0.152335
H: -3.93266 1.12842 0.491918
L: 0.0295892 -0.044417 0.548429
right
278
gcm: 0.59747 1.04443 0.160196
H: -3.28837 1.07488 0.29585
L: 0.0425181 -0.0127049 0.550249
right
279
gcm: 0.598388 1.04483 0.168578
H: -2.21882 1.00785 -0.297653
L: 0.0642545 0.0280251 0.586752
right
280
gcm: 0.599207 1.04522 0.176641
H: -3.90934 0.946401 -0.267881
L: 0.0572961 0.0271075 0.564406
right
281
gcm: 0.599858 1.04552 0.184011
H: -5.2974 0.806279 -0.286271
L: 0.0455904 0.0211941 0.515888
right
282
gcm: 0.600334 1.04599 0.191579
H: -5.58741 1.04795 0.503907
L: 0.0333182 0.0332139 0.529774
right
283
gcm: 0.600799 1.04669 0.199932
H: -4.37552 1.1083 0.438864
L: 0.0325188 0.0486684 0.584725
right
284
gcm: 0.601472 1.04724 0.208458
H: -3.21128 0.860297 -0.428817
L: 0.0471571 0.0383832 0.596828
right
285
gcm: 0.602006 1.04719 0.216597
H: -5.49488 1.13308 0.120754
L: 0.0373228 -0.00347644 0.569664
right
286
gcm: 0.601957 1.0466 0.223914
H: -6.91036 1.44439 1.32232
L: -0.0034305 -0.0411397 0.512191
right
287
gcm: 0.60314 1.04693 0.232653
H: -3.97741 0.681379 -1.74203
L: 0.0828623 0.0231806 0.611744
right
288
gcm: 0.603694 1.04759 0.24051
H: -5.12963 1.11266 0.461338
L: 0.0387721 0.0464969 0.549999
right
289
gcm: 0.604115 1.04708 0.247994
H: -5.88117 1.19584 0.426666
L: 0.0294343 -0.0358189 0.523861
right
290
gcm: 0.604589 1.04679 0.255152
H: -5.67564 1.06727 -0.107827
L: 0.0332042 -0.0207717 0.501063
right
291
gcm: 0.604877 1.04734 0.263259
H: -3.91772 1.1175 0.671729
L: 0.0201926 0.0387874 0.567504
right
292
gcm: 0.605257 1.04822 0.271079
H: -6.00847 1.02021 0.769037
L: 0.0265528 0.0617461 0.547432
right
293
gcm: 0.605128 1.04882 0.278271
H: -6.85162 1.10945 0.624067
L: -0.00898497 0.0419207 0.503383
right
294
gcm: 0.605347 1.04875 0.285634
H: -5.15172 0.952491 -0.721065
L: 0.0153195 -0.00505842 0.515471
right
295
gcm: 0.606024 1.04844 0.29362
H: -5.84123 0.949271 -0.705122
L: 0.0473758 -0.0217084 0.558968
right
296
gcm: 0.606516 1.04818 0.301096
H: -7.07412 0.877698 -0.996077
L: 0.0344398 -0.0180703 0.523326
right
297
gcm: 0.606814 1.04817 0.308147
H: -8.41736 0.859859 -0.722518
L: 0.0208569 -0.000673021 0.493621
right
298
gcm: 0.60667 1.04883 0.315471
H: -6.3543 0.818648 0.796486
L: -0.0100864 0.0459207 0.512635
right
299
gcm: 0.606585 1.04957 0.323482
H: -3.03667 0.628633 0.849283
L: -0.00595207 0.0523537 0.560754
right
300
gcm: 0.606766 1.04979 0.331696
H: -3.09551 0.299718 -1.01237
L: 0.0126975 0.015245 0.57503
right
301
gcm: 0.607162 1.04922 0.340362
H: -3.39172 -0.0659733 -2.27598
L: 0.0276858 -0.0400546 0.606599
right
302
gcm: 0.607614 1.04836 0.349202
H: -3.27351 -0.0538226 -1.56591
L: 0.03163 -0.0598595 0.618807
right
303
gcm: 0.60784 1.04771 0.357743
H: -1.22727 -0.126618 -1.21399
L: 0.0158313 -0.0457603 0.597835
right
304
gcm: 0.608138 1.04682 0.366321
H: -1.02219 -0.0962544 -1.32266
L: 0.0208787 -0.0620739 0.600468
right
305
gcm: 0.608243 1.04553 0.375032
H: -1.28025 0.111947 -0.748862
L: 0.00732773 -0.0908711 0.609775
right
306
gcm: 0.607833 1.04415 0.383611
H: -1.29142 0.502076 0.239337
L: -0.0287187 -0.0959903 0.600517
right
307
gcm: 0.607221 1.04302 0.392012
H: -0.699853 0.497523 0.653338
L: -0.0428126 -0.0796549 0.588093
right
308
gcm: 0.606922 1.042 0.40092
H: 0.0167874 0.380559 0.716891
L: -0.0209003 -0.0715255 0.623575
right
309
gcm: 0.606577 1.04074 0.410234
H: 1.86638 0.681563 0.482843
L: -0.0241836 -0.0878569 0.651949
right
310
gcm: 0.605447 1.03976 0.419451
H: 2.01438 0.973286 2.42535
L: -0.0790603 -0.0686894 0.645208
right
311
gcm: 0.60444 1.03851 0.428881
H: 1.96151 0.743364 2.48161
L: -0.0704916 -0.0877439 0.660093
right
312
gcm: 0.60409 1.03661 0.438636
H: 1.73311 0.579557 1.48272
L: -0.0245353 -0.132509 0.682887
right
313
gcm: 0.603737 1.03477 0.448467
H: 1.63973 0.487716 0.880655
L: -0.0247078 -0.128704 0.688139
right
314
gcm: 0.603102 1.03301 0.458251
H: 3.45666 0.422243 0.3939
L: -0.0444712 -0.12368 0.68488
right
315
gcm: 0.602217 1.03176 0.467741
H: 5.04695 0.72575 2.37122
L: -0.0619418 -0.0872902 0.664291
right
316
gcm: 0.601302 1.03071 0.47738
H: 1.53507 0.295685 1.76069
L: -0.0640299 -0.0736259 0.674747
right
317
gcm: 0.600466 1.02905 0.487379
H: 3.60624 -0.0205831 -0.300896
L: -0.0585503 -0.116123 0.699925
right
318
gcm: 0.600102 1.02784 0.497915
H: 5.26916 0.174196 -0.203151
L: -0.0254304 -0.0843063 0.737532
right
319
gcm: 0.599803 1.0273 0.50893
H: 6.41084 0.372762 0.628872
L: -0.0209352 -0.0381376 0.771068
right
320
gcm: 0.598086 1.02656 0.519957
H: 4.73708 0.554429 3.34177
L: -0.120215 -0.0518932 0.771889
right
321
gcm: 0.596887 1.02631 0.530669
H: 4.16529 0.296709 2.22648
L: -0.0838933 -0.0170847 0.749845
right
322
gcm: 0.59588 1.02606 0.541439
H: 5.59302 0.240415 1.26203
L: -0.0705312 -0.0180307 0.753859
right
323
gcm: 0.594324 1.0253 0.552096
H: 5.5217 0.273956 1.81697
L: -0.108932 -0.0530507 0.746007
none 
324
gcm: 0.592792 1.02488 0.562849
H: 4.75092 0.331014 1.58365
L: -0.107244 -0.0293328 0.752714
none 
325
gcm: 0.591593 1.02486 0.573714
H: 5.13808 0.386678 0.733084
L: -0.0839032 -0.00122369 0.760551
none 
326
gcm: 0.59036 1.02469 0.584108
H: 4.75175 0.278522 0.607669
L: -0.0863415 -0.0122739 0.727565
none 
327
gcm: 0.589137 1.02451 0.594251
H: 4.59121 0.195834 0.950202
L: -0.0855853 -0.012608 0.71
none 
328
gcm: 0.58782 1.02453 0.604681
H: 5.19827 0.358632 1.12322
L: -0.0922106 0.00132247 0.730137
none 
329
gcm: 0.585802 1.02486 0.615308
H: 4.57594 0.523128 1.97965
L: -0.141256 0.0230986 0.743847
left
330
gcm: 0.583897 1.02575 0.625796
H: 4.61941 0.441722 2.16368
L: -0.133339 0.0626479 0.734192
left
331
gcm: 0.583954 1.02573 0.63796
H: 14.0075 0.40487 -0.544326
L: 0.00398193 -0.00161675 0.851478
left
332
gcm: 0.584012 1.02627 0.64907
H: 10.7234 0.49083 -1.88603
L: 0.00410663 0.0376777 0.777681
left
333
gcm: 0.583236 1.02707 0.659698
H: 8.08484 0.428566 -0.374067
L: -0.0543344 0.0563735 0.743995
left
334
gcm: 0.582187 1.02814 0.670306
H: 6.76909 0.452413 0.984177
L: -0.0734737 0.0749333 0.742548
left
335
gcm: 0.581536 1.02967 0.680768
H: 7.0576 0.215016 0.477853
L: -0.0455543 0.106749 0.732296
left
336
gcm: 0.581048 1.03125 0.690953
H: 6.42895 0.247074 -0.378048
L: -0.0341264 0.111049 0.712957
left
337
gcm: 0.580158 1.03273 0.701015
H: 5.3166 0.585271 -0.0815756
L: -0.0622887 0.103587 0.704387
left
338
gcm: 0.57943 1.03406 0.711055
H: 5.4895 0.4475 -0.288681
L: -0.0509539 0.0930254 0.702743
left
339
gcm: 0.579177 1.03522 0.720461
H: 4.30047 -0.0311573 -1.22225
L: -0.017762 0.0812256 0.65846
left
340
gcm: 0.57797 1.0365 0.730021
H: 3.36742 0.47877 1.64212
L: -0.0844886 0.0895872 0.669214
left
341
gcm: 0.577548 1.03839 0.739551
H: 3.13902 0.287458 -0.432391
L: -0.0295189 0.132119 0.667111
left
342
gcm: 0.577495 1.04047 0.748888
H: 1.88404 -0.270126 -1.69611
L: -0.00368016 0.14586 0.653574
left
343
gcm: 0.57747 1.04249 0.758007
H: 1.41349 -0.488443 -2.02808
L: -0.00181905 0.141136 0.638327
left
344
gcm: 0.576659 1.04413 0.765773
H: -0.182116 -0.205496 0.576358
L: -0.0567175 0.114894 0.543619
left
345
gcm: 0.575793 1.04525 0.773883
H: -0.0765519 -0.133499 2.011
L: -0.0606601 0.0782998 0.567698
left
346
gcm: 0.576735 1.04726 0.784647
H: 3.10883 -0.78653 -3.06474
L: 0.0659296 0.140544 0.753474
left
347
gcm: 0.576017 1.04861 0.793371
H: 0.39216 -0.317805 0.643317
L: -0.0502125 0.0944087 0.610689
left
348
gcm: 0.575291 1.04985 0.80215
H: 0.0855654 -0.348489 1.02949
L: -0.0508471 0.0872188 0.61453
left
349
gcm: 0.5745 1.05101 0.810787
H: -1.03371 -0.421442 0.951693
L: -0.0553693 0.0810397 0.604609
left
350
gcm: 0.57403 1.05201 0.819489
H: -0.727241 -0.626347 -0.424162
L: -0.032916 0.0699728 0.609107
left
351
gcm: 0.573994 1.0529 0.82834
H: -3.70039 -1.4854 0.0865814
L: -0.00248385 0.0626011 0.619589
left
352
gcm: 0.574283 1.05454 0.836747
H: 0.999813 -0.538546 -2.15993
L: 0.0201948 0.114659 0.588471
left
353
gcm: 0.574247 1.05606 0.845051
H: -2.0104 -1.06689 -0.982134
L: -0.00249396 0.106118 0.581302
left
354
gcm: 0.573847 1.05714 0.85338
H: -2.04801 -0.976168 0.253168
L: -0.0280303 0.0759779 0.583009
left
355
gcm: 0.573506 1.05755 0.861412
H: -2.34962 -0.901375 0.463062
L: -0.0238673 0.0282382 0.562233
left
356
gcm: 0.573295 1.05802 0.869841
H: -1.79354 -0.933867 -0.284214
L: -0.0147316 0.0332378 0.590018
left
357
gcm: 0.573046 1.05836 0.878334
H: -1.74662 -1.07016 -0.634212
L: -0.0174185 0.0239926 0.594508
left
358
gcm: 0.572679 1.0582 0.886233
H: -2.65515 -0.975201 0.336198
L: -0.0256815 -0.0114105 0.552962
left
359
gcm: 0.57262 1.05841 0.894189
H: -2.00725 -1.02431 -0.189145
L: -0.00417592 0.0146305 0.556939
left
360
gcm: 0.572883 1.05886 0.90292
H: -1.20633 -1.26288 -1.64028
L: 0.0184006 0.0318412 0.611117
left
361
gcm: 0.573097 1.0585 0.91045
H: -3.75834 -1.44263 -1.05675
L: 0.0150143 -0.0257365 0.527097
left
362
gcm: 0.572991 1.05803 0.918068
H: -3.44098 -1.17331 -0.135284
L: -0.00742084 -0.0328507 0.533307
left
363
gcm: 0.572864 1.058 0.926258
H: -1.69997 -1.09838 -0.259322
L: -0.00886742 -0.00211339 0.573245
left
364
gcm: 0.57276 1.05778 0.934921
H: -0.304337 -1.10062 -0.0553643
L: -0.00733486 -0.0151857 0.606439
left
365
gcm: 0.572916 1.05756 0.943122
H: -2.16878 -1.13955 0.223293
L: 0.0109476 -0.015729 0.574076
left
366
gcm: 0.572758 1.05726 0.950619
H: -4.91165 -0.888579 0.879894
L: -0.0110389 -0.0206536 0.524821
left
367
gcm: 0.572503 1.05726 0.958365
H: -4.28989 -0.886361 -0.0456189
L: -0.0178531 -0.000229164 0.542217
left
368
gcm: 0.572846 1.05763 0.966265
H: -1.98466 -1.18116 -1.75896
L: 0.0239807 0.0263839 0.552992
left
369
gcm: 0.57305 1.05784 0.974107
H: -2.72629 -1.19022 -0.903905
L: 0.0143097 0.0140758 0.548948
left
370
gcm: 0.572968 1.05799 0.981878
H: -3.76655 -1.14934 -0.105811
L: -0.00574945 0.0110176 0.543908
left
371
gcm: 0.572965 1.05819 0.989436
H: -3.14918 -1.12484 0.128701
L: -0.0002468 0.0137203 0.529126
left
372
gcm: 0.572902 1.05849 0.997257
H: -3.49407 -0.957923 0.459222
L: -0.00439663 0.0208157 0.547458
left
373
gcm: 0.572779 1.05904 1.00506
H: -4.91875 -1.03101 -0.0646288
L: -0.00857741 0.0386808 0.546405
left
374
gcm: 0.572966 1.06002 1.01256
H: -4.25041 -1.19523 -0.364897
L: 0.0131004 0.0684422 0.524448
left
375
gcm: 0.573143 1.06077 1.02
H: -3.63443 -1.051 0.758813
L: 0.0123831 0.0525131 0.521376
left
376
gcm: 0.573191 1.0614 1.02744
H: -5.13831 -1.09549 0.219393
L: 0.00331209 0.0441729 0.520643
left
377
gcm: 0.573394 1.06209 1.03525
H: -4.26053 -1.2 -0.402035
L: 0.0142269 0.0482982 0.546799
left
378
gcm: 0.572789 1.06144 1.04319
H: -4.76161 -0.760914 1.91726
L: -0.0423774 -0.0455711 0.55548
left
379
gcm: 0.573311 1.06063 1.0497
H: -5.21603 -1.1561 -0.549078
L: 0.0365476 -0.0562954 0.456106
left
380
gcm: 0.573404 1.06016 1.05692
H: -5.43819 -0.898847 -0.357676
L: 0.00652162 -0.0328438 0.505394
left
381
gcm: 0.573512 1.06053 1.06478
H: -4.7933 -0.913943 -0.078903
L: 0.00760317 0.0258232 0.549836
left
382
gcm: 0.573716 1.06045 1.07213
H: -4.87358 -1.03735 0.0708333
L: 0.0142686 -0.00600282 0.514421
left
383
gcm: 0.57404 1.06026 1.0788
H: -4.76514 -1.11493 -0.133499
L: 0.0226703 -0.01287 0.466912
left
384
gcm: 0.574525 1.06064 1.0862
H: -3.55289 -1.03979 -0.334935
L: 0.0339606 0.02662 0.518136
left
385
gcm: 0.57484 1.06125 1.09417
H: -3.60097 -0.885741 0.0875587
L: 0.0220063 0.0427324 0.558021
left
386
gcm: 0.57481 1.06124 1.10161
H: -4.94974 -0.711273 0.99456
L: -0.00210175 -0.00125049 0.520439
left
387
gcm: 0.575099 1.06115 1.10924
H: -4.1419 -0.676771 0.104844
L: 0.0202225 -0.0057092 0.534693
left
388
gcm: 0.575656 1.06129 1.11717
H: -3.12594 -0.801505 -0.770584
L: 0.039034 0.00981722 0.554647
left
389
gcm: 0.575755 1.06098 1.1243
H: -4.80013 -0.640186 1.02827
L: 0.0069538 -0.0217351 0.498963
left
390
gcm: 0.575776 1.06002 1.13137
H: -5.98666 -0.385921 1.7399
L: 0.00146573 -0.0674435 0.494835
left
391
gcm: 0.576071 1.05952 1.13893
H: -4.64449 -0.500933 0.580769
L: 0.0206267 -0.0352226 0.529565
left
392
gcm: 0.576571 1.05988 1.14616
H: -3.78373 -0.574249 0.289128
L: 0.0349907 0.025363 0.506226
left
393
gcm: 0.577611 1.06038 1.15263
H: -4.40381 -0.578539 -0.487982
L: 0.07281 0.0353503 0.452478
left
394
gcm: 0.577101 1.06012 1.15954
H: -5.36064 -0.0636316 2.38215
L: -0.0357245 -0.0184133 0.483683
left
395
gcm: 0.577398 1.05925 1.16782
H: -0.757081 0.0217131 1.33835
L: 0.0208226 -0.0610174 0.579574
left
396
gcm: 0.578316 1.05812 1.17634
H: -0.113081 -0.00611842 0.176772
L: 0.0642473 -0.0788222 0.596959
left
397
gcm: 0.579415 1.05824 1.18439
H: -0.61512 -0.265725 -0.571642
L: 0.0769042 0.00843486 0.563311
left
398
gcm: 0.579948 1.05773 1.19232
H: 0.482361 -0.0862632 0.864503
L: 0.0373555 -0.0360372 0.555262
left
399
gcm: 0.580189 1.05703 1.20068
H: 0.600735 -0.0207727 1.20465
L: 0.0168563 -0.0492337 0.585171
left
400
gcm: 0.5814 1.05619 1.20915
H: 0.88314 -0.363412 -0.877317
L: 0.0847914 -0.0582444 0.592598
left
401
gcm: 0.582925 1.05536 1.21764
H: 1.54438 -0.458992 -0.897825
L: 0.10674 -0.058041 0.594261
left
402
gcm: 0.583557 1.05433 1.22639
H: 1.47828 -0.0364424 0.93339
L: 0.0441895 -0.0724728 0.612925
left
403
gcm: 0.584208 1.05315 1.23538
H: 2.6148 -0.112704 0.345439
L: 0.0456032 -0.0825833 0.62913
left
404
gcm: 0.585503 1.05204 1.24436
H: 3.03176 -0.310141 -0.929283
L: 0.0906409 -0.077773 0.628593
left
405
gcm: 0.586716 1.04996 1.2533
H: 2.02231 -0.358636 -0.583024
L: 0.0849106 -0.145416 0.625673
left
406
gcm: 0.587969 1.04847 1.26248
H: 2.35696 -0.101304 -0.658858
L: 0.0877056 -0.104278 0.64267
left
407
gcm: 0.590041 1.04725 1.27164
H: 3.02062 -0.362142 -2.00374
L: 0.145051 -0.085368 0.640958
left
408
gcm: 0.590069 1.04562 1.28124
H: 3.49691 0.0606792 1.1125
L: 0.0019363 -0.114333 0.671985
left
409
gcm: 0.592022 1.04494 1.2896
H: 2.28116 -0.260847 -1.57198
L: 0.136742 -0.0474859 0.585256
left
410
gcm: 0.593477 1.0453 1.29872
H: 2.65797 -0.12652 -0.52061
L: 0.101825 0.0252355 0.638363
left
411
gcm: 0.594729 1.04655 1.30735
H: 2.51311 -0.226383 -0.491435
L: 0.087679 0.0874166 0.604138
left
412
gcm: 0.59655 1.04689 1.31701
H: 5.14367 -0.37871 -0.908285
L: 0.127469 0.0239524 0.676403
left
413
gcm: 0.598514 1.04733 1.32696
H: 5.50854 -0.313576 -0.959758
L: 0.137428 0.0305208 0.696718
left
414
gcm: 0.600511 1.04737 1.33754
H: 6.34135 -0.124228 -1.42855
L: 0.139831 0.00307235 0.740408
left
415
gcm: 0.602532 1.04736 1.34809
H: 6.88592 -0.285507 -1.83112
L: 0.141467 -0.00114687 0.738185
none 
416
gcm: 0.604467 1.0467 1.35788
H: 5.20512 -0.429538 -1.57726
L: 0.135473 -0.0456423 0.685536
none 
417
gcm: 0.605908 1.04711 1.36722
H: 3.05032 -0.486266 -0.555569
L: 0.10084 0.0287355 0.653707
none 
418
gcm: 0.606995 1.04729 1.37614
H: 2.83763 -0.419359 0.538299
L: 0.0761118 0.0120282 0.624169
none 
419
gcm: 0.608527 1.04746 1.38646
H: 5.04645 -0.215701 -0.610597
L: 0.107188 0.0120081 0.722521
none 
420
gcm: 0.610379 1.04785 1.39617
H: 3.24932 -0.0820613 -0.960771
L: 0.129654 0.027536 0.680217
none 
421
gcm: 0.611933 1.04811 1.40666
H: 11.1394 -0.924526 0.749072
L: 0.10882 0.0184058 0.734246
right
422
gcm: 0.61379 1.0496 1.41773
H: 12.9922 -1.66265 0.362358
L: 0.12999 0.103745 0.774502
right
423
gcm: 0.616017 1.05054 1.42834
H: 4.68653 -0.238149 -2.83377
L: 0.155841 0.0658313 0.742837
right
424
gcm: 0.617659 1.05146 1.4381
H: 6.15003 -0.239043 -1.42066
L: 0.114941 0.0644888 0.68346
right
425
gcm: 0.619494 1.05239 1.44894
H: 8.84888 -0.667306 -0.899147
L: 0.128457 0.0649692 0.75861
right
426
gcm: 0.621143 1.05366 1.45861
H: 6.44418 -0.585576 -0.767559
L: 0.115456 0.0889759 0.676584
right
427
gcm: 0.622319 1.05493 1.46754
H: 2.96514 -0.00405264 -1.10751
L: 0.0822971 0.0891199 0.625313
right
428
gcm: 0.623452 1.05602 1.47617
H: 4.52353 -0.470249 -0.62839
L: 0.0792948 0.0764823 0.603798
right
429
gcm: 0.624716 1.05745 1.48465
H: 5.92727 -1.2439 0.826533
L: 0.0884852 0.100168 0.594021
right
430
gcm: 0.62625 1.05902 1.49367
H: 3.15667 -0.781231 -0.351507
L: 0.107384 0.10987 0.631095
right
431
gcm: 0.627631 1.06046 1.50317
H: 2.88444 -0.117206 -0.651307
L: 0.0966822 0.100689 0.66499
right
432
gcm: 0.628362 1.06177 1.51051
H: 1.93077 -0.0731833 1.06925
L: 0.0511498 0.0917066 0.514078
right
433
gcm: 0.629342 1.06294 1.52024
H: 4.64815 -0.245854 0.710626
L: 0.0686445 0.0817079 0.680765
right
434
gcm: 0.629184 1.06261 1.52659
H: -1.99929 0.379219 1.98507
L: -0.0110765 -0.0231514 0.444973
right
435
gcm: 0.632362 1.06617 1.53829
H: 6.08242 -0.394366 -5.06138
L: 0.22249 0.249 0.819168
right
436
gcm: 0.634831 1.0673 1.54885
H: 5.67882 -0.651187 -4.29465
L: 0.172792 0.0793619 0.739058
right
437
gcm: 0.633427 1.06798 1.5544
H: -3.99913 1.24665 6.51538
L: -0.0982666 0.0476918 0.388365
right
438
gcm: 0.632807 1.06857 1.56034
H: -6.13916 1.21694 4.48468
L: -0.0434097 0.0413178 0.415695
right
439
gcm: 0.635276 1.07054 1.57035
H: 5.24747 -0.284039 -3.97494
L: 0.17282 0.138181 0.700769
right
440
gcm: 0.635252 1.07146 1.57656
H: -5.3166 0.667025 1.90868
L: -0.00166275 0.0637881 0.434372
right
441
gcm: 0.639359 1.07463 1.58804
H: 3.29433 -0.59036 -8.12527
L: 0.28749 0.222111 0.804062
right
442
gcm: 0.641347 1.07613 1.59812
H: 1.65874 0.383372 -3.93402
L: 0.139185 0.105243 0.705381
right
443
gcm: 0.641673 1.07817 1.60769
H: -0.191142 1.21562 0.658928
L: 0.0228055 0.142573 0.669672
right
444
gcm: 0.64132 1.0776 1.61339
H: -5.17846 1.40501 2.56721
L: -0.0247429 -0.0396639 0.399624
right
445
gcm: 0.641662 1.07981 1.6211
H: -0.928672 1.03603 1.17053
L: 0.0239475 0.154348 0.539442
right
446
gcm: 0.642239 1.07974 1.62816
H: -2.17292 1.15358 1.26039
L: 0.0404147 -0.00450186 0.493939
right
447
gcm: 0.643442 1.07944 1.63645
H: -0.864644 0.982169 0.0316562
L: 0.0841901 -0.0209874 0.580148
right
448
gcm: 0.643883 1.07962 1.64395
H: -2.12742 1.0689 0.0704535
L: 0.0308626 0.0126325 0.525081
right
449
gcm: 0.643879 1.07987 1.65063
H: -3.88679 1.37429 1.37162
L: -0.000298212 0.0173307 0.468083
right
450
gcm: 0.645294 1.08011 1.65949
H: -0.0781555 0.850503 -1.11538
L: 0.0990624 0.0169281 0.620206
right
451
gcm: 0.646788 1.08032 1.66793
H: 0.107239 0.405424 -1.9142
L: 0.10461 0.0147837 0.590857
right
452
gcm: 0.647363 1.08069 1.67541
H: -1.71647 0.84796 -0.167307
L: 0.0402655 0.0259419 0.523422
right
453
gcm: 0.64784 1.08112 1.68341
H: -2.4277 1.12406 1.24485
L: 0.0333903 0.0298292 0.559787
right
454
gcm: 0.648275 1.08061 1.69096
H: -3.00006 1.08099 0.417835
L: 0.0304475 -0.0359843 0.528421
right
455
gcm: 0.648903 1.07942 1.69862
H: -1.70002 0.99249 0.0700033
L: 0.043972 -0.0829749 0.536022
right
456
gcm: 0.649392 1.07807 1.70642
H: -2.74418 1.10724 1.03158
L: 0.0342282 -0.0946764 0.546232
right
457
gcm: 0.649944 1.07715 1.71391
H: -1.76926 0.757239 -0.662479
L: 0.0385966 -0.064054 0.524524
right
458
gcm: 0.651068 1.0765 1.72207
H: -0.216954 0.573755 -1.38882
L: 0.0786979 -0.0455602 0.571051
right
459
gcm: 0.651535 1.07666 1.72943
H: 0.708717 0.927304 -0.755529
L: 0.0326773 0.0111774 0.515371
right
460
gcm: 0.651756 1.07709 1.73691
H: -7.90694 1.05247 0.595547
L: 0.0154697 0.0296942 0.523295
right
461
gcm: 0.652682 1.07698 1.74483
H: -4.68063 0.714841 -0.587341
L: 0.0648153 -0.00736567 0.554415
right
462
gcm: 0.653151 1.07734 1.7526
H: -2.59622 1.07341 0.868681
L: 0.032814 0.0248531 0.544326
right
463
gcm: 0.653127 1.07804 1.75966
H: -1.73315 1.2411 1.84689
L: -0.00165944 0.0494548 0.493996
right
464
gcm: 0.653702 1.07766 1.76684
H: -1.52185 0.588651 -0.917819
L: 0.0402591 -0.0265994 0.502433
right
465
gcm: 0.654329 1.07684 1.77462
H: -6.78208 0.899395 -0.00311034
L: 0.0438755 -0.0578085 0.544754
right
466
gcm: 0.654176 1.07676 1.78178
H: -2.06929 1.10956 1.28642
L: -0.0106961 -0.00523383 0.501108
right
467
gcm: 0.654514 1.07809 1.78971
H: -6.39766 0.710471 1.01184
L: 0.0236786 0.0931329 0.554904
right
468
gcm: 0.655527 1.07853 1.797
H: -1.70363 0.555128 -1.53066
L: 0.0708818 0.0305448 0.510827
right
469
gcm: 0.655908 1.07738 1.80458
H: -5.93 0.736231 -0.534644
L: 0.0266545 -0.0801717 0.530306
right
470
gcm: 0.655415 1.07727 1.81172
H: -2.51417 1.16191 0.687877
L: -0.0345165 -0.00784721 0.499855
right
471
gcm: 0.655698 1.07807 1.81892
H: -2.48869 0.989052 0.144432
L: 0.019825 0.0558013 0.503695
right
472
gcm: 0.656398 1.07805 1.82637
H: -2.52075 0.603567 -0.716342
L: 0.0489826 -0.00124515 0.521748
right
473
gcm: 0.65652 1.0778 1.83369
H: -6.35949 0.996716 0.211166
L: 0.00859361 -0.017655 0.512584
right
474
gcm: 0.656518 1.07841 1.84145
H: -7.41822 0.980218 0.687707
L: -0.000149037 0.0428915 0.542803
right
475
gcm: 0.65696 1.07886 1.8496
H: -6.18224 0.83927 -0.0574705
L: 0.0309461 0.0314271 0.570485
right
476
gcm: 0.657099 1.07803 1.85674
H: -3.25677 0.879814 -0.044205
L: 0.00967644 -0.0582455 0.500095
right
477
gcm: 0.656799 1.07674 1.8632
H: 2.08589 0.862591 -0.218571
L: -0.0209433 -0.0904976 0.45207
right
478
gcm: 0.656662 1.07685 1.87083
H: -6.91421 0.845148 0.704079
L: -0.00963284 0.00784375 0.5343
right
479
gcm: 0.656431 1.07715 1.87842
H: -5.95803 0.818409 1.09601
L: -0.0161673 0.021042 0.530907
right
480
gcm: 0.656416 1.07714 1.88621
H: -6.16598 0.772982 0.423217
L: -0.00101792 -0.000855476 0.545698
right
481
gcm: 0.656782 1.07698 1.89324
H: -8.86564 0.666827 -1.01775
L: 0.0256133 -0.0107002 0.492058
right
482
gcm: 0.657074 1.07669 1.9
H: -6.04878 0.652466 -0.568651
L: 0.020398 -0.0203953 0.47309
right
483
gcm: 0.657311 1.07617 1.90801
H: -0.238385 0.35719 -0.297548
L: 0.0166206 -0.0365023 0.560612
right
484
gcm: 0.656854 1.07565 1.91603
H: 0.207824 0.468372 -0.108381
L: -0.0319804 -0.0362934 0.561401
right
485
gcm: 0.65646 1.07526 1.92439
H: -2.21024 0.484021 0.155143
L: -0.0276117 -0.0271862 0.585482
right
486
gcm: 0.656496 1.07487 1.9334
H: -6.47989 0.300861 -0.59705
L: 0.00256017 -0.0274977 0.630531
right
487
gcm: 0.656396 1.07394 1.94175
H: -4.99294 0.335351 -0.619147
L: -0.00701768 -0.0653413 0.584237
right
488
gcm: 0.65558 1.07285 1.94988
H: -3.51747 0.393135 0.305756
L: -0.0571131 -0.076103 0.569505
right
489
gcm: 0.654429 1.07186 1.95832
H: -1.29009 0.605568 1.69509
L: -0.0805504 -0.0693515 0.590392
right
490
gcm: 0.654106 1.07081 1.96682
H: 2.26018 0.927898 0.763715
L: -0.0226169 -0.0735123 0.594991
right
491
gcm: 0.654152 1.06981 1.97577
H: 1.14791 -0.236745 -1.08698
L: 0.00320828 -0.0702233 0.626598
right
492
gcm: 0.653942 1.06832 1.98449
H: 2.24542 -0.0344169 -0.662744
L: -0.0146758 -0.103856 0.610477
right
493
gcm: 0.653123 1.06679 1.99311
H: 1.35386 0.217653 0.0355937
L: -0.0573258 -0.106986 0.603405
right
494
gcm: 0.652049 1.06514 2.0016
H: -2.16578 -0.635884 -0.925917
L: -0.0752403 -0.115864 0.594602
right
495
gcm: 0.651081 1.06403 2.01013
H: 0.928325 0.522405 0.35471
L: -0.0677536 -0.0775427 0.596982
right
496
gcm: 0.65035 1.0635 2.01891
H: 1.57469 0.235546 0.280112
L: -0.0511722 -0.0370814 0.614618
right
497
gcm: 0.649485 1.06128 2.02811
H: 1.25791 0.295543 0.127435
L: -0.0605404 -0.155503 0.64391
right
498
gcm: 0.648024 1.05802 2.037
H: -0.58762 0.284636 1.58178
L: -0.102287 -0.228109 0.622183
right
499
gcm: 0.646386 1.05648 2.04579
H: 0.326652 0.365694 1.53577
L: -0.11464 -0.107863 0.615292
right
500
gcm: 0.644894 1.05529 2.05488
H: 3.04605 0.252451 0.27768
L: -0.104394 -0.0833753 0.636456
right
501
gcm: 0.644324 1.05288 2.06503
H: 2.89574 0.112462 -1.18883
L: -0.0399633 -0.169007 0.710383
right
502
gcm: 0.6436 1.05118 2.07501
H: 2.18602 0.00465661 -0.669599
L: -0.0506412 -0.118377 0.698973
right
503
gcm: 0.642062 1.05095 2.08499
H: 2.09101 0.152433 0.762796
L: -0.107677 -0.0163014 0.698148
right
504
gcm: 0.639565 1.05144 2.09507
H: 1.69494 0.457594 2.40527
L: -0.17476 0.034462 0.705399
right
505
gcm: 0.638517 1.05126 2.10522
H: 2.43404 0.0332515 -0.911082
L: -0.0733781 -0.0131086 0.710934
right
506
gcm: 0.636606 1.05106 2.11585
H: 2.93056 0.19257 0.0243124
L: -0.133774 -0.0134854 0.744295
right
507
gcm: 0.635119 1.05036 2.12617
H: 2.68699 0.211739 0.593016
L: -0.10408 -0.0494939 0.722315
right
508
gcm: 0.634056 1.05011 2.13565
H: 1.54325 0.0625357 -0.2711
L: -0.0744333 -0.0174279 0.663703
right
509
gcm: 0.631677 1.05081 2.14655
H: 4.12312 0.445016 1.1165
L: -0.166539 0.0491173 0.762817
none 
510
gcm: 0.629509 1.05144 2.1565
H: 3.31652 0.36669 1.768
L: -0.151746 0.0440558 0.696577
none 
511
gcm: 0.627481 1.05166 2.16655
H: 3.56872 0.703892 0.345805
L: -0.141949 0.0156385 0.703246
none 
512
gcm: 0.625353 1.05203 2.17546
H: 2.70971 0.392925 0.223462
L: -0.148983 0.0259963 0.623665
none 
513
gcm: 0.623558 1.05273 2.1833
H: 1.58471 -0.231812 0.653007
L: -0.125619 0.0485625 0.548788
none 
514
gcm: 0.622306 1.05367 2.19355
H: 4.59954 0.349664 -1.22686
L: -0.0876705 0.065745 0.717573
left
515
gcm: 0.62059 1.05421 2.20292
H: 3.78776 0.521722 0.710113
L: -0.120066 0.0381219 0.656085
left
516
gcm: 0.61925 1.05376 2.21605
H: 16.0866 1.22158 -0.230779
L: -0.0938145 -0.0312893 0.919029
left
516
gcm: 0.61925 1.05376 2.21605
H: 0 0 0
L: 0 0 0
none 
