:metadata
 
Skeleton: /Network/Servers/duerer/Volumes/duerer/laturnus/workspace/new_acm/asf/07-walk.asf
Motion: /Network/Servers/duerer/Volumes/duerer/laturnus/workspace/new_acm/amc/07_06-walk.amc
Mass Distribution: /Network/Servers/duerer/Volumes/duerer/laturnus/workspace/new_acm/amd/NHR03-06.amd
 
Inital skeleton translation: 0 0 0
Initial skeleton rotation: 0 0 0
 
:data
1
gcm: 0.462048 0.981372 -2.38347
H: -9.49729 -1.79274 1.87895
L: -0.0440189 0.0119742 0.684968
left
2
gcm: 0.461399 0.980603 -2.37358
H: -10.7393 -1.89759 1.96509
L: -0.0460903 -0.0546589 0.702143
left
3
gcm: 0.461301 0.978978 -2.36352
H: -7.24423 -1.72875 2.13702
L: -0.0069493 -0.115344 0.714021
left
4
gcm: 0.461882 0.97853 -2.35323
H: -5.81442 -1.90368 -0.476571
L: 0.0412399 -0.0317839 0.730675
left
5
gcm: 0.462285 0.980739 -2.34167
H: -6.71444 -2.06986 -3.24964
L: 0.0286039 0.156789 0.820955
left
6
gcm: 0.462946 0.980904 -2.33102
H: -4.93242 -1.94737 -0.946359
L: 0.0469538 0.0117481 0.756198
left
7
gcm: 0.462966 0.980977 -2.3216
H: -5.38219 -1.61544 0.381803
L: 0.00136511 0.00515732 0.668456
left
8
gcm: 0.46286 0.981499 -2.3114
H: -6.99691 -1.6571 -0.218822
L: -0.00746906 0.0371116 0.724641
left
9
gcm: 0.462878 0.981834 -2.30118
H: -7.82582 -1.78673 -0.178464
L: 0.00121764 0.0237786 0.725136
left
10
gcm: 0.463186 0.981618 -2.29136
H: -7.8798 -1.44909 -0.0320989
L: 0.0219042 -0.0153575 0.697354
left
11
gcm: 0.463542 0.981294 -2.2813
H: -6.8367 -1.60248 -0.784128
L: 0.025236 -0.0229822 0.71463
left
12
gcm: 0.463575 0.980982 -2.27104
H: -6.28095 -1.73511 -1.94984
L: 0.00238762 -0.0221981 0.728321
left
13
gcm: 0.463548 0.981045 -2.26101
H: -7.36334 -1.48705 -2.80524
L: -0.00193699 0.00447473 0.711825
left
14
gcm: 0.463703 0.98167 -2.2514
H: -4.67074 -1.41904 -0.88008
L: 0.0109799 0.0444117 0.682839
left
15
gcm: 0.464064 0.982399 -2.24128
H: -7.4287 -1.51374 2.37898
L: 0.0256562 0.0517684 0.718236
left
16
gcm: 0.464337 0.982576 -2.23094
H: -3.84295 -1.67055 -1.13024
L: 0.0194181 0.0125138 0.734348
left
17
gcm: 0.464292 0.98205 -2.22078
H: -5.49654 -1.13083 1.25963
L: -0.00322153 -0.0373353 0.721216
left
18
gcm: 0.464369 0.981224 -2.21101
H: -6.298 -0.856383 2.12478
L: 0.00543303 -0.058629 0.693492
left
19
gcm: 0.464847 0.981089 -2.20088
H: -3.86926 -0.876261 1.25933
L: 0.0339736 -0.00959122 0.719319
left
20
gcm: 0.465641 0.981831 -2.19032
H: -1.36066 -0.84602 -0.410693
L: 0.0563903 0.0526923 0.749631
left
21
gcm: 0.46661 0.982462 -2.17957
H: -1.42244 -0.632205 -1.06084
L: 0.068794 0.0447626 0.763657
left
22
gcm: 0.467609 0.981886 -2.16869
H: -1.39746 -0.454529 0.423768
L: 0.0708862 -0.0408544 0.772263
left
23
gcm: 0.468011 0.981099 -2.15849
H: 0.465965 -0.407758 1.02378
L: 0.0285615 -0.055854 0.724445
left
24
gcm: 0.468253 0.980759 -2.14757
H: 0.291708 -0.289711 1.49931
L: 0.0171577 -0.0241955 0.775121
left
25
gcm: 0.468994 0.980202 -2.13646
H: 2.65074 -0.434934 -0.501228
L: 0.0526613 -0.0395568 0.789008
left
26
gcm: 0.469807 0.979316 -2.12528
H: 4.00479 -0.461237 -1.44955
L: 0.0577076 -0.062892 0.793396
left
27
gcm: 0.470323 0.978531 -2.11414
H: 3.60661 -0.428226 -0.750564
L: 0.036665 -0.0556903 0.790947
left
28
gcm: 0.470981 0.978359 -2.10311
H: 5.11495 -0.609501 0.0856206
L: 0.0467116 -0.0122617 0.783228
left
29
gcm: 0.471779 0.978805 -2.092
H: 7.27531 -0.452015 -0.00773885
L: 0.0566123 0.0316693 0.788883
left
30
gcm: 0.472695 0.979139 -2.08068
H: 7.26896 -0.260734 -0.125863
L: 0.0650616 0.0237169 0.803351
left
31
gcm: 0.474038 0.979321 -2.06901
H: 7.01746 -0.165392 -0.353095
L: 0.0953354 0.0129597 0.829159
left
32
gcm: 0.475499 0.979437 -2.05676
H: 7.75058 -0.173084 -1.44099
L: 0.103731 0.00823503 0.869422
left
33
gcm: 0.476617 0.979089 -2.04455
H: 9.15403 -0.455764 -1.14568
L: 0.0793632 -0.024743 0.866881
right
34
gcm: 0.478044 0.979561 -2.03272
H: 10.2741 -0.473308 -0.324147
L: 0.101366 0.0335381 0.840181
right
35
gcm: 0.479508 0.980191 -2.02065
H: 10.2872 -0.575999 -0.645852
L: 0.103927 0.0447319 0.856699
none 
36
gcm: 0.480701 0.979896 -2.00835
H: 9.17787 -0.456661 -0.105288
L: 0.0846872 -0.0209704 0.873152
right
37
gcm: 0.481863 0.979068 -1.99591
H: 9.67445 -0.58308 -0.218913
L: 0.0825487 -0.0587575 0.883301
right
38
gcm: 0.483035 0.978814 -1.98336
H: 9.42763 -0.621746 -0.830307
L: 0.0831878 -0.018014 0.891023
right
39
gcm: 0.48422 0.979139 -1.97182
H: 10.1521 -0.549358 0.0435726
L: 0.0841229 0.0230185 0.81951
right
40
gcm: 0.485451 0.978797 -1.9604
H: 9.99977 -0.625719 0.802746
L: 0.0873878 -0.0242437 0.810636
right
41
gcm: 0.486739 0.978171 -1.94846
H: 9.7851 -0.752437 0.350147
L: 0.091468 -0.0444544 0.847662
right
42
gcm: 0.488247 0.979037 -1.93643
H: 8.29142 -0.484109 -0.579014
L: 0.107087 0.0614504 0.854122
right
43
gcm: 0.489951 0.980793 -1.92454
H: 6.78567 -0.41267 -1.12828
L: 0.120934 0.124717 0.844829
right
44
gcm: 0.491547 0.981953 -1.91277
H: 5.44328 -0.56096 -1.50534
L: 0.113323 0.0823729 0.835288
right
45
gcm: 0.492973 0.982841 -1.90121
H: 5.25663 -0.732472 -0.95779
L: 0.101279 0.0630511 0.820762
right
46
gcm: 0.494519 0.984585 -1.88967
H: 5.34526 -0.787963 -0.506191
L: 0.109738 0.123782 0.81941
right
47
gcm: 0.496016 0.9864 -1.87824
H: 4.25031 -0.488595 -0.760904
L: 0.106306 0.128908 0.811508
right
48
gcm: 0.49727 0.988037 -1.86673
H: 4.133 -0.272046 -0.0851575
L: 0.0890482 0.116197 0.817478
right
49
gcm: 0.498277 0.989982 -1.85523
H: 4.36533 -0.267156 1.11047
L: 0.0714886 0.138089 0.816423
right
50
gcm: 0.498866 0.991628 -1.84421
H: 2.89255 -0.011965 1.30008
L: 0.0418164 0.116837 0.78217
right
51
gcm: 0.499569 0.993135 -1.8334
H: -0.735072 0.329606 -0.276149
L: 0.0498854 0.107056 0.767923
right
52
gcm: 0.499896 0.994208 -1.82285
H: 1.55317 0.730633 3.01168
L: 0.0232559 0.0761731 0.748507
right
53
gcm: 0.500459 0.995447 -1.81216
H: -0.64323 0.978901 1.15878
L: 0.0399651 0.0879484 0.759061
right
54
gcm: 0.501136 0.997821 -1.80111
H: -1.46763 1.0748 0.397106
L: 0.0480823 0.168584 0.784638
right
55
gcm: 0.50199 0.999903 -1.79039
H: -2.13763 1.13877 -1.0014
L: 0.0606391 0.147777 0.7609
right
56
gcm: 0.50269 1.0011 -1.77985
H: -1.29586 1.15653 -0.615064
L: 0.0496709 0.0851068 0.748265
right
57
gcm: 0.503054 1.00272 -1.76905
H: -2.0867 1.27966 0.538138
L: 0.0258718 0.114874 0.767211
right
58
gcm: 0.503471 1.0049 -1.7582
H: -2.38412 1.15229 -0.317409
L: 0.0295724 0.155165 0.770445
right
59
gcm: 0.504426 1.00656 -1.74698
H: -4.61029 1.27477 0.525438
L: 0.0678269 0.117422 0.796141
right
60
gcm: 0.505365 1.00706 -1.73612
H: -4.60111 1.54919 -1.07255
L: 0.0666303 0.0355498 0.771203
right
61
gcm: 0.505861 1.00663 -1.72583
H: -3.78498 1.53538 -0.581586
L: 0.0352262 -0.0307627 0.730473
right
62
gcm: 0.506389 1.00718 -1.71529
H: -4.68096 1.56987 1.12532
L: 0.0374705 0.0396097 0.748526
right
63
gcm: 0.50673 1.00782 -1.70481
H: -3.63823 1.64644 -0.0771871
L: 0.0242202 0.0451815 0.743889
right
64
gcm: 0.507147 1.00823 -1.69427
H: -4.57005 1.58292 1.10338
L: 0.0296252 0.0288846 0.748324
right
65
gcm: 0.507862 1.0081 -1.68357
H: -3.10511 1.42523 0.00698205
L: 0.0507391 -0.00877675 0.760247
right
66
gcm: 0.508404 1.00772 -1.67301
H: -2.39881 1.42184 -0.750932
L: 0.038505 -0.0272277 0.749703
right
67
gcm: 0.508836 1.00748 -1.66237
H: -4.49156 1.47649 1.15521
L: 0.0306762 -0.0171746 0.755227
right
68
gcm: 0.509563 1.00668 -1.65165
H: -3.6471 1.40451 0.54102
L: 0.051615 -0.0566904 0.76086
right
69
gcm: 0.510507 1.00534 -1.64114
H: -4.82269 1.48925 -0.661444
L: 0.0670494 -0.0948653 0.746461
right
70
gcm: 0.510892 1.00533 -1.63031
H: -5.11474 1.48728 -0.943203
L: 0.0273378 -0.00105192 0.769021
right
71
gcm: 0.511461 1.00471 -1.61982
H: -3.96472 1.06143 -0.953197
L: 0.0403893 -0.0440095 0.744763
right
72
gcm: 0.512169 1.00444 -1.60894
H: -6.75146 1.36386 0.814478
L: 0.0502805 -0.0187664 0.77256
right
73
gcm: 0.512488 1.00375 -1.59797
H: -7.0626 1.77204 1.02548
L: 0.0226257 -0.0495621 0.778469
right
74
gcm: 0.512827 1.00317 -1.58725
H: -6.83914 1.59468 0.400081
L: 0.024044 -0.0409436 0.761713
right
75
gcm: 0.513332 1.0036 -1.57648
H: -6.6142 1.39804 -0.233277
L: 0.0359021 0.0302899 0.764405
right
76
gcm: 0.513697 1.00371 -1.56587
H: -7.06158 1.51483 0.516203
L: 0.0258921 0.00808419 0.753297
right
77
gcm: 0.514012 1.00331 -1.55539
H: -8.0613 1.61226 0.511691
L: 0.0223487 -0.0286236 0.744068
right
78
gcm: 0.514436 1.00297 -1.54483
H: -6.94462 1.45264 -0.756696
L: 0.0300893 -0.0239464 0.749774
right
79
gcm: 0.514949 1.00303 -1.53442
H: -7.01895 1.27384 -0.706706
L: 0.0364778 0.0039426 0.738765
right
80
gcm: 0.515511 1.00306 -1.52398
H: -8.41854 1.2725 -0.1364
L: 0.0398589 0.00238971 0.741727
right
81
gcm: 0.515973 1.00299 -1.51347
H: -8.24697 1.39692 -0.0815251
L: 0.0327865 -0.00523433 0.745759
right
82
gcm: 0.516283 1.00315 -1.50321
H: -8.28727 1.56826 -0.111476
L: 0.0220407 0.0114524 0.728558
right
83
gcm: 0.516296 1.00363 -1.49311
H: -9.24458 1.44604 0.35346
L: 0.000907093 0.0340174 0.717389
right
84
gcm: 0.516246 1.00393 -1.48298
H: -10.2829 1.27211 0.885345
L: -0.003558 0.0217093 0.718919
right
85
gcm: 0.516483 1.00362 -1.47284
H: -10.2662 1.1039 -0.417142
L: 0.0168316 -0.0217954 0.720402
right
86
gcm: 0.516987 1.00307 -1.46176
H: -3.50037 0.739144 -2.20277
L: 0.0357664 -0.03908 0.786634
right
87
gcm: 0.517739 1.00257 -1.4504
H: -3.901 0.606742 -1.69266
L: 0.053424 -0.0355721 0.80605
right
88
gcm: 0.518563 1.00217 -1.43894
H: -2.74634 0.330256 -2.2508
L: 0.0585042 -0.0289645 0.813679
right
89
gcm: 0.51899 1.00218 -1.42774
H: -2.57685 0.255642 -1.62857
L: 0.0303089 0.000858716 0.795513
right
90
gcm: 0.51938 1.00153 -1.41665
H: -2.24145 0.472905 -1.43285
L: 0.0276969 -0.0461054 0.787667
right
91
gcm: 0.519702 0.999883 -1.40525
H: -1.34544 0.681222 -0.568914
L: 0.0228852 -0.116778 0.808992
right
92
gcm: 0.519673 0.998624 -1.39385
H: 0.383439 0.72858 0.635002
L: -0.00206827 -0.0894252 0.809276
right
93
gcm: 0.519422 0.997778 -1.38275
H: 1.92498 0.696769 1.2843
L: -0.0178472 -0.0600115 0.788333
right
94
gcm: 0.518958 0.996542 -1.37174
H: 2.66595 0.706801 1.93662
L: -0.0329056 -0.0878023 0.781698
right
95
gcm: 0.518448 0.995074 -1.36051
H: 3.28015 0.775822 2.08356
L: -0.0362259 -0.104204 0.797496
right
96
gcm: 0.517816 0.993479 -1.34913
H: 4.01777 0.732221 2.21653
L: -0.0448784 -0.113284 0.807657
right
97
gcm: 0.517246 0.991953 -1.33764
H: 4.46588 0.601109 1.9402
L: -0.0404469 -0.108306 0.816202
right
98
gcm: 0.51702 0.990047 -1.32599
H: 5.01643 0.685435 0.907695
L: -0.0160802 -0.135355 0.827007
right
99
gcm: 0.516833 0.987777 -1.31438
H: 6.24266 0.639964 0.695111
L: -0.0132528 -0.161159 0.823978
right
100
gcm: 0.516408 0.986063 -1.30244
H: 7.5354 0.520047 1.08875
L: -0.0301881 -0.121686 0.847794
right
101
gcm: 0.516017 0.985519 -1.29002
H: 7.42506 0.476375 1.18342
L: -0.0277356 -0.0386048 0.882112
right
102
gcm: 0.51552 0.98579 -1.27749
H: 6.99028 0.472133 1.46596
L: -0.0353182 0.0192583 0.889663
right
103
gcm: 0.514668 0.985367 -1.26517
H: 7.64978 0.601563 1.37732
L: -0.0605036 -0.0300722 0.874915
right
104
gcm: 0.513814 0.984467 -1.25302
H: 8.25626 0.509622 0.907508
L: -0.0605907 -0.0638993 0.862583
right
105
gcm: 0.512793 0.984072 -1.24074
H: 7.20778 0.423174 1.24074
L: -0.0725367 -0.0280232 0.871443
none 
106
gcm: 0.511578 0.984036 -1.22862
H: 5.33162 0.557822 0.929637
L: -0.0862389 -0.00256501 0.860869
none 
107
gcm: 0.510631 0.983924 -1.21682
H: 5.95616 0.646462 1.07327
L: -0.0672526 -0.00796547 0.837844
none 
108
gcm: 0.509983 0.982418 -1.20363
H: 14.0167 0.812587 0.834221
L: -0.0459681 -0.10694 0.936479
left
109
gcm: 0.509334 0.981387 -1.19091
H: 10.6919 0.619535 0.0519583
L: -0.0461353 -0.0732094 0.902816
left
110
gcm: 0.508798 0.981508 -1.17846
H: 9.5743 0.43424 -0.462912
L: -0.0380253 0.00863875 0.883749
left
111
gcm: 0.508897 0.981828 -1.16523
H: 10.9205 0.398932 -2.00158
L: 0.00702709 0.0226929 0.939314
left
112
gcm: 0.509754 0.982247 -1.15109
H: 10.8818 -0.0667654 -3.72069
L: 0.0608342 0.0297329 1.00443
left
113
gcm: 0.507895 0.984268 -1.1401
H: 6.64778 0.799783 2.62385
L: -0.131953 0.143495 0.780205
left
114
gcm: 0.506924 0.985902 -1.12861
H: 7.55599 0.897631 0.597131
L: -0.0689319 0.116001 0.815955
left
115
gcm: 0.506425 0.987196 -1.11703
H: 8.65772 1.00207 -0.539105
L: -0.035455 0.0918866 0.821991
left
116
gcm: 0.505711 0.988179 -1.10576
H: 7.33297 0.77104 0.151059
L: -0.0506688 0.0697979 0.800114
left
117
gcm: 0.504859 0.989052 -1.09492
H: 4.24051 0.289605 1.07967
L: -0.0604909 0.0619946 0.769719
left
118
gcm: 0.503769 0.989867 -1.08496
H: 2.06272 1.12655 1.42617
L: -0.0774485 0.0578495 0.70713
left
119
gcm: 0.503819 0.992189 -1.07254
H: 2.21041 -0.21294 -1.2132
L: 0.00357003 0.164849 0.881733
left
120
gcm: 0.503663 0.994347 -1.06067
H: -0.594913 -1.02535 -0.310581
L: -0.0110843 0.153285 0.842688
left
121
gcm: 0.503611 0.996198 -1.04965
H: 0.235997 -1.0997 -1.31872
L: -0.00368259 0.131405 0.782634
left
122
gcm: 0.50352 0.998484 -1.03869
H: 1.602 -0.490145 -1.21342
L: -0.00646758 0.162316 0.778297
left
123
gcm: 0.503334 1.00073 -1.02763
H: 0.85818 -0.492538 0.273477
L: -0.0132032 0.159366 0.785261
left
124
gcm: 0.503274 1.00316 -1.01656
H: -1.68693 -1.01116 0.430962
L: -0.00422473 0.172643 0.785398
left
125
gcm: 0.503339 1.00603 -1.00562
H: -2.50647 -1.45975 0.0464102
L: 0.00455066 0.203846 0.776815
left
126
gcm: 0.503346 1.00839 -0.994961
H: 0.0733678 -1.24828 -0.604164
L: 0.000561244 0.167776 0.75707
left
127
gcm: 0.503594 1.01056 -0.984236
H: 1.86404 -1.01066 -1.37228
L: 0.0175726 0.153462 0.761467
left
128
gcm: 0.50402 1.01199 -0.973734
H: -1.50465 -1.05684 -0.894519
L: 0.0302605 0.101802 0.745607
left
129
gcm: 0.504073 1.01338 -0.963323
H: -3.34985 -1.19066 0.259534
L: 0.00374483 0.0984691 0.739165
left
130
gcm: 0.503882 1.01526 -0.952838
H: -2.62434 -1.29439 0.465475
L: -0.0135489 0.133559 0.744456
left
131
gcm: 0.503937 1.0168 -0.942626
H: -3.86784 -1.68306 0.0707968
L: 0.00392372 0.10943 0.725058
left
132
gcm: 0.504216 1.01787 -0.932377
H: -5.67551 -2.04143 0.37395
L: 0.0197753 0.0761687 0.727668
left
133
gcm: 0.504382 1.01891 -0.92196
H: -1.12651 -1.35345 -1.14505
L: 0.0118288 0.0737373 0.739607
left
134
gcm: 0.504908 1.02024 -0.91081
H: -1.59875 -1.6707 -2.15206
L: 0.037314 0.0946761 0.791675
left
135
gcm: 0.50633 1.02167 -0.898328
H: -0.735269 -2.11547 -4.08485
L: 0.100989 0.101202 0.886213
left
136
gcm: 0.505194 1.0206 -0.890173
H: -6.08343 -0.878206 4.90689
L: -0.0806703 -0.0761599 0.578973
left
137
gcm: 0.504864 1.0205 -0.880536
H: -3.14854 -1.40858 1.56762
L: -0.0234463 -0.00660914 0.684227
left
138
gcm: 0.505014 1.02048 -0.870403
H: -1.73977 -1.27679 -0.392117
L: 0.0106505 -0.00169735 0.719475
left
139
gcm: 0.505185 1.02033 -0.860129
H: -2.40712 -1.40688 -0.568008
L: 0.0121645 -0.0107564 0.729417
left
140
gcm: 0.505353 1.02186 -0.849421
H: -5.56893 -1.70129 -0.0984304
L: 0.0118773 0.109094 0.760265
left
141
gcm: 0.505587 1.02389 -0.838999
H: -8.4209 -1.67215 0.192714
L: 0.0166432 0.144128 0.739987
left
142
gcm: 0.505836 1.02491 -0.828688
H: -7.71645 -1.67119 0.316573
L: 0.0176511 0.0719487 0.732056
left
143
gcm: 0.506101 1.02567 -0.818106
H: -6.44469 -1.80157 0.487336
L: 0.0188567 0.0540251 0.751352
left
144
gcm: 0.506364 1.02614 -0.807638
H: -5.38933 -1.79232 0.414679
L: 0.0186273 0.0331461 0.743221
left
145
gcm: 0.506468 1.02572 -0.797471
H: -4.97789 -1.55938 -0.0751234
L: 0.0074137 -0.0297157 0.721867
left
146
gcm: 0.506605 1.02595 -0.786905
H: -5.50752 -1.60319 -0.206146
L: 0.00973246 0.0164513 0.750176
left
147
gcm: 0.506978 1.0263 -0.776282
H: -6.82481 -1.88422 -0.132663
L: 0.026458 0.0250559 0.754213
left
148
gcm: 0.507446 1.02619 -0.766094
H: -8.13003 -1.9557 -0.811089
L: 0.0332499 -0.00766849 0.72335
left
149
gcm: 0.507918 1.02689 -0.755625
H: -6.70487 -1.67384 -1.09432
L: 0.0334918 0.0496976 0.743317
left
150
gcm: 0.50822 1.02754 -0.745152
H: -6.12223 -1.89801 -0.192172
L: 0.0214866 0.0460725 0.743612
left
151
gcm: 0.508296 1.02768 -0.734961
H: -7.14403 -1.87891 0.339489
L: 0.00534273 0.00996069 0.723562
left
152
gcm: 0.508319 1.02797 -0.724789
H: -7.42675 -1.65516 0.413453
L: 0.00164224 0.0206025 0.722217
left
153
gcm: 0.508655 1.02809 -0.714547
H: -7.0987 -1.47052 -0.307387
L: 0.0238915 0.00803576 0.727163
left
154
gcm: 0.509168 1.02759 -0.704161
H: -6.77342 -1.44531 -0.7251
L: 0.0363877 -0.0353741 0.737417
left
155
gcm: 0.509485 1.02686 -0.693765
H: -6.8104 -1.4032 0.138749
L: 0.0225148 -0.051607 0.738081
left
156
gcm: 0.510039 1.02688 -0.683357
H: -5.68836 -1.39329 0.114497
L: 0.0393526 0.00108307 0.738991
left
157
gcm: 0.510659 1.02705 -0.673081
H: -4.38831 -1.13453 0.360038
L: 0.0440208 0.0122579 0.729585
left
158
gcm: 0.511066 1.02724 -0.662966
H: -4.66509 -0.902853 0.527374
L: 0.0289238 0.0132885 0.718144
left
159
gcm: 0.511959 1.02678 -0.652429
H: -6.1107 -0.659352 0.130208
L: 0.0633362 -0.0323413 0.748158
left
160
gcm: 0.512734 1.02594 -0.642133
H: -3.68005 -0.715925 0.909037
L: 0.0550887 -0.0595119 0.730978
left
161
gcm: 0.513158 1.02493 -0.632071
H: -2.81902 -0.77085 1.33636
L: 0.030105 -0.0722489 0.714407
left
162
gcm: 0.513819 1.02423 -0.621309
H: 0.373501 -0.711565 0.432993
L: 0.0468674 -0.049607 0.764131
left
163
gcm: 0.514536 1.02328 -0.610201
H: 1.94322 -0.499402 0.155184
L: 0.0509464 -0.0669595 0.788673
left
164
gcm: 0.515307 1.02193 -0.599266
H: 2.29901 -0.547901 0.508166
L: 0.054757 -0.0963749 0.77638
left
165
gcm: 0.516448 1.02063 -0.588112
H: 3.08834 -0.755129 -0.159396
L: 0.0810014 -0.0919244 0.791926
left
166
gcm: 0.517654 1.01922 -0.576621
H: 4.04976 -0.875397 -0.738794
L: 0.0856249 -0.100173 0.815877
left
167
gcm: 0.518884 1.01729 -0.565358
H: 4.94879 -0.786442 -1.32173
L: 0.0873306 -0.137336 0.79965
left
168
gcm: 0.520071 1.01561 -0.554109
H: 7.95257 -0.707075 -1.28931
L: 0.0842391 -0.119176 0.798675
left
169
gcm: 0.521097 1.01423 -0.542452
H: 8.56436 -0.602045 0.742875
L: 0.0729047 -0.097544 0.827662
left
170
gcm: 0.522059 1.01395 -0.530471
H: 8.94407 -0.471933 1.29714
L: 0.0682997 -0.0198484 0.850684
left
171
gcm: 0.523276 1.01392 -0.518477
H: 8.56236 -0.347991 0.47171
L: 0.0863665 -0.00245591 0.851525
left
172
gcm: 0.524836 1.01365 -0.506758
H: 8.24773 -0.612477 -0.198928
L: 0.110797 -0.0192328 0.832095
none 
173
gcm: 0.526749 1.01335 -0.49506
H: 8.36926 -0.951277 -0.347213
L: 0.135781 -0.0210299 0.830564
none 
174
gcm: 0.52872 1.01231 -0.481729
H: 15.0562 -0.773343 -1.65361
L: 0.139966 -0.0740057 0.946485
right
175
gcm: 0.530281 1.01136 -0.469076
H: 12.2971 -0.821014 -0.742703
L: 0.110848 -0.0673311 0.898376
right
176
gcm: 0.531547 1.0105 -0.456614
H: 10.9427 -0.590468 0.457422
L: 0.089841 -0.0615303 0.884779
right
177
gcm: 0.532592 1.00998 -0.444285
H: 10.2751 -0.519184 1.07235
L: 0.074213 -0.0362643 0.875341
right
178
gcm: 0.533661 1.00945 -0.432581
H: 9.85582 -0.636883 0.835868
L: 0.0758983 -0.0376911 0.830968
right
179
gcm: 0.535105 1.00891 -0.420843
H: 9.7626 -0.532216 -0.204639
L: 0.102553 -0.0383005 0.833405
right
180
gcm: 0.53704 1.00914 -0.408798
H: 9.14507 -0.500286 -1.67381
L: 0.137339 0.0157188 0.85519
right
181
gcm: 0.539007 1.00989 -0.3971
H: 8.05867 -0.741599 -1.52253
L: 0.139709 0.0533197 0.830558
right
182
gcm: 0.540556 1.01128 -0.385471
H: 7.25437 -0.836432 -0.637708
L: 0.109923 0.0987265 0.825676
right
183
gcm: 0.542159 1.01323 -0.373713
H: 6.85771 -0.883544 -0.854035
L: 0.113803 0.138719 0.834837
right
184
gcm: 0.544053 1.01471 -0.362217
H: 6.26315 -0.757034 -1.21641
L: 0.134516 0.104855 0.816225
right
185
gcm: 0.545871 1.01576 -0.35098
H: 3.13324 0.511411 -2.71919
L: 0.129104 0.0744208 0.797816
right
186
gcm: 0.547023 1.01675 -0.340089
H: 2.44286 0.204856 -1.37958
L: 0.0817569 0.0709255 0.773227
right
187
gcm: 0.547963 1.0181 -0.329285
H: 2.08212 -0.0172363 0.147794
L: 0.0667083 0.0953024 0.767075
right
188
gcm: 0.549266 1.02044 -0.318387
H: 1.32982 0.293224 -0.585124
L: 0.0925403 0.166089 0.773817
right
189
gcm: 0.550025 1.0222 -0.307819
H: 1.57271 0.417865 0.551615
L: 0.0538665 0.125323 0.750314
right
190
gcm: 0.550359 1.02347 -0.297538
H: 1.37073 0.579988 1.7239
L: 0.0237589 0.0902466 0.729943
right
191
gcm: 0.550917 1.02608 -0.287091
H: -3.83374 2.00046 -0.161974
L: 0.0395996 0.185088 0.741747
right
192
gcm: 0.551396 1.02801 -0.27665
H: -1.51116 1.33947 0.844823
L: 0.0339893 0.1368 0.741285
right
193
gcm: 0.552205 1.02965 -0.266133
H: 0.706291 0.822632 -0.392383
L: 0.0574382 0.11657 0.74671
right
194
gcm: 0.553468 1.03166 -0.255194
H: -0.308556 0.921451 -2.01554
L: 0.0896614 0.142763 0.776697
right
195
gcm: 0.554285 1.0339 -0.244444
H: -0.929439 1.3849 -0.705007
L: 0.0580525 0.159299 0.763225
right
196
gcm: 0.554359 1.0357 -0.234805
H: -2.03612 1.64079 1.55448
L: 0.00523619 0.127664 0.684408
right
197
gcm: 0.554407 1.0367 -0.225833
H: -3.95832 1.8285 2.1932
L: 0.00338557 0.070723 0.636979
right
198
gcm: 0.555566 1.03829 -0.215159
H: -2.88642 1.38017 -0.910256
L: 0.0823043 0.113372 0.757847
right
199
gcm: 0.556033 1.03987 -0.204971
H: -2.4888 1.523 0.435301
L: 0.0331622 0.111726 0.723343
right
200
gcm: 0.556065 1.04099 -0.195306
H: -2.42884 1.76925 1.23129
L: 0.0022744 0.0797103 0.686251
right
201
gcm: 0.556384 1.04186 -0.185515
H: -3.35175 1.75476 0.6589
L: 0.022632 0.0614897 0.695153
right
202
gcm: 0.557066 1.04141 -0.175118
H: -3.70224 1.56631 -0.266691
L: 0.0484111 -0.0312977 0.73818
right
203
gcm: 0.557793 1.0413 -0.164607
H: -3.4429 1.59882 -0.74361
L: 0.0516822 -0.00799325 0.746279
right
204
gcm: 0.558091 1.04128 -0.154654
H: -3.14804 1.71249 0.213686
L: 0.0211136 -0.00153828 0.706666
right
205
gcm: 0.558299 1.04146 -0.144712
H: -3.84447 1.5926 1.10694
L: 0.014771 0.0128651 0.705865
right
206
gcm: 0.558663 1.04135 -0.134681
H: -5.04786 1.56833 0.633287
L: 0.025874 -0.00798254 0.712242
right
207
gcm: 0.559196 1.04079 -0.124457
H: -4.78133 1.47086 -0.770669
L: 0.0378119 -0.0393863 0.725889
right
208
gcm: 0.559863 1.04008 -0.113925
H: -4.55713 1.38305 -0.975737
L: 0.0473537 -0.0510253 0.747735
right
209
gcm: 0.56088 1.03923 -0.103284
H: -4.93101 1.31654 -1.13672
L: 0.0722187 -0.0598179 0.755548
right
210
gcm: 0.56234 1.03849 -0.0922862
H: -4.05206 1.03898 -2.30359
L: 0.103663 -0.0530596 0.780825
right
211
gcm: 0.562915 1.03815 -0.0816688
H: -4.84655 1.54843 0.0618882
L: 0.0408477 -0.0239469 0.753835
right
212
gcm: 0.562441 1.03733 -0.0719838
H: -6.65158 2.11155 2.67011
L: -0.0336836 -0.0581336 0.687638
right
213
gcm: 0.562441 1.03694 -0.0618936
H: -6.95357 1.77453 1.16944
L: -2.74332e-05 -0.0273902 0.716404
right
214
gcm: 0.56296 1.03776 -0.0514047
H: -7.38068 1.56831 0.0476291
L: 0.0368806 0.0575938 0.74471
right
215
gcm: 0.563493 1.03745 -0.0410981
H: -7.42478 1.36085 0.0115544
L: 0.0378732 -0.021376 0.731767
right
216
gcm: 0.563511 1.03686 -0.0307118
H: -7.13925 1.45364 0.724174
L: 0.00122344 -0.0421361 0.737427
right
217
gcm: 0.562865 1.03765 -0.0208987
H: -8.04812 1.85558 2.17434
L: -0.0458755 0.0561795 0.696736
right
218
gcm: 0.562649 1.03837 -0.0110113
H: -8.97181 1.59201 1.06617
L: -0.0153279 0.0507714 0.702003
right
219
gcm: 0.563011 1.03799 -0.000371044
H: -8.00478 1.41511 -0.0248142
L: 0.0257522 -0.0266772 0.755457
right
220
gcm: 0.563358 1.03725 0.00990398
H: -8.16528 1.22362 -0.0298681
L: 0.0246085 -0.0528089 0.729527
right
221
gcm: 0.563447 1.03706 0.0197464
H: -8.89864 1.08306 -0.135771
L: 0.00631772 -0.0135917 0.698812
right
222
gcm: 0.563414 1.03682 0.0298058
H: -8.18285 1.23234 -0.130229
L: -0.00231024 -0.0171063 0.714219
right
223
gcm: 0.563485 1.03591 0.0399585
H: -8.11667 1.13302 -0.241428
L: 0.00501277 -0.0640613 0.720844
right
224
gcm: 0.563679 1.03583 0.049517
H: -10.927 0.804015 -0.748203
L: 0.0137891 -0.00585421 0.67865
right
225
gcm: 0.563991 1.036 0.0603573
H: -4.58657 0.80921 -0.616586
L: 0.0221189 0.0118652 0.769663
right
226
gcm: 0.563955 1.03565 0.0711421
H: -3.95651 0.869781 -0.604181
L: -0.00253575 -0.0249667 0.76572
right
227
gcm: 0.563846 1.03544 0.0818064
H: -3.18894 0.66595 -0.938082
L: -0.00773788 -0.0143798 0.757164
right
228
gcm: 0.563975 1.03521 0.0926192
H: -3.58391 0.406635 -1.5596
L: 0.00916114 -0.0163801 0.767709
right
229
gcm: 0.56398 1.03409 0.103793
H: -3.37227 0.332936 -1.11166
L: 0.000350635 -0.0797069 0.793336
right
230
gcm: 0.563829 1.03241 0.1148
H: -2.19809 0.256075 -0.402501
L: -0.0106912 -0.119151 0.781484
right
231
gcm: 0.563677 1.03092 0.125594
H: -0.486713 0.447784 -0.159858
L: -0.0108189 -0.105934 0.766364
right
232
gcm: 0.56323 1.02961 0.136637
H: 1.58068 0.739524 0.844162
L: -0.0317516 -0.0928922 0.784087
right
233
gcm: 0.562516 1.02814 0.147612
H: 3.5407 0.614612 1.1953
L: -0.0506805 -0.104832 0.779244
right
234
gcm: 0.561739 1.02656 0.158464
H: 3.98579 0.599435 1.12459
L: -0.055183 -0.111844 0.770499
right
235
gcm: 0.560733 1.0255 0.169628
H: 3.91325 0.825897 2.46782
L: -0.0714056 -0.0749987 0.792622
right
236
gcm: 0.559781 1.02423 0.180819
H: 4.75447 0.661818 2.4326
L: -0.0676006 -0.0902005 0.794518
right
237
gcm: 0.558829 1.02165 0.191666
H: 5.31379 0.201347 1.05688
L: -0.067561 -0.18367 0.770197
right
238
gcm: 0.557572 1.01925 0.202458
H: 7.09245 0.364177 1.33589
L: -0.0892959 -0.170187 0.766212
right
239
gcm: 0.556556 1.01808 0.213914
H: 8.45384 0.818951 1.54937
L: -0.0721333 -0.0832487 0.813385
right
240
gcm: 0.555326 1.01795 0.225948
H: 5.38775 0.718424 1.6116
L: -0.0872878 -0.00895325 0.854402
right
241
gcm: 0.553658 1.0184 0.237808
H: 3.64588 0.566149 1.69098
L: -0.118475 0.0319053 0.842048
right
242
gcm: 0.552345 1.018 0.249302
H: 6.23211 0.570923 1.13159
L: -0.0931972 -0.0287322 0.816109
right
243
gcm: 0.551172 1.01729 0.260963
H: 5.66487 0.370142 0.424121
L: -0.0832621 -0.0504339 0.827919
right
244
gcm: 0.550216 1.01781 0.272493
H: 6.57118 0.17652 -0.95885
L: -0.0679024 0.0373219 0.818628
none 
245
gcm: 0.549379 1.01888 0.28395
H: 7.15113 0.748788 -0.64781
L: -0.0593889 0.0759785 0.813459
none 
246
gcm: 0.548045 1.01838 0.296928
H: 15.3641 1.29058 1.19704
L: -0.0947761 -0.0354068 0.921445
none 
247
gcm: 0.546954 1.0181 0.309403
H: 14.8788 1.28075 -0.44964
L: -0.0774028 -0.0200323 0.885672
left
248
gcm: 0.545832 1.01844 0.321264
H: 12.5006 1.02931 -1.05777
L: -0.0797202 0.0241374 0.842171
left
249
gcm: 0.544688 1.01923 0.333149
H: 10.9812 0.707926 -0.506759
L: -0.0812259 0.0564022 0.84381
left
250
gcm: 0.543479 1.02043 0.345028
H: 9.49615 0.620102 0.271257
L: -0.0858029 0.0850486 0.84341
left
251
gcm: 0.542022 1.02189 0.356716
H: 8.70459 0.982149 1.02275
L: -0.103419 0.103471 0.829868
left
252
gcm: 0.540795 1.02358 0.368535
H: 7.70794 0.763441 1.05234
L: -0.0871713 0.11975 0.839149
left
253
gcm: 0.539721 1.02574 0.380216
H: 5.73618 0.257906 0.850109
L: -0.0762702 0.153848 0.829366
left
254
gcm: 0.538749 1.0281 0.391642
H: 3.76231 -0.14884 0.696261
L: -0.0689973 0.167422 0.811201
left
255
gcm: 0.537843 1.03029 0.402934
H: 2.74236 -0.326275 0.21889
L: -0.0643121 0.155071 0.801735
left
256
gcm: 0.536588 1.03323 0.414366
H: 3.65702 0.423138 -0.160423
L: -0.0891241 0.209029 0.811681
left
257
gcm: 0.535496 1.03552 0.425259
H: 3.47058 0.410039 0.479479
L: -0.0774844 0.162511 0.773436
left
258
gcm: 0.535195 1.03616 0.43517
H: -0.658618 -1.12031 0.58752
L: -0.021374 0.0454038 0.703652
left
259
gcm: 0.534579 1.03728 0.446333
H: -3.48838 -1.57418 2.25562
L: -0.043763 0.0797571 0.79255
left
260
gcm: 0.534355 1.03916 0.458006
H: 0.932304 -0.702405 -0.627628
L: -0.0158835 0.133122 0.828802
left
261
gcm: 0.534168 1.04085 0.468225
H: 5.86805 0.00448889 -4.44829
L: -0.0132958 0.120366 0.725541
left
262
gcm: 0.533571 1.04154 0.477906
H: -2.12561 -1.15632 -0.62634
L: -0.0423943 0.0491209 0.68734
left
263
gcm: 0.533021 1.04274 0.488193
H: -6.03795 -1.92874 1.97319
L: -0.0390668 0.0846415 0.730416
left
264
gcm: 0.532937 1.04567 0.500312
H: -1.41671 -1.67111 -0.344492
L: -0.00590974 0.208294 0.860461
left
265
gcm: 0.532634 1.04717 0.510735
H: -0.175047 -1.31198 -1.90348
L: -0.0215036 0.10675 0.74003
left
266
gcm: 0.532645 1.04887 0.521119
H: 2.09662 -0.753246 -3.49001
L: 0.000721577 0.120547 0.737255
left
267
gcm: 0.532479 1.04986 0.531604
H: -5.72869 -2.04145 0.657279
L: -0.0117903 0.0699744 0.744447
left
268
gcm: 0.532159 1.04995 0.541829
H: -2.71294 -1.58022 0.297361
L: -0.0227055 0.00639937 0.725975
left
269
gcm: 0.532098 1.04987 0.552138
H: -1.84936 -1.56493 -0.965621
L: -0.0043337 -0.00567644 0.731876
left
270
gcm: 0.531871 1.04986 0.563005
H: -1.07533 -1.39463 -0.355662
L: -0.0161322 -0.000185879 0.771597
left
271
gcm: 0.531796 1.05039 0.573597
H: -2.24971 -1.44313 -0.334662
L: -0.0053077 0.0371686 0.752058
left
272
gcm: 0.531919 1.05069 0.58373
H: -4.48797 -1.82218 -0.97538
L: 0.00872694 0.0216914 0.719422
left
273
gcm: 0.531231 1.04994 0.594494
H: -4.00412 -1.5579 1.34697
L: -0.0488124 -0.0535772 0.764195
left
274
gcm: 0.531254 1.04977 0.605088
H: -3.86498 -1.63679 -0.16685
L: 0.00163634 -0.0120102 0.752228
left
275
gcm: 0.531112 1.04921 0.615686
H: -4.03447 -1.55956 0.494736
L: -0.0100808 -0.0394042 0.752471
left
276
gcm: 0.530827 1.04749 0.625784
H: -4.8461 -1.63562 1.37912
L: -0.020271 -0.122641 0.716908
left
277
gcm: 0.530531 1.04496 0.634798
H: -4.00458 -1.31907 0.303826
L: -0.0209916 -0.179726 0.639995
left
278
gcm: 0.530828 1.04577 0.64661
H: -4.87133 -1.71282 -1.26798
L: 0.0210463 0.0575713 0.838654
left
279
gcm: 0.531427 1.04627 0.658126
H: -4.40528 -1.96167 -1.5422
L: 0.0425388 0.0359379 0.817666
left
280
gcm: 0.531372 1.04574 0.668927
H: -4.58115 -1.54709 0.825521
L: -0.00388574 -0.0377143 0.766858
left
281
gcm: 0.531081 1.04526 0.679437
H: -5.90289 -1.50564 1.13184
L: -0.0206346 -0.0337964 0.746225
left
282
gcm: 0.531784 1.04542 0.689928
H: -4.65571 -1.96413 -2.10818
L: 0.0499027 0.0108823 0.744835
left
283
gcm: 0.532427 1.04594 0.700235
H: -4.41232 -1.79291 -1.94919
L: 0.0456189 0.0372185 0.731786
left
284
gcm: 0.532499 1.04659 0.710553
H: -6.93118 -1.63946 -0.227522
L: 0.00516435 0.0456486 0.732581
left
285
gcm: 0.532885 1.04719 0.72103
H: -8.13683 -1.97298 -0.538058
L: 0.0274017 0.0428264 0.743861
left
286
gcm: 0.533171 1.04789 0.731607
H: -8.31748 -1.85632 -0.470986
L: 0.0202624 0.0497722 0.750979
left
287
gcm: 0.533253 1.04765 0.742275
H: -8.03514 -1.51971 -0.486601
L: 0.0058253 -0.0168141 0.757405
left
288
gcm: 0.533381 1.04641 0.752627
H: -7.06391 -1.60922 0.178395
L: 0.00910475 -0.0884413 0.734995
left
289
gcm: 0.533501 1.04527 0.762391
H: -7.26837 -1.90312 0.85404
L: 0.00852294 -0.0808794 0.693308
left
290
gcm: 0.534046 1.04509 0.772577
H: -7.92983 -1.80172 -0.508561
L: 0.0387072 -0.0123907 0.723186
left
291
gcm: 0.534708 1.04578 0.783798
H: -7.41245 -1.35673 -0.72569
L: 0.0469671 0.0484511 0.796645
left
292
gcm: 0.534886 1.04607 0.794637
H: -7.54917 -1.33692 0.466472
L: 0.0126702 0.0211385 0.769571
left
293
gcm: 0.534953 1.04617 0.804687
H: -7.90234 -1.40278 0.958527
L: 0.00474203 0.00697384 0.713557
left
294
gcm: 0.535591 1.04699 0.814862
H: -6.62925 -1.2489 0.318615
L: 0.0453072 0.0579018 0.72247
left
295
gcm: 0.536539 1.04748 0.825248
H: -4.93674 -0.964034 -0.189742
L: 0.0672876 0.0350079 0.737369
left
296
gcm: 0.536882 1.04737 0.835592
H: -3.92744 -0.768555 2.03943
L: 0.0243736 -0.00754889 0.734446
left
297
gcm: 0.536893 1.04709 0.845708
H: -5.22232 -0.391324 3.26263
L: 0.000774062 -0.0203747 0.718266
left
298
gcm: 0.537146 1.04676 0.856502
H: -0.194803 -0.357426 1.32647
L: 0.0179845 -0.0231028 0.766352
left
299
gcm: 0.538103 1.04641 0.867267
H: 1.44616 -0.683816 -0.320589
L: 0.0678895 -0.0250532 0.764274
left
300
gcm: 0.539139 1.04551 0.878498
H: 2.88249 -0.642585 -0.429688
L: 0.0736102 -0.0636957 0.79744
left
301
gcm: 0.539764 1.04426 0.88968
H: 2.74117 -0.561591 0.549943
L: 0.0443813 -0.0886135 0.793912
left
302
gcm: 0.540695 1.04322 0.900696
H: 2.58742 -0.692534 -0.78952
L: 0.0660932 -0.0743382 0.782126
left
303
gcm: 0.541929 1.04211 0.912131
H: 4.24326 -0.674304 -1.97529
L: 0.0876291 -0.0783901 0.811883
left
304
gcm: 0.543094 1.04044 0.923694
H: 5.02304 -0.884552 -1.26755
L: 0.082657 -0.118951 0.82097
left
305
gcm: 0.544576 1.03792 0.935209
H: 5.61459 -0.943672 -1.36596
L: 0.105276 -0.178525 0.817615
left
306
gcm: 0.546333 1.03727 0.946676
H: 7.11716 -0.687347 -1.55514
L: 0.124732 -0.0461887 0.814143
left
307
gcm: 0.547702 1.03882 0.95804
H: 7.46521 -0.810905 -0.945687
L: 0.0971672 0.109736 0.806798
left
308
gcm: 0.548708 1.0394 0.97026
H: 7.59527 -0.906706 -0.316267
L: 0.0714638 0.0413342 0.867635
left
309
gcm: 0.550128 1.03894 0.982921
H: 7.94832 -0.755474 -0.163597
L: 0.100803 -0.0327534 0.898948
left
310
gcm: 0.551939 1.03766 0.994688
H: 6.17625 -0.390293 -0.79064
L: 0.128543 -0.0906006 0.835435
left
311
gcm: 0.553483 1.03779 1.00643
H: 5.87676 -0.207242 -0.748193
L: 0.109627 0.00878415 0.833363
none 
312
gcm: 0.554933 1.03764 1.01969
H: 13.0991 -0.344907 -0.55849
L: 0.102981 -0.010445 0.941466
none 
313
gcm: 0.556543 1.03722 1.03238
H: 12.7188 -0.82274 -0.0950497
L: 0.114314 -0.029695 0.901311
none 
314
gcm: 0.557951 1.03631 1.04447
H: 10.9123 -0.827335 0.417098
L: 0.0999537 -0.0646653 0.8583
right
315
gcm: 0.559235 1.0357 1.05664
H: 11.3264 -0.547541 0.201634
L: 0.0911846 -0.0431885 0.8644
right
316
gcm: 0.560832 1.03625 1.06879
H: 11.2291 -0.593105 -0.670842
L: 0.113345 0.038866 0.862128
right
317
gcm: 0.562588 1.0373 1.08105
H: 9.69179 -0.654244 -1.53945
L: 0.124679 0.0744194 0.870517
right
318
gcm: 0.564302 1.03824 1.09318
H: 9.72273 -0.919035 -1.17813
L: 0.121759 0.06677 0.861482
right
319
gcm: 0.566299 1.0395 1.10505
H: 9.11224 -0.988346 -0.563723
L: 0.14177 0.0896 0.842544
right
320
gcm: 0.568572 1.04132 1.11669
H: 6.67825 -0.760198 -1.32535
L: 0.161399 0.129323 0.82637
right
321
gcm: 0.570544 1.04331 1.12784
H: 6.91813 -1.15014 -1.29307
L: 0.139959 0.141242 0.791619
right
322
gcm: 0.572301 1.04498 1.13884
H: 5.59859 -0.530452 -2.23421
L: 0.124742 0.118375 0.781418
right
323
gcm: 0.573851 1.04524 1.14968
H: 4.33114 -0.104852 -2.39082
L: 0.110096 0.0187322 0.769436
right
324
gcm: 0.575029 1.04728 1.16107
H: 1.55965 0.553404 -1.04046
L: 0.0836312 0.144889 0.808786
right
325
gcm: 0.576118 1.04887 1.17202
H: 1.72248 0.318156 0.184132
L: 0.0772764 0.11291 0.777739
right
326
gcm: 0.577137 1.05047 1.18294
H: 2.79164 0.0255733 0.0972238
L: 0.0724068 0.11327 0.775355
right
327
gcm: 0.578046 1.05286 1.19441
H: 2.78981 0.314888 -0.00615456
L: 0.0645304 0.17011 0.814083
right
328
gcm: 0.578659 1.05471 1.20498
H: -0.0789005 0.953488 1.46303
L: 0.0434659 0.130824 0.750169
right
329
gcm: 0.578529 1.05645 1.2135
H: -2.01353 1.15714 4.01966
L: -0.00917978 0.124115 0.605324
right
330
gcm: 0.579843 1.06035 1.2269
H: 2.28148 1.09724 -1.2315
L: 0.0933098 0.276649 0.951087
right
331
gcm: 0.579246 1.06055 1.23374
H: -4.25234 1.38843 4.9386
L: -0.0424059 0.014289 0.485562
right
332
gcm: 0.58127 1.06342 1.24816
H: 1.77543 0.435501 -4.08883
L: 0.143682 0.203711 1.02407
right
333
gcm: 0.581645 1.06487 1.25887
H: -2.30337 1.21413 0.544215
L: 0.0266529 0.102928 0.76018
right
334
gcm: 0.582332 1.06603 1.26912
H: -3.67243 1.54765 0.515337
L: 0.0487276 0.0821185 0.72832
right
335
gcm: 0.583459 1.06703 1.2791
H: -2.09416 1.35479 -0.652033
L: 0.080054 0.0710609 0.708595
right
336
gcm: 0.584416 1.06756 1.28891
H: -0.612575 1.14542 -1.9907
L: 0.0679087 0.0375293 0.696318
right
337
gcm: 0.585183 1.06813 1.29934
H: -5.02685 1.64539 0.897051
L: 0.054472 0.0407746 0.740576
right
338
gcm: 0.586003 1.06878 1.30954
H: -3.44987 1.6934 -0.361784
L: 0.0582425 0.0461483 0.723953
right
339
gcm: 0.586344 1.06937 1.31938
H: -2.51322 1.80996 -0.419798
L: 0.0242241 0.0419019 0.698575
right
340
gcm: 0.586573 1.06948 1.32994
H: -5.06118 1.95429 2.26717
L: 0.0162094 0.00793221 0.749698
right
341
gcm: 0.587207 1.06844 1.34067
H: -1.05626 1.51567 -0.225744
L: 0.0450125 -0.0737322 0.762045
right
342
gcm: 0.587879 1.06832 1.35131
H: -3.73456 1.50313 -0.0939116
L: 0.0477238 -0.00910996 0.75548
right
343
gcm: 0.587133 1.06799 1.36218
H: -3.55803 1.90275 3.01229
L: -0.0529279 -0.0230643 0.771837
right
344
gcm: 0.590172 1.06674 1.37158
H: -6.41926 0.456933 -6.08518
L: 0.215764 -0.0891012 0.667582
right
345
gcm: 0.590332 1.06571 1.382
H: -1.4182 2.03507 2.21065
L: 0.0113159 -0.0726366 0.739689
right
346
gcm: 0.59042 1.06472 1.39336
H: -4.25662 1.93052 1.89911
L: 0.00627288 -0.0703803 0.806579
right
347
gcm: 0.590457 1.06393 1.40381
H: -4.52034 1.39197 1.43925
L: 0.00265551 -0.0562119 0.742059
right
348
gcm: 0.590775 1.06341 1.41477
H: -5.56798 1.55004 0.631388
L: 0.0225434 -0.0369274 0.77777
right
349
gcm: 0.59091 1.06282 1.42598
H: -4.63473 1.65918 0.949418
L: 0.00962944 -0.0422096 0.79585
right
350
gcm: 0.592454 1.06216 1.43669
H: -6.47317 1.08964 -1.51713
L: 0.109563 -0.0467777 0.760192
right
351
gcm: 0.593618 1.06162 1.44795
H: -5.7562 1.01195 -1.64552
L: 0.0826763 -0.0383798 0.800042
right
352
gcm: 0.593075 1.06145 1.4569
H: -8.20477 1.86245 3.03681
L: -0.0385565 -0.0119821 0.635369
right
353
gcm: 0.593136 1.06155 1.46724
H: -7.28752 1.46886 1.08965
L: 0.00432144 0.00731951 0.734255
right
354
gcm: 0.594436 1.06069 1.4778
H: -8.19561 1.00961 -1.99828
L: 0.0923431 -0.0612312 0.749355
right
355
gcm: 0.593728 1.06003 1.48911
H: -8.77779 1.90022 2.25756
L: -0.0502817 -0.0469732 0.803361
right
356
gcm: 0.594843 1.06088 1.49954
H: -9.1234 1.52327 -0.576258
L: 0.0791268 0.0604961 0.740212
right
357
gcm: 0.595506 1.06113 1.50965
H: -8.3553 1.07635 -0.312668
L: 0.0470907 0.0179552 0.717611
right
358
gcm: 0.596084 1.06059 1.51972
H: -9.27431 1.1992 -1.10151
L: 0.0410724 -0.0387286 0.715539
right
359
gcm: 0.596236 1.05996 1.53023
H: -9.89899 1.31152 0.0461002
L: 0.0107822 -0.0447342 0.746023
right
360
gcm: 0.596456 1.05949 1.54079
H: -9.62233 1.04244 -0.4721
L: 0.0156255 -0.0328086 0.749382
right
361
gcm: 0.597003 1.05934 1.55039
H: -11.6438 0.629812 -2.01916
L: 0.0388245 -0.0106125 0.681891
right
362
gcm: 0.597551 1.05912 1.56082
H: -7.04205 0.626263 -1.40388
L: 0.038893 -0.01595 0.740783
right
363
gcm: 0.597954 1.05894 1.57208
H: -4.09939 0.553717 -1.71414
L: 0.028601 -0.0127686 0.799089
right
364
gcm: 0.598354 1.05931 1.58357
H: -3.09559 0.0863085 -3.35943
L: 0.0283777 0.0262771 0.815841
right
365
gcm: 0.598788 1.05844 1.59464
H: -3.61649 -0.0253939 -2.96437
L: 0.0308287 -0.0615163 0.785934
right
366
gcm: 0.598687 1.05737 1.60555
H: -0.483019 0.809925 0.0226437
L: -0.00715931 -0.0764256 0.774857
right
367
gcm: 0.598262 1.05639 1.61723
H: -2.35742 0.889506 0.775403
L: -0.0301862 -0.0690574 0.828888
right
368
gcm: 0.598301 1.05552 1.62802
H: 2.74188 0.654064 0.675942
L: 0.00279814 -0.0622015 0.766321
right
369
gcm: 0.598624 1.05441 1.63946
H: 1.89862 0.531272 0.136439
L: 0.0229054 -0.078606 0.812075
right
370
gcm: 0.598516 1.05212 1.65072
H: 1.50276 0.591958 0.176588
L: -0.00768522 -0.162843 0.799586
right
371
gcm: 0.597264 1.04857 1.66139
H: 2.67289 1.38749 3.57189
L: -0.0888372 -0.251636 0.757968
right
372
gcm: 0.596165 1.04664 1.67179
H: 4.24067 1.34815 4.66852
L: -0.0780354 -0.137665 0.73772
right
373
gcm: 0.596358 1.04413 1.6826
H: 4.53525 0.75597 0.809062
L: 0.0136684 -0.178125 0.767597
right
374
gcm: 0.596353 1.04208 1.69363
H: 5.41748 0.672098 1.09278
L: -0.000356171 -0.145633 0.783507
right
375
gcm: 0.595638 1.04072 1.7048
H: 7.78823 0.737681 2.07599
L: -0.0507672 -0.0961877 0.79321
right
376
gcm: 0.595049 1.03892 1.7172
H: 6.63405 0.801367 1.11679
L: -0.0418165 -0.128024 0.879978
right
377
gcm: 0.594217 1.03794 1.72941
H: 6.73872 0.875396 2.21195
L: -0.0590543 -0.0694389 0.867385
right
378
gcm: 0.593005 1.03827 1.7413
H: 6.19465 0.627351 2.26191
L: -0.0860665 0.0232382 0.843683
right
379
gcm: 0.590839 1.03798 1.75383
H: 4.34726 0.64091 3.39598
L: -0.153777 -0.0202001 0.890054
right
380
gcm: 0.591516 1.03723 1.76432
H: 9.18051 0.506743 -2.27253
L: 0.0481084 -0.0531998 0.744712
right
381
gcm: 0.59188 1.03661 1.77584
H: 7.28852 0.264885 -1.47845
L: 0.0258163 -0.0440681 0.817991
left
382
gcm: 0.591013 1.03668 1.78737
H: 6.98245 0.636969 0.758437
L: -0.0615624 0.0044782 0.81873
none 
383
gcm: 0.589706 1.03714 1.79907
H: 8.64891 1.02431 0.453097
L: -0.0927807 0.0331109 0.830316
none 
384
gcm: 0.589097 1.03591 1.81134
H: 20.9441 1.63744 0.26921
L: -0.0432278 -0.0874872 0.871032
left
385
gcm: 0.588829 1.03546 1.82477
H: 10.3933 0.621298 -0.277454
L: -0.0190377 -0.031699 0.953803
left
386
gcm: 0.588291 1.03518 1.83703
H: 10.0451 0.706713 -0.858283
L: -0.0381926 -0.0202639 0.870644
left
387
gcm: 0.587401 1.03577 1.84891
H: 13.8219 2.0362 -1.85081
L: -0.0632424 0.0424168 0.842999
left
388
gcm: 0.586194 1.03711 1.85987
H: 11.3504 1.08862 2.14314
L: -0.085685 0.0944472 0.778077
left
389
gcm: 0.585278 1.03807 1.87108
H: 7.67148 0.533493 1.45899
L: -0.0650096 0.0683437 0.796052
left
390
gcm: 0.584601 1.03979 1.88431
H: 2.56817 0.169958 -0.412501
L: -0.0481042 0.122637 0.939315
left
391
gcm: 0.583912 1.04166 1.89524
H: 10.3708 1.02436 1.44661
L: -0.0489156 0.132715 0.776058
left
392
gcm: 0.58363 1.04351 1.90608
H: 6.07697 0.56786 0.621609
L: -0.0199889 0.13093 0.769603
left
393
gcm: 0.583414 1.04504 1.91772
H: 0.736617 -0.0173126 -0.771127
L: -0.0153168 0.108657 0.826595
left
394
gcm: 0.583023 1.04651 1.92856
H: 4.00475 0.223548 0.174263
L: -0.0277622 0.10438 0.769601
left
395
gcm: 0.582413 1.04854 1.93993
H: 3.86215 0.60695 0.360338
L: -0.043331 0.144416 0.8072
left
396
gcm: 0.58185 1.05004 1.95016
H: 2.56453 -0.118904 2.26428
L: -0.0399638 0.106585 0.726205
left
397
gcm: 0.581508 1.05196 1.96101
H: -1.48531 -0.541388 0.273947
L: -0.0243274 0.136041 0.770903
left
398
gcm: 0.581449 1.05429 1.97291
H: -5.44133 -1.01013 -1.26125
L: -0.00413132 0.165611 0.844583
left
399
gcm: 0.581385 1.05624 1.98265
H: 2.32302 -0.7638 -0.138854
L: -0.00453941 0.13851 0.691746
left
400
gcm: 0.581352 1.05775 1.99231
H: -1.73146 -1.31944 0.369065
L: -0.00240278 0.106989 0.685977
left
401
gcm: 0.582529 1.06082 2.00563
H: -3.37154 -2.17949 -4.15629
L: 0.0835874 0.218079 0.945087
left
402
gcm: 0.583653 1.06302 2.0172
H: 3.36618 -1.97762 -4.50621
L: 0.0798192 0.15642 0.821478
left
403
gcm: 0.584295 1.06515 2.02849
H: -2.24841 -1.60309 -2.55599
L: 0.0455918 0.150765 0.802178
left
404
gcm: 0.583336 1.0658 2.03752
H: -9.9992 -1.51479 3.37413
L: -0.0680883 0.0465021 0.641061
left
405
gcm: 0.582641 1.06602 2.04652
H: -3.7241 -1.02304 3.67268
L: -0.0493387 0.0152946 0.639074
left
406
gcm: 0.582883 1.06716 2.05683
H: -1.96743 -1.59372 -1.43445
L: 0.017147 0.081253 0.731498
left
407
gcm: 0.582855 1.06825 2.06786
H: -0.534453 -1.34996 0.232818
L: -0.0019818 0.0774174 0.783413
left
408
gcm: 0.582517 1.06761 2.0775
H: -2.88407 -0.817296 2.18209
L: -0.0239645 -0.0455467 0.684705
left
409
gcm: 0.582273 1.06326 2.0828
H: -6.77384 -2.20085 2.85808
L: -0.0173733 -0.308698 0.376323
left
410
gcm: 0.582581 1.06562 2.09482
H: -1.78866 -1.99886 -0.19064
L: 0.02188 0.167026 0.853091
left
411
gcm: 0.582388 1.06726 2.10648
H: -6.47692 -1.8366 0.330526
L: -0.01372 0.116764 0.828189
left
412
gcm: 0.581334 1.06647 2.11518
H: -1.55653 -1.25917 3.93772
L: -0.0748229 -0.056315 0.617522
left
413
gcm: 0.581999 1.06638 2.12586
H: -1.82907 -2.19908 -2.81227
L: 0.0472308 -0.00603617 0.758316
left
414
gcm: 0.581949 1.06665 2.13804
H: -4.93178 -1.78989 -0.970701
L: -0.00352756 0.0186345 0.864609
left
415
gcm: 0.582201 1.06456 2.14579
H: -7.42287 -1.30151 1.4767
L: 0.0178563 -0.147975 0.549969
left
416
gcm: 0.584332 1.06858 2.15848
H: -3.53101 -2.75506 -7.02364
L: 0.151343 0.285005 0.901482
left
417
gcm: 0.584332 1.06858 2.15848
H: 0 0 0
L: 0 0 0
none 
418
gcm: 0.584332 1.06858 2.15848
H: 0 0 0
L: 0 0 0
none 
419
gcm: 0.584332 1.06858 2.15848
H: 0 0 0
L: 0 0 0
none 
420
gcm: 0.584332 1.06858 2.15848
H: 0 0 0
L: 0 0 0
none 
421
gcm: 0.584332 1.06858 2.15848
H: 0 0 0
L: 0 0 0
none 
422
gcm: 0.584332 1.06858 2.15848
H: 0 0 0
L: 0 0 0
none 
423
gcm: 0.584332 1.06858 2.15848
H: 0 0 0
L: 0 0 0
none 
424
gcm: 0.584332 1.06858 2.15848
H: 0 0 0
L: 0 0 0
none 
425
gcm: 0.584332 1.06858 2.15848
H: 0 0 0
L: 0 0 0
none 
426
gcm: 0.584332 1.06858 2.15848
H: 0 0 0
L: 0 0 0
none 
427
gcm: 0.584332 1.06858 2.15848
H: 0 0 0
L: 0 0 0
none 
428
gcm: 0.584332 1.06858 2.15848
H: 0 0 0
L: 0 0 0
none 
429
gcm: 0.584332 1.06858 2.15848
H: 0 0 0
L: 0 0 0
none 
430
gcm: 0.584332 1.06858 2.15848
H: 0 0 0
L: 0 0 0
none 
431
gcm: 0.584332 1.06858 2.15848
H: 0 0 0
L: 0 0 0
none 
432
gcm: 0.584332 1.06858 2.15848
H: 0 0 0
L: 0 0 0
none 
433
gcm: 0.584332 1.06858 2.15848
H: 0 0 0
L: 0 0 0
none 
434
gcm: 0.584332 1.06858 2.15848
H: 0 0 0
L: 0 0 0
none 
435
gcm: 0.584332 1.06858 2.15848
H: 0 0 0
L: 0 0 0
none 
436
gcm: 0.584332 1.06858 2.15848
H: 0 0 0
L: 0 0 0
none 
437
gcm: 0.584332 1.06858 2.15848
H: 0 0 0
L: 0 0 0
none 
438
gcm: 0.584332 1.06858 2.15848
H: 0 0 0
L: 0 0 0
none 
439
gcm: 0.584332 1.06858 2.15848
H: 0 0 0
L: 0 0 0
none 
440
gcm: 0.584332 1.06858 2.15848
H: 0 0 0
L: 0 0 0
none 
441
gcm: 0.584332 1.06858 2.15848
H: 0 0 0
L: 0 0 0
none 
442
gcm: 0.584332 1.06858 2.15848
H: 0 0 0
L: 0 0 0
none 
443
gcm: 0.584332 1.06858 2.15848
H: 0 0 0
L: 0 0 0
none 
444
gcm: 0.584332 1.06858 2.15848
H: 0 0 0
L: 0 0 0
none 
445
gcm: 0.584332 1.06858 2.15848
H: 0 0 0
L: 0 0 0
none 
446
gcm: 0.584332 1.06858 2.15848
H: 0 0 0
L: 0 0 0
none 
447
gcm: 0.584332 1.06858 2.15848
H: 0 0 0
L: 0 0 0
none 
448
gcm: 0.584332 1.06858 2.15848
H: 0 0 0
L: 0 0 0
none 
449
gcm: 0.584332 1.06858 2.15848
H: 0 0 0
L: 0 0 0
none 
450
gcm: 0.584332 1.06858 2.15848
H: 0 0 0
L: 0 0 0
none 
451
gcm: 0.584332 1.06858 2.15848
H: 0 0 0
L: 0 0 0
none 
452
gcm: 0.584332 1.06858 2.15848
H: 0 0 0
L: 0 0 0
none 
453
gcm: 0.584332 1.06858 2.15848
H: 0 0 0
L: 0 0 0
none 
454
gcm: 0.584332 1.06858 2.15848
H: 0 0 0
L: 0 0 0
none 
455
gcm: 0.584332 1.06858 2.15848
H: 0 0 0
L: 0 0 0
none 
456
gcm: 0.584332 1.06858 2.15848
H: 0 0 0
L: 0 0 0
none 
457
gcm: 0.584332 1.06858 2.15848
H: 0 0 0
L: 0 0 0
none 
458
gcm: 0.584332 1.06858 2.15848
H: 0 0 0
L: 0 0 0
none 
459
gcm: 0.584332 1.06858 2.15848
H: 0 0 0
L: 0 0 0
none 
460
gcm: 0.584332 1.06858 2.15848
H: 0 0 0
L: 0 0 0
none 
461
gcm: 0.584332 1.06858 2.15848
H: 0 0 0
L: 0 0 0
none 
462
gcm: 0.584332 1.06858 2.15848
H: 0 0 0
L: 0 0 0
none 
463
gcm: 0.584332 1.06858 2.15848
H: 0 0 0
L: 0 0 0
none 
464
gcm: 0.584332 1.06858 2.15848
H: 0 0 0
L: 0 0 0
none 
465
gcm: 0.584332 1.06858 2.15848
H: 0 0 0
L: 0 0 0
none 
466
gcm: 0.584332 1.06858 2.15848
H: 0 0 0
L: 0 0 0
none 
467
gcm: 0.584332 1.06858 2.15848
H: 0 0 0
L: 0 0 0
none 
468
gcm: 0.584332 1.06858 2.15848
H: 0 0 0
L: 0 0 0
none 
469
gcm: 0.584332 1.06858 2.15848
H: 0 0 0
L: 0 0 0
none 
470
gcm: 0.584332 1.06858 2.15848
H: 0 0 0
L: 0 0 0
none 
471
gcm: 0.584332 1.06858 2.15848
H: 0 0 0
L: 0 0 0
none 
472
gcm: 0.584332 1.06858 2.15848
H: 0 0 0
L: 0 0 0
none 
473
gcm: 0.584332 1.06858 2.15848
H: 0 0 0
L: 0 0 0
none 
474
gcm: 0.584332 1.06858 2.15848
H: 0 0 0
L: 0 0 0
none 
475
gcm: 0.584332 1.06858 2.15848
H: 0 0 0
L: 0 0 0
none 
476
gcm: 0.584332 1.06858 2.15848
H: 0 0 0
L: 0 0 0
none 
477
gcm: 0.584332 1.06858 2.15848
H: 0 0 0
L: 0 0 0
none 
478
gcm: 0.584332 1.06858 2.15848
H: 0 0 0
L: 0 0 0
none 
479
gcm: 0.584332 1.06858 2.15848
H: 0 0 0
L: 0 0 0
none 
480
gcm: 0.584332 1.06858 2.15848
H: 0 0 0
L: 0 0 0
none 
481
gcm: 0.584332 1.06858 2.15848
H: 0 0 0
L: 0 0 0
none 
482
gcm: 0.584332 1.06858 2.15848
H: 0 0 0
L: 0 0 0
none 
483
gcm: 0.584332 1.06858 2.15848
H: 0 0 0
L: 0 0 0
none 
484
gcm: 0.584332 1.06858 2.15848
H: 0 0 0
L: 0 0 0
none 
485
gcm: 0.584332 1.06858 2.15848
H: 0 0 0
L: 0 0 0
none 
486
gcm: 0.584332 1.06858 2.15848
H: 0 0 0
L: 0 0 0
none 
487
gcm: 0.584332 1.06858 2.15848
H: 0 0 0
L: 0 0 0
none 
488
gcm: 0.584332 1.06858 2.15848
H: 0 0 0
L: 0 0 0
none 
489
gcm: 0.584332 1.06858 2.15848
H: 0 0 0
L: 0 0 0
none 
490
gcm: 0.584332 1.06858 2.15848
H: 0 0 0
L: 0 0 0
none 
491
gcm: 0.584332 1.06858 2.15848
H: 0 0 0
L: 0 0 0
none 
492
gcm: 0.584332 1.06858 2.15848
H: 0 0 0
L: 0 0 0
none 
493
gcm: 0.584332 1.06858 2.15848
H: 0 0 0
L: 0 0 0
none 
494
gcm: 0.584332 1.06858 2.15848
H: 0 0 0
L: 0 0 0
none 
495
gcm: 0.584332 1.06858 2.15848
H: 0 0 0
L: 0 0 0
none 
496
gcm: 0.584332 1.06858 2.15848
H: 0 0 0
L: 0 0 0
none 
497
gcm: 0.584332 1.06858 2.15848
H: 0 0 0
L: 0 0 0
none 
498
gcm: 0.584332 1.06858 2.15848
H: 0 0 0
L: 0 0 0
none 
499
gcm: 0.584332 1.06858 2.15848
H: 0 0 0
L: 0 0 0
none 
500
gcm: 0.584332 1.06858 2.15848
H: 0 0 0
L: 0 0 0
none 
501
gcm: 0.584332 1.06858 2.15848
H: 0 0 0
L: 0 0 0
none 
502
gcm: 0.584332 1.06858 2.15848
H: 0 0 0
L: 0 0 0
none 
503
gcm: 0.584332 1.06858 2.15848
H: 0 0 0
L: 0 0 0
none 
504
gcm: 0.584332 1.06858 2.15848
H: 0 0 0
L: 0 0 0
none 
505
gcm: 0.584332 1.06858 2.15848
H: 0 0 0
L: 0 0 0
none 
506
gcm: 0.584332 1.06858 2.15848
H: 0 0 0
L: 0 0 0
none 
507
gcm: 0.584332 1.06858 2.15848
H: 0 0 0
L: 0 0 0
none 
508
gcm: 0.584332 1.06858 2.15848
H: 0 0 0
L: 0 0 0
none 
509
gcm: 0.584332 1.06858 2.15848
H: 0 0 0
L: 0 0 0
none 
510
gcm: 0.584332 1.06858 2.15848
H: 0 0 0
L: 0 0 0
none 
511
gcm: 0.584332 1.06858 2.15848
H: 0 0 0
L: 0 0 0
none 
512
gcm: 0.584332 1.06858 2.15848
H: 0 0 0
L: 0 0 0
none 
513
gcm: 0.584332 1.06858 2.15848
H: 0 0 0
L: 0 0 0
none 
514
gcm: 0.584332 1.06858 2.15848
H: 0 0 0
L: 0 0 0
none 
515
gcm: 0.584332 1.06858 2.15848
H: 0 0 0
L: 0 0 0
none 
516
gcm: 0.584332 1.06858 2.15848
H: 0 0 0
L: 0 0 0
none 
516
gcm: 0.584332 1.06858 2.15848
H: 0 0 0
L: 0 0 0
none 
