:metadata
 
Skeleton: /Network/Servers/duerer/Volumes/duerer/laturnus/workspace/new_acm/asf/07-walk.asf
Motion: /Network/Servers/duerer/Volumes/duerer/laturnus/workspace/new_acm/amc/07_11-walk.amc
Mass Distribution: /Network/Servers/duerer/Volumes/duerer/laturnus/workspace/new_acm/amd/NHR03-06.amd
 
Inital skeleton translation: 0 0 0
Initial skeleton rotation: 0 0 0
 
:data
1
gcm: 0.485355 0.978495 -2.40656
H: -9.03596 -2.05593 0.713173
L: 0.0310669 0.352974 1.00407
left
2
gcm: 0.485782 0.981149 -2.39254
H: -6.00901 -2.3385 0.576702
L: 0.0303803 0.188492 0.995958
left
3
gcm: 0.485554 0.975353 -2.38062
H: -5.30515 -1.46747 2.00958
L: -0.0162188 -0.411561 0.845775
left
4
gcm: 0.485319 0.970799 -2.36834
H: -8.78168 -2.09675 4.68393
L: -0.0166883 -0.323292 0.872044
left
5
gcm: 0.485385 0.969566 -2.35505
H: -7.76675 -2.22973 1.13049
L: 0.00470388 -0.0875395 0.944069
left
6
gcm: 0.485666 0.970752 -2.34092
H: -6.36625 -2.32598 -1.922
L: 0.0199688 0.0841788 1.00271
left
7
gcm: 0.486486 0.973263 -2.32536
H: -2.8413 -2.76828 -4.18147
L: 0.0582206 0.178275 1.10471
left
8
gcm: 0.486867 0.973868 -2.31137
H: -3.5548 -2.59048 -5.10483
L: 0.0270436 0.0429515 0.993356
left
9
gcm: 0.48738 0.973772 -2.29763
H: -10.6334 -1.97587 0.711157
L: 0.0364035 -0.0067867 0.975618
left
10
gcm: 0.48812 0.973423 -2.28432
H: -6.96238 -2.16017 -3.33243
L: 0.0525348 -0.0248365 0.944944
left
11
gcm: 0.488573 0.973292 -2.27065
H: -7.51225 -2.30524 -1.05447
L: 0.0321661 -0.00923194 0.970413
left
12
gcm: 0.488945 0.97277 -2.25657
H: -8.62907 -2.11371 1.48698
L: 0.0264179 -0.0370695 0.999889
left
13
gcm: 0.489479 0.97178 -2.24302
H: -4.17804 -2.4004 -3.44367
L: 0.0378918 -0.0703048 0.962255
left
14
gcm: 0.490217 0.970755 -2.22974
H: -9.59647 -2.08624 2.45318
L: 0.0523975 -0.0727524 0.942599
left
15
gcm: 0.490446 0.969791 -2.21679
H: -5.64156 -2.35147 0.22782
L: 0.0163016 -0.0684611 0.919872
left
16
gcm: 0.489744 0.968731 -2.20347
H: -7.19491 -1.6016 3.35902
L: -0.0498411 -0.0752646 0.945732
left
17
gcm: 0.490523 0.969805 -2.18926
H: -2.51312 -1.37524 -0.250197
L: 0.0552749 0.0762416 1.00885
left
18
gcm: 0.491046 0.969232 -2.17523
H: -2.3243 -1.40324 0.165579
L: 0.0371366 -0.0406862 0.995983
left
19
gcm: 0.491566 0.96796 -2.16125
H: -2.1324 -1.30101 -0.220207
L: 0.0369187 -0.0902747 0.9929
left
20
gcm: 0.492225 0.966897 -2.14729
H: -2.42494 -0.896096 0.351366
L: 0.046756 -0.0755172 0.991125
left
21
gcm: 0.493079 0.965174 -2.13341
H: -1.51406 -1.03382 0.800368
L: 0.0606963 -0.122294 0.985281
left
22
gcm: 0.493867 0.963128 -2.11949
H: -0.869241 -1.08606 0.797969
L: 0.0559212 -0.145306 0.988297
left
23
gcm: 0.494208 0.961908 -2.10546
H: 0.552676 -0.970734 0.565863
L: 0.0241765 -0.0866234 0.995848
left
24
gcm: 0.494556 0.960785 -2.09103
H: 2.85536 -0.93872 1.11516
L: 0.0247192 -0.0797427 1.02439
left
25
gcm: 0.495458 0.95846 -2.07661
H: 1.5136 -0.890966 0.950551
L: 0.0640509 -0.165078 1.02397
left
26
gcm: 0.49658 0.95598 -2.06154
H: 6.80382 -0.936784 -0.17431
L: 0.0796575 -0.176075 1.06991
left
27
gcm: 0.497766 0.954475 -2.04646
H: 11.1167 -1.20661 -0.101541
L: 0.0842001 -0.106846 1.07077
left
28
gcm: 0.498926 0.953508 -2.03112
H: 13.3938 -1.41346 0.916218
L: 0.0824016 -0.0686344 1.089
left
29
gcm: 0.500149 0.95297 -2.01594
H: 8.53122 -0.599449 -0.14445
L: 0.0868181 -0.0381838 1.07813
left
30
gcm: 0.501925 0.952013 -2.00111
H: 9.89265 -1.05341 0.530668
L: 0.126079 -0.0679735 1.05311
left
31
gcm: 0.504048 0.950218 -1.98538
H: 12.554 -0.387806 -0.199478
L: 0.150738 -0.127414 1.11686
none 
32
gcm: 0.505901 0.948617 -1.96875
H: 17.1544 -1.24313 0.874796
L: 0.131603 -0.113687 1.18074
right
33
gcm: 0.507748 0.947387 -1.9534
H: 13.4981 -1.52081 1.24737
L: 0.131069 -0.0873706 1.08926
right
34
gcm: 0.509086 0.946438 -1.93778
H: 11.3323 -0.654445 -0.382424
L: 0.095036 -0.0673845 1.1093
right
35
gcm: 0.510399 0.945854 -1.9223
H: 10.4341 -0.502123 -0.36619
L: 0.0932032 -0.0414202 1.09895
right
36
gcm: 0.51189 0.945724 -1.90715
H: 12.7214 -1.43983 1.05931
L: 0.105905 -0.00922978 1.07554
right
37
gcm: 0.513485 0.946236 -1.89215
H: 15.6197 -2.29484 2.06754
L: 0.113212 0.0363239 1.06511
right
38
gcm: 0.515252 0.947331 -1.87698
H: 13.1972 -1.80344 1.17988
L: 0.125445 0.0777943 1.077
right
39
gcm: 0.51716 0.948862 -1.86158
H: 8.68777 -0.822928 -0.929856
L: 0.135476 0.108653 1.09387
right
40
gcm: 0.518973 0.94987 -1.84655
H: 8.31271 -1.35094 -0.56501
L: 0.12875 0.0716 1.06655
right
41
gcm: 0.520385 0.950669 -1.83218
H: 7.73664 -1.23606 -0.361141
L: 0.100208 0.0566838 1.02092
right
42
gcm: 0.521948 0.952531 -1.817
H: 8.56607 -1.59903 0.581748
L: 0.111028 0.132203 1.07736
right
43
gcm: 0.523475 0.954795 -1.80305
H: 4.51753 -1.14502 0.288429
L: 0.108358 0.160797 0.990762
right
44
gcm: 0.524509 0.956546 -1.78923
H: 3.43283 -0.391782 -0.152129
L: 0.0734286 0.124325 0.98127
right
45
gcm: 0.52525 0.959195 -1.77486
H: 1.17508 0.558492 -0.312908
L: 0.0526517 0.188049 1.02019
right
46
gcm: 0.525797 0.962112 -1.7609
H: 0.01104 1.15579 0.200574
L: 0.0388136 0.207117 0.990729
right
47
gcm: 0.526249 0.964881 -1.74725
H: 0.0292216 1.17647 1.17613
L: 0.0320896 0.196605 0.969673
right
48
gcm: 0.526436 0.967556 -1.73379
H: -0.239677 0.874395 1.68435
L: 0.013309 0.189942 0.955065
right
49
gcm: 0.526755 0.970243 -1.72043
H: -1.42619 1.0921 0.183165
L: 0.0226228 0.190761 0.949194
right
50
gcm: 0.52745 0.973155 -1.70714
H: -2.21491 1.63983 -1.29655
L: 0.0493675 0.206748 0.942948
right
51
gcm: 0.52807 0.975984 -1.69407
H: -2.52555 2.15707 -0.396478
L: 0.0439654 0.200879 0.928011
right
52
gcm: 0.528483 0.978618 -1.68107
H: -3.9505 2.38252 -0.147606
L: 0.0293537 0.186964 0.92328
right
53
gcm: 0.528815 0.981065 -1.66827
H: -4.80986 2.57042 -0.0015896
L: 0.0236013 0.173754 0.908601
right
54
gcm: 0.529226 0.983427 -1.65577
H: -6.4675 2.73641 -0.154494
L: 0.0291219 0.16771 0.887519
right
55
gcm: 0.529544 0.98584 -1.64163
H: -4.07088 2.26198 -1.40112
L: 0.0226037 0.171307 1.00395
right
56
gcm: 0.529932 0.988245 -1.62882
H: -7.43427 2.68344 -0.707641
L: 0.0275708 0.170761 0.910036
right
57
gcm: 0.530298 0.990031 -1.61577
H: -5.81372 2.75089 0.0449095
L: 0.025978 0.126781 0.925915
right
58
gcm: 0.530632 0.990262 -1.60279
H: -4.92179 2.80649 -0.907787
L: 0.0237188 0.0164339 0.921655
right
59
gcm: 0.530686 0.990956 -1.58935
H: -5.08348 2.86568 -0.938315
L: 0.0037993 0.0492771 0.954482
right
60
gcm: 0.530328 0.992315 -1.57738
H: -8.86846 3.07581 1.63432
L: -0.0254133 0.0964987 0.850016
right
61
gcm: 0.530542 0.992916 -1.56389
H: -4.96598 2.63311 0.602356
L: 0.0152209 0.0426834 0.957637
right
62
gcm: 0.530676 0.993049 -1.5505
H: -4.84946 2.46023 0.261709
L: 0.00952799 0.00943049 0.950397
right
63
gcm: 0.530914 0.993121 -1.53696
H: -4.08504 2.27147 0.90283
L: 0.0168614 0.00509807 0.961913
right
64
gcm: 0.531252 0.993399 -1.52342
H: -5.45586 2.40019 1.06663
L: 0.0240136 0.0197142 0.961087
right
65
gcm: 0.531339 0.994056 -1.50984
H: -7.3919 2.32811 0.706098
L: 0.00614318 0.0466999 0.964241
right
66
gcm: 0.531544 0.994383 -1.49634
H: -7.89672 2.11826 -0.524465
L: 0.014585 0.0232188 0.958385
right
67
gcm: 0.532017 0.994932 -1.48287
H: -7.7074 2.039 -0.693143
L: 0.033596 0.0389738 0.956554
right
68
gcm: 0.532225 0.996543 -1.46942
H: -8.18694 2.03708 -0.408112
L: 0.0147861 0.114371 0.954547
right
69
gcm: 0.531904 0.998294 -1.45627
H: -8.99941 2.28331 -0.1432
L: -0.0228492 0.12432 0.933737
right
70
gcm: 0.532112 0.998015 -1.44263
H: -8.42888 2.12573 0.238648
L: 0.0147715 -0.0198507 0.968572
right
71
gcm: 0.532474 0.996107 -1.42923
H: -9.14117 1.82833 0.159199
L: 0.0257113 -0.135447 0.951372
right
72
gcm: 0.532643 0.995337 -1.41576
H: -8.87114 1.8704 -0.437205
L: 0.0120043 -0.0546483 0.956279
right
73
gcm: 0.53272 0.995896 -1.4022
H: -8.34734 1.82004 -0.427242
L: 0.00545645 0.0396781 0.963227
right
74
gcm: 0.532809 0.995878 -1.38882
H: -8.33072 1.59934 -0.293842
L: 0.00636157 -0.00129662 0.949428
right
75
gcm: 0.532912 0.995265 -1.37533
H: -8.26069 1.70071 -0.554429
L: 0.00727445 -0.043497 0.957848
right
76
gcm: 0.533126 0.994457 -1.36184
H: -8.83509 1.61503 -0.594057
L: 0.0151713 -0.0573561 0.958301
right
77
gcm: 0.533353 0.993027 -1.34872
H: -10.0897 1.30747 -1.15841
L: 0.0161545 -0.101565 0.931098
right
78
gcm: 0.5336 0.992023 -1.3365
H: -14.0108 0.833321 -2.0614
L: 0.0175001 -0.0712842 0.867671
right
79
gcm: 0.533987 0.991494 -1.32286
H: -6.56936 0.685596 -2.32033
L: 0.0275206 -0.0375753 0.968721
right
80
gcm: 0.534394 0.990152 -1.30894
H: -5.0304 0.624447 -3.08596
L: 0.0289065 -0.0952579 0.988079
right
81
gcm: 0.534487 0.98767 -1.29499
H: -4.15699 0.414648 -3.14662
L: 0.00658353 -0.176226 0.990718
right
82
gcm: 0.534279 0.985452 -1.28086
H: -1.59746 0.511058 -1.58154
L: -0.014802 -0.157477 1.00284
right
83
gcm: 0.534231 0.983723 -1.26672
H: -2.45288 0.289759 -2.20347
L: -0.00335552 -0.122723 1.00395
right
84
gcm: 0.534248 0.981745 -1.25301
H: -2.32393 0.332133 -2.14689
L: 0.00121603 -0.140484 0.973165
right
85
gcm: 0.533924 0.979111 -1.23933
H: -0.176665 0.8971 -0.47676
L: -0.023002 -0.187018 0.97136
right
86
gcm: 0.533296 0.976144 -1.22532
H: 2.12723 1.14045 0.795678
L: -0.0446404 -0.210629 0.995252
right
87
gcm: 0.532436 0.973433 -1.21126
H: 3.35647 1.11611 1.2406
L: -0.0610457 -0.192476 0.997914
right
88
gcm: 0.531447 0.97024 -1.1972
H: 4.83959 1.3438 1.05154
L: -0.0702261 -0.226724 0.998601
right
89
gcm: 0.530405 0.966821 -1.18249
H: 3.70163 1.3588 2.20311
L: -0.073987 -0.24277 1.04396
right
90
gcm: 0.529319 0.963896 -1.1675
H: 4.19989 1.05081 1.55839
L: -0.0770892 -0.207635 1.06448
right
91
gcm: 0.527953 0.961196 -1.1529
H: 5.73908 1.09482 1.73046
L: -0.0970073 -0.191737 1.03653
right
92
gcm: 0.526724 0.958307 -1.13796
H: 9.6356 1.211 1.60605
L: -0.0872035 -0.205092 1.06044
right
93
gcm: 0.525741 0.956288 -1.12257
H: 11.277 0.969661 0.364474
L: -0.069796 -0.143375 1.09337
right
94
gcm: 0.524773 0.956006 -1.10666
H: 8.41935 0.581401 1.25314
L: -0.0687473 -0.0200246 1.12908
right
95
gcm: 0.523528 0.955757 -1.09095
H: 9.41066 0.495626 0.561973
L: -0.0884052 -0.0176671 1.11566
right
96
gcm: 0.522178 0.954387 -1.07585
H: 10.546 0.670654 -0.540013
L: -0.0958717 -0.0972583 1.07209
none 
97
gcm: 0.521083 0.952808 -1.06148
H: 9.96152 0.862262 -2.72354
L: -0.0777281 -0.112093 1.02002
right
98
gcm: 0.519872 0.952101 -1.04648
H: 7.67514 1.04946 -0.174079
L: -0.0859949 -0.0502398 1.06528
none 
99
gcm: 0.518285 0.952092 -1.03127
H: 9.6986 1.24475 -0.321599
L: -0.112633 -0.000577865 1.07965
left
100
gcm: 0.516693 0.952555 -1.01621
H: 9.87862 1.53691 -1.00922
L: -0.11307 0.0328576 1.06954
left
101
gcm: 0.515399 0.952948 -1.00126
H: 8.48918 1.70282 -1.42147
L: -0.0918669 0.0278686 1.06169
left
102
gcm: 0.514423 0.952349 -0.984325
H: 19.9808 2.51849 -1.27203
L: -0.0692689 -0.0425117 1.2021
left
103
gcm: 0.51294 0.953413 -0.967704
H: 17.6312 2.44477 -0.636058
L: -0.105336 0.0755787 1.18008
left
104
gcm: 0.511633 0.954891 -0.951444
H: 15.4649 2.62614 -0.94828
L: -0.0927985 0.104913 1.15446
left
105
gcm: 0.510587 0.956482 -0.935488
H: 11.0192 1.57134 0.347923
L: -0.0742756 0.11296 1.13282
left
106
gcm: 0.509026 0.958 -0.920345
H: 5.8494 0.249683 2.39926
L: -0.110766 0.107746 1.07521
left
107
gcm: 0.507455 0.959453 -0.905058
H: 5.74024 0.481623 2.48219
L: -0.111548 0.103178 1.08537
left
108
gcm: 0.506354 0.961494 -0.889522
H: 5.77444 0.844961 1.324
L: -0.0781622 0.144892 1.10305
left
109
gcm: 0.50542 0.964397 -0.874105
H: 5.09515 0.66169 1.2815
L: -0.0663172 0.206128 1.09462
left
110
gcm: 0.504486 0.967618 -0.858963
H: 3.08296 0.0236124 1.41076
L: -0.0663312 0.228683 1.07502
left
111
gcm: 0.503984 0.970093 -0.8441
H: 0.0559259 -0.911456 0.777155
L: -0.0356872 0.175751 1.05533
left
112
gcm: 0.503955 0.972748 -0.829685
H: -3.29577 -1.81232 -0.174734
L: -0.00201741 0.188486 1.02343
left
113
gcm: 0.503569 0.975326 -0.81474
H: -1.97502 -1.44108 0.658776
L: -0.0274358 0.183049 1.0611
left
114
gcm: 0.503244 0.978436 -0.800168
H: -1.71466 -1.47334 -0.282373
L: -0.0230336 0.220811 1.03462
left
115
gcm: 0.503251 0.981036 -0.785577
H: -1.86251 -1.74838 -0.750158
L: 0.000461964 0.184603 1.03597
left
116
gcm: 0.5031 0.984018 -0.771477
H: 0.106249 -1.46263 -1.71015
L: -0.0107179 0.211688 1.00107
left
117
gcm: 0.502945 0.986525 -0.757375
H: -0.269183 -1.57339 -0.350037
L: -0.0110114 0.178006 1.00124
left
118
gcm: 0.502796 0.988577 -0.743269
H: -0.416058 -1.52417 0.398047
L: -0.0105664 0.145681 1.00156
left
119
gcm: 0.502581 0.990838 -0.72902
H: -1.54014 -1.90408 0.170936
L: -0.0152912 0.160538 1.01168
left
120
gcm: 0.502277 0.993892 -0.7144
H: -3.46605 -2.24671 -0.121335
L: -0.0215529 0.216896 1.03802
left
121
gcm: 0.502259 0.997277 -0.699815
H: -4.70544 -2.48568 -0.0565945
L: -0.00128024 0.240307 1.03551
left
122
gcm: 0.502727 0.99959 -0.685365
H: -4.94815 -2.30504 1.22593
L: 0.0332274 0.164187 1.02598
left
123
gcm: 0.502592 1.00133 -0.670316
H: -5.64123 -2.11671 -0.264974
L: -0.00956428 0.1234 1.06842
left
124
gcm: 0.502745 1.0022 -0.655749
H: -6.09209 -2.53836 -0.546568
L: 0.0108272 0.0617562 1.03429
left
125
gcm: 0.503121 1.00295 -0.641624
H: -6.55492 -2.67412 -0.983092
L: 0.0267232 0.0531277 1.00291
left
126
gcm: 0.503356 1.00407 -0.627065
H: -4.17061 -2.16144 -1.0471
L: 0.016709 0.0794984 1.03368
left
127
gcm: 0.503515 1.00471 -0.612597
H: -6.7103 -2.5733 0.690008
L: 0.0112392 0.0455454 1.02721
left
128
gcm: 0.503735 1.00537 -0.59841
H: -6.91135 -2.48372 -0.612135
L: 0.0156468 0.0469282 1.00727
left
129
gcm: 0.503649 1.00677 -0.584099
H: -5.62772 -2.27596 -0.523777
L: -0.00614154 0.0998914 1.01609
left
130
gcm: 0.503409 1.00796 -0.569723
H: -5.36073 -2.28079 0.481865
L: -0.0169946 0.0842552 1.02067
left
131
gcm: 0.503246 1.00926 -0.555278
H: -7.0766 -2.66927 0.821488
L: -0.0116236 0.0921012 1.02564
left
132
gcm: 0.504402 1.0128 -0.539594
H: -6.00723 -3.1657 -2.8805
L: 0.082136 0.251491 1.11352
left
133
gcm: 0.504754 1.01496 -0.524819
H: -7.76166 -2.64068 -0.330199
L: 0.0249438 0.153087 1.04906
left
134
gcm: 0.504666 1.01623 -0.510623
H: -8.79264 -2.47481 1.15653
L: -0.00625926 0.0904364 1.00793
left
135
gcm: 0.504901 1.01726 -0.496019
H: -7.54399 -2.66351 0.56066
L: 0.0167238 0.0730584 1.03686
left
136
gcm: 0.505235 1.0178 -0.481349
H: -7.59196 -2.65349 -0.108053
L: 0.023732 0.0385951 1.04153
left
137
gcm: 0.505299 1.01879 -0.466796
H: -7.56217 -2.53018 0.0360867
L: 0.00451341 0.0697785 1.03332
left
138
gcm: 0.505342 1.02036 -0.452299
H: -6.77548 -2.47476 -0.222194
L: 0.00306114 0.111814 1.02926
left
139
gcm: 0.505375 1.02123 -0.43807
H: -7.83333 -2.46992 -0.197043
L: 0.00236465 0.0615419 1.01025
left
140
gcm: 0.505508 1.02124 -0.423493
H: -7.6313 -2.52974 -0.219386
L: 0.00940228 0.00117602 1.03499
left
141
gcm: 0.505752 1.02081 -0.408791
H: -6.36263 -2.48574 0.00149509
L: 0.0173151 -0.0304905 1.04386
left
142
gcm: 0.505757 1.02089 -0.394337
H: -6.4983 -2.10456 0.960638
L: 0.000399276 0.00541208 1.02622
left
143
gcm: 0.505874 1.0212 -0.379819
H: -5.97151 -1.83211 0.815742
L: 0.00826572 0.0216638 1.03075
left
144
gcm: 0.50628 1.02084 -0.365295
H: -6.00177 -1.7253 0.66208
L: 0.028843 -0.0253834 1.03123
left
145
gcm: 0.506617 1.02034 -0.350601
H: -5.93129 -1.35369 1.07966
L: 0.0238964 -0.0350982 1.04323
left
146
gcm: 0.506926 1.01942 -0.33609
H: -3.42808 -1.26018 1.46457
L: 0.0219973 -0.0653745 1.03031
left
147
gcm: 0.507563 1.01798 -0.322107
H: -1.73404 -1.27194 1.41902
L: 0.0451947 -0.102639 0.992819
left
148
gcm: 0.508628 1.01649 -0.30788
H: -1.931 -1.14958 -0.055262
L: 0.0755976 -0.105558 1.01009
left
149
gcm: 0.508957 1.01427 -0.292852
H: -1.03691 -1.1191 1.40646
L: 0.0233746 -0.157465 1.06698
left
150
gcm: 0.509442 1.01247 -0.278181
H: -0.347949 -1.17763 -0.236508
L: 0.0344688 -0.127862 1.0417
left
151
gcm: 0.510101 1.01011 -0.263714
H: -0.0702139 -1.13645 -0.458688
L: 0.0467714 -0.167994 1.02715
left
152
gcm: 0.511436 1.00699 -0.248993
H: 1.06518 -1.45636 -1.78349
L: 0.0947968 -0.220923 1.04516
left
153
gcm: 0.51213 1.00398 -0.233092
H: 5.56337 -0.901395 0.570986
L: 0.0492607 -0.213723 1.12897
left
154
gcm: 0.513265 1.00214 -0.217637
H: 5.69032 -0.918696 -0.583167
L: 0.0805552 -0.130759 1.09731
left
155
gcm: 0.51405 1.00006 -0.202072
H: 6.51587 -0.88931 0.936233
L: 0.0557659 -0.147804 1.10512
left
156
gcm: 0.514982 0.997524 -0.186541
H: 6.85219 -0.665636 1.04426
L: 0.0661664 -0.180122 1.10268
left
157
gcm: 0.516454 0.99551 -0.17069
H: 8.89813 -0.697741 0.0782451
L: 0.104536 -0.142997 1.12543
left
158
gcm: 0.517466 0.993705 -0.153879
H: 13.5287 -1.04797 1.55109
L: 0.0718634 -0.128196 1.19356
left
159
gcm: 0.519543 0.992591 -0.137679
H: 13.5457 -1.21887 -0.75611
L: 0.147422 -0.0791029 1.1502
left
160
gcm: 0.52057 0.990035 -0.122322
H: 10.9737 -1.24809 0.8124
L: 0.0729363 -0.181458 1.09037
left
161
gcm: 0.521994 0.987735 -0.106327
H: 12.7692 -1.21564 3.41609
L: 0.101108 -0.163319 1.13568
left
162
gcm: 0.523579 0.985816 -0.08901
H: 17.1469 -1.74386 3.49295
L: 0.112508 -0.136232 1.22947
left
163
gcm: 0.52524 0.984264 -0.0723169
H: 17.7056 -1.9673 -2.6777
L: 0.117958 -0.110162 1.18521
left
164
gcm: 0.526896 0.982269 -0.0556665
H: 15.0369 -1.33764 -2.85849
L: 0.11757 -0.141623 1.18218
right
165
gcm: 0.528784 0.981626 -0.0397359
H: 12.3739 -1.3626 -1.84968
L: 0.134023 -0.0457217 1.13108
right
166
gcm: 0.530581 0.982276 -0.0239169
H: 11.6978 -1.49557 1.24919
L: 0.127598 0.0461824 1.12315
right
167
gcm: 0.532912 0.983722 -0.00808718
H: 11.1819 -1.61263 -1.41018
L: 0.165486 0.102634 1.12391
right
168
gcm: 0.534209 0.984311 0.00869856
H: 10.6436 -1.30335 0.26909
L: 0.0921378 0.0418412 1.19179
right
169
gcm: 0.535952 0.984927 0.0242063
H: 8.69725 -0.964172 -1.87434
L: 0.123736 0.0437221 1.10105
right
170
gcm: 0.537902 0.986241 0.0389407
H: 7.53044 -1.30342 -1.3376
L: 0.138404 0.0933067 1.04614
right
171
gcm: 0.54001 0.987923 0.0533183
H: 5.59384 -1.27631 -1.74542
L: 0.149698 0.119458 1.02081
right
172
gcm: 0.541044 0.990149 0.0682977
H: 4.02077 -0.383596 0.61951
L: 0.0734073 0.158019 1.06353
right
173
gcm: 0.542193 0.992443 0.0832172
H: 2.31529 0.45319 -2.66078
L: 0.08162 0.162885 1.05929
right
174
gcm: 0.543175 0.995036 0.0978485
H: 2.4798 0.559292 -0.898761
L: 0.0697154 0.18412 1.03882
right
175
gcm: 0.543653 0.998159 0.112233
H: -0.113649 1.15761 0.0101323
L: 0.0338883 0.22169 1.02131
right
176
gcm: 0.544362 1.0016 0.126798
H: -0.892154 1.31117 -0.455671
L: 0.0503654 0.244331 1.03412
right
177
gcm: 0.544923 1.00466 0.141054
H: -1.09023 1.67337 -0.188088
L: 0.0398348 0.217512 1.01212
right
178
gcm: 0.545144 1.00715 0.154792
H: -1.95648 1.9453 0.25647
L: 0.0156631 0.176657 0.975451
right
179
gcm: 0.545471 1.01024 0.168767
H: -1.89891 1.82203 0.187716
L: 0.0232608 0.219066 0.99221
right
180
gcm: 0.545971 1.01379 0.182772
H: -2.50557 2.00371 -0.743197
L: 0.0354932 0.25212 0.99434
right
181
gcm: 0.546729 1.01697 0.196642
H: -3.5775 2.09968 -1.62124
L: 0.0537725 0.225705 0.984801
right
182
gcm: 0.547315 1.01969 0.210803
H: -3.90369 2.0945 -0.386843
L: 0.0416036 0.193633 1.00541
right
183
gcm: 0.547698 1.02238 0.224742
H: -4.57836 2.17476 -0.566373
L: 0.0271916 0.190473 0.989653
right
184
gcm: 0.548156 1.02486 0.238183
H: -5.63424 2.25441 -0.959967
L: 0.0325485 0.17636 0.954323
right
185
gcm: 0.548965 1.02693 0.252272
H: -4.65918 2.49725 -1.34281
L: 0.0574681 0.146806 1.00029
right
186
gcm: 0.550636 1.02976 0.267717
H: -2.56852 2.2035 -3.91872
L: 0.118587 0.200818 1.0966
right
187
gcm: 0.549079 1.03051 0.279453
H: -6.98377 3.27175 6.8642
L: -0.110503 0.0534871 0.833279
right
188
gcm: 0.549614 1.03183 0.293563
H: -5.57942 2.63522 0.114739
L: 0.037943 0.0937148 1.00183
right
189
gcm: 0.549931 1.03214 0.307203
H: -5.21406 2.64429 0.650065
L: 0.0225067 0.0222321 0.968413
right
190
gcm: 0.55016 1.03286 0.321096
H: -6.12995 2.56773 0.305788
L: 0.0163021 0.0509795 0.986426
right
191
gcm: 0.550571 1.03358 0.335316
H: -7.44049 2.70431 -0.40299
L: 0.0291502 0.0510067 1.00961
right
192
gcm: 0.551358 1.03374 0.349311
H: -7.10777 2.31494 -1.07719
L: 0.0558637 0.0112594 0.993639
right
193
gcm: 0.551848 1.03356 0.363466
H: -5.42188 2.15963 0.353852
L: 0.0348115 -0.0125235 1.00503
right
194
gcm: 0.552106 1.03347 0.377897
H: -5.78896 2.25868 0.849795
L: 0.0183016 -0.00625866 1.02458
right
195
gcm: 0.552422 1.03405 0.392389
H: -7.85893 2.48459 0.940396
L: 0.0224799 0.0409542 1.02893
right
196
gcm: 0.552925 1.03537 0.406834
H: -8.91452 2.06153 -0.227175
L: 0.0356721 0.0936306 1.02559
right
197
gcm: 0.553255 1.03675 0.421371
H: -8.75383 2.15519 0.0946057
L: 0.0234297 0.0979885 1.03216
right
198
gcm: 0.553605 1.03741 0.43586
H: -7.48344 2.1891 0.65643
L: 0.0248524 0.0471339 1.02873
right
199
gcm: 0.55461 1.03734 0.450179
H: -9.2002 2.04853 -1.32659
L: 0.0713724 -0.00514836 1.01665
right
200
gcm: 0.552784 1.03617 0.461493
H: -13.1567 2.72289 5.21156
L: -0.12968 -0.0830488 0.803272
right
201
gcm: 0.556471 1.03712 0.479264
H: -5.45575 1.32721 -6.32964
L: 0.261784 0.0671633 1.26175
right
202
gcm: 0.5565 1.03624 0.493098
H: -8.76736 2.16005 1.54978
L: 0.00208407 -0.0624079 0.982189
right
203
gcm: 0.55676 1.03548 0.506647
H: -10.0053 1.76715 -0.668549
L: 0.0184446 -0.0539269 0.962004
right
204
gcm: 0.557044 1.03491 0.520852
H: -8.32023 0.57147 -0.911577
L: 0.0201557 -0.0400864 1.00854
right
205
gcm: 0.557457 1.03419 0.534195
H: -13.1282 2.16946 -0.443385
L: 0.0293713 -0.0512288 0.947329
right
206
gcm: 0.558522 1.03332 0.548095
H: -10.5199 1.73844 -1.06599
L: 0.0756135 -0.0621864 0.986939
right
207
gcm: 0.559525 1.03206 0.562678
H: -5.39295 1.13992 -3.46045
L: 0.071159 -0.088891 1.03536
right
208
gcm: 0.560011 1.03072 0.577121
H: -5.28017 1.09297 -2.29949
L: 0.0345473 -0.0953984 1.02547
right
209
gcm: 0.56043 1.02936 0.5917
H: -6.34448 0.819419 -2.10216
L: 0.0297601 -0.0965244 1.03511
right
210
gcm: 0.560771 1.02909 0.60688
H: 0.360909 0.394012 -1.21263
L: 0.0242153 -0.0193586 1.07777
right
211
gcm: 0.560842 1.02717 0.622114
H: -0.476204 0.306182 -1.37637
L: 0.00501041 -0.136463 1.08164
right
212
gcm: 0.560978 1.02462 0.63708
H: -0.459663 0.600305 -2.03545
L: 0.00967668 -0.180744 1.06258
right
213
gcm: 0.561066 1.02204 0.652112
H: 0.776663 1.06472 -0.704913
L: 0.00620089 -0.18334 1.06727
right
214
gcm: 0.560826 1.01753 0.667244
H: 2.31352 1.3551 1.68272
L: -0.0170109 -0.319991 1.07436
right
215
gcm: 0.560374 1.01444 0.682314
H: 4.68169 1.41404 2.07599
L: -0.032114 -0.219886 1.06996
right
216
gcm: 0.559793 1.01166 0.697484
H: 5.51666 0.983308 2.11241
L: -0.0411925 -0.197005 1.07708
right
217
gcm: 0.559452 1.00861 0.712793
H: 3.63428 1.35379 2.82687
L: -0.0242482 -0.216406 1.08695
right
218
gcm: 0.559116 1.00548 0.728253
H: 4.27481 1.21011 1.87579
L: -0.0238772 -0.222719 1.09769
right
219
gcm: 0.558373 1.00254 0.743985
H: 6.05944 1.00453 1.3617
L: -0.0527377 -0.208483 1.11695
right
220
gcm: 0.557658 1.00002 0.760109
H: 7.25411 0.825042 2.02487
L: -0.0507408 -0.178718 1.14477
right
221
gcm: 0.557342 0.998633 0.776553
H: 9.83287 0.794593 1.32561
L: -0.0224542 -0.0986362 1.16758
right
222
gcm: 0.556978 0.998712 0.79332
H: 11.7827 1.10696 -0.571014
L: -0.0258728 0.00559802 1.19046
right
223
gcm: 0.556116 0.999001 0.810206
H: 10.6962 1.3732 -0.564524
L: -0.0611649 0.0205435 1.19888
right
224
gcm: 0.554994 0.998214 0.826554
H: 10.8546 1.47427 0.138611
L: -0.0796833 -0.0558667 1.16067
right
225
gcm: 0.55435 0.997127 0.84238
H: 11.9794 1.62697 -1.83281
L: -0.0457086 -0.0772007 1.12365
right
226
gcm: 0.55404 0.995882 0.858144
H: 11.1875 1.75906 -3.06547
L: -0.0220371 -0.0884055 1.11927
right
227
gcm: 0.553318 0.994888 0.873841
H: 8.09544 1.52562 -1.15789
L: -0.0512134 -0.0705564 1.1145
right
228
gcm: 0.551663 0.995471 0.889525
H: 6.23136 1.47596 0.51398
L: -0.11755 0.0414366 1.11359
left
229
gcm: 0.551036 0.995659 0.907285
H: 22.8679 2.54414 -0.0562939
L: -0.0445111 0.0133261 1.26096
left
230
gcm: 0.550257 0.996328 0.924447
H: 17.3832 2.42259 0.0666403
L: -0.0553167 0.0474602 1.21846
left
231
gcm: 0.549381 0.997134 0.941083
H: 11.931 2.0154 0.60561
L: -0.0621331 0.0572583 1.18116
left
232
gcm: 0.548236 0.99847 0.95761
H: 9.37038 1.94739 1.38126
L: -0.0813315 0.0948458 1.17344
left
233
gcm: 0.547307 1.00051 0.974221
H: 7.26787 1.77049 1.39071
L: -0.06595 0.144853 1.17934
left
234
gcm: 0.546632 1.0026 0.990681
H: 5.04043 1.1545 1.07239
L: -0.04792 0.148703 1.16868
left
235
gcm: 0.545765 1.00497 1.00704
H: 4.44735 0.741719 2.0515
L: -0.061562 0.167792 1.16175
left
236
gcm: 0.544979 1.00786 1.02279
H: 5.44686 0.549365 1.85776
L: -0.0558394 0.205108 1.11832
left
237
gcm: 0.544798 1.0111 1.03816
H: 6.27889 0.464988 -0.0597782
L: -0.0128057 0.230258 1.09128
left
238
gcm: 0.545155 1.0143 1.05362
H: -1.33592 -1.15802 0.208554
L: 0.0253404 0.227005 1.09762
left
239
gcm: 0.545506 1.01719 1.06871
H: -2.59944 -1.25385 0.110396
L: 0.0249339 0.205143 1.07105
left
240
gcm: 0.545685 1.02028 1.08342
H: -2.29167 -1.24794 -0.0238387
L: 0.0127022 0.219643 1.04467
left
241
gcm: 0.546289 1.0237 1.0984
H: -5.4747 -2.51701 -0.590013
L: 0.042883 0.243006 1.06314
left
242
gcm: 0.546923 1.02651 1.11374
H: -1.88377 -2.0679 -0.835233
L: 0.0450301 0.199108 1.08948
left
243
gcm: 0.547114 1.02937 1.12887
H: -1.90043 -1.80859 0.618989
L: 0.0135129 0.203114 1.07418
left
244
gcm: 0.547386 1.03227 1.14357
H: -2.89203 -1.90037 -0.623783
L: 0.0193603 0.205901 1.0434
left
245
gcm: 0.547736 1.03469 1.15829
H: -1.46486 -1.89839 -1.1337
L: 0.0247971 0.171936 1.04504
left
246
gcm: 0.547968 1.03709 1.1731
H: -3.32864 -2.05639 -0.214795
L: 0.0165171 0.170617 1.05198
left
247
gcm: 0.547584 1.03888 1.18804
H: -5.49989 -2.13416 1.2745
L: -0.0273222 0.126674 1.06036
left
248
gcm: 0.547159 1.03977 1.20286
H: -3.93409 -2.16009 1.52937
L: -0.0301585 0.0635855 1.05238
left
249
gcm: 0.548005 1.04171 1.21745
H: -3.9826 -2.42587 -1.13056
L: 0.0600965 0.137443 1.03603
left
250
gcm: 0.549088 1.04438 1.23229
H: -5.39413 -2.40761 -2.04571
L: 0.0769024 0.189852 1.05346
left
251
gcm: 0.549564 1.04624 1.24789
H: -4.66001 -2.24202 -0.99885
L: 0.0337724 0.131953 1.10764
left
252
gcm: 0.550067 1.04709 1.26294
H: -5.02459 -2.39911 -0.382831
L: 0.0357009 0.0602621 1.06849
left
253
gcm: 0.550551 1.04701 1.27737
H: -5.5566 -2.50942 0.154943
L: 0.0343514 -0.00593089 1.02457
left
254
gcm: 0.55089 1.04781 1.29138
H: -7.52292 -2.48485 0.155888
L: 0.0240632 0.0569464 0.994618
left
255
gcm: 0.550856 1.04854 1.30492
H: -8.39138 -2.49299 0.673365
L: -0.00235616 0.052073 0.961625
left
256
gcm: 0.551621 1.04895 1.32178
H: -0.280497 -2.59194 -0.582372
L: 0.0542912 0.0287231 1.19714
left
257
gcm: 0.551428 1.05041 1.33693
H: -4.06452 -2.17522 0.464956
L: -0.0137305 0.103822 1.07556
left
258
gcm: 0.551201 1.05183 1.35243
H: -8.25359 -2.19448 -0.178672
L: -0.0160881 0.101301 1.10029
left
259
gcm: 0.551785 1.05269 1.36799
H: -9.69887 -2.52111 -1.57996
L: 0.0414722 0.0605566 1.10458
left
260
gcm: 0.552247 1.05398 1.38306
H: -5.69992 -2.56853 -1.15574
L: 0.0327856 0.0919067 1.07046
left
261
gcm: 0.552697 1.05534 1.3984
H: -6.2812 -2.61911 0.857479
L: 0.0319261 0.0965482 1.08894
left
262
gcm: 0.553016 1.05529 1.41306
H: -7.34667 -2.63771 1.42044
L: 0.0226805 -0.00342313 1.04083
left
263
gcm: 0.552672 1.05548 1.4262
H: -11.3285 -2.63871 0.574446
L: -0.0244016 0.0134455 0.932833
left
264
gcm: 0.552925 1.05656 1.44216
H: -6.7129 -2.56873 0.26778
L: 0.0179246 0.0767818 1.13342
left
265
gcm: 0.553159 1.05697 1.45794
H: -6.5323 -2.43195 -0.253702
L: 0.0166169 0.028551 1.11993
left
266
gcm: 0.553106 1.05707 1.47227
H: -10.1864 -2.64329 0.286458
L: -0.00375439 0.00749434 1.01802
left
267
gcm: 0.553381 1.05724 1.48733
H: -8.9665 -2.52168 -0.195014
L: 0.0194914 0.0120562 1.0693
left
268
gcm: 0.553882 1.05706 1.5009
H: -10.6941 -2.58644 0.49223
L: 0.03558 -0.0129055 0.963072
left
269
gcm: 0.554163 1.05595 1.51716
H: -4.31817 -1.85007 0.6967
L: 0.0199609 -0.0786391 1.15469
left
270
gcm: 0.554534 1.05518 1.53386
H: -4.29096 -1.60254 -0.0745377
L: 0.0263561 -0.05465 1.18579
left
271
gcm: 0.554914 1.0555 1.54739
H: -5.11049 -1.36037 0.674908
L: 0.027011 0.0228669 0.960075
left
272
gcm: 0.55491 1.05486 1.5618
H: -9.72113 -0.906561 2.76882
L: -0.000301325 -0.0454412 1.02327
left
273
gcm: 0.555843 1.0534 1.57763
H: 0.630574 -1.17265 1.19477
L: 0.0662194 -0.103684 1.1242
left
274
gcm: 0.556958 1.05199 1.59325
H: -0.652283 -1.21266 0.55303
L: 0.0791576 -0.100287 1.10874
left
275
gcm: 0.556946 1.05023 1.60781
H: -4.05662 -0.7347 1.44829
L: -0.000812468 -0.124973 1.03399
left
276
gcm: 0.557726 1.04818 1.62146
H: -6.72065 -1.1732 -0.0761114
L: 0.0553307 -0.145971 0.969439
left
277
gcm: 0.55852 1.04556 1.63711
H: 0.995234 -1.55205 -1.47859
L: 0.0564065 -0.18572 1.11055
left
278
gcm: 0.559576 1.04275 1.65394
H: 5.52929 -1.89266 -1.94342
L: 0.0749375 -0.199356 1.19528
left
279
gcm: 0.560516 1.03933 1.67012
H: 8.72324 -1.7601 -2.36407
L: 0.066798 -0.242697 1.14903
left
280
gcm: 0.561477 1.03594 1.68705
H: 7.82735 -1.20596 -1.2773
L: 0.0681949 -0.241124 1.20137
left
281
gcm: 0.56285 1.03305 1.70207
H: 2.42374 -1.28132 -0.0752684
L: 0.0974642 -0.205345 1.06675
left
282
gcm: 0.563933 1.03051 1.7208
H: 10.352 -0.966375 -0.308632
L: 0.0769272 -0.179855 1.32955
left
283
gcm: 0.564875 1.02861 1.73605
H: 10.5048 -1.16096 0.528724
L: 0.0668976 -0.13504 1.08327
left
284
gcm: 0.566434 1.02535 1.75301
H: 13.4178 -1.32097 -0.910094
L: 0.110686 -0.231244 1.20405
left
285
gcm: 0.568099 1.02529 1.77001
H: 12.2089 -1.1064 1.08959
L: 0.118221 -0.00437487 1.20661
left
286
gcm: 0.56953 1.02345 1.78807
H: 20.2865 -1.63656 2.3852
L: 0.101553 -0.13068 1.28252
left
287
gcm: 0.57124 1.02211 1.80424
H: 18.0983 -1.37214 1.4174
L: 0.121412 -0.0954876 1.14815
right
288
gcm: 0.573288 1.02006 1.82201
H: 18.6633 -1.3885 -0.595539
L: 0.145424 -0.145504 1.26177
right
289
gcm: 0.574463 1.01748 1.83849
H: 20.9378 -2.20843 -0.0165432
L: 0.0834636 -0.183109 1.16984
right
290
gcm: 0.576456 1.01582 1.85579
H: 14.4779 -2.40034 -0.0149393
L: 0.141466 -0.117543 1.22857
right
291
gcm: 0.578061 1.0155 1.87155
H: 12.3569 -1.55386 -1.24654
L: 0.113942 -0.0231247 1.11891
right
292
gcm: 0.579301 1.01565 1.88926
H: 6.13606 -0.146349 0.076971
L: 0.0880416 0.0109739 1.25754
right
293
gcm: 0.582077 1.01653 1.90517
H: 11.0116 -3.01352 1.03088
L: 0.197133 0.0620638 1.12949
right
294
gcm: 0.58394 1.01779 1.92148
H: 7.82446 -1.93984 0.472647
L: 0.13223 0.0897357 1.158
right
295
gcm: 0.585979 1.01902 1.93875
H: 9.4807 -1.7144 -1.35938
L: 0.144802 0.0873867 1.22567
right
296
gcm: 0.587578 1.02105 1.95316
H: 1.45218 -0.432392 -1.08811
L: 0.113521 0.144133 1.0236
right
297
gcm: 0.588924 1.02322 1.9673
H: 0.489266 -0.22768 -0.863924
L: 0.095548 0.154226 1.00414
right
298
gcm: 0.589611 1.02566 1.98147
H: -0.176478 0.4003 1.18272
L: 0.0487846 0.172896 1.00597
right
299
gcm: 0.590164 1.02809 1.99713
H: 3.91013 0.267899 0.0206393
L: 0.0393004 0.172864 1.11158
right
300
gcm: 0.591871 1.03089 2.01453
H: 6.76387 -0.708257 -1.54644
L: 0.121193 0.198285 1.23524
right
301
gcm: 0.5936 1.03399 2.02708
H: -1.61612 0.775923 2.27504
L: 0.122766 0.220281 0.891081
right
302
gcm: 0.596329 1.03756 2.04335
H: -1.34874 1.09643 1.38448
L: 0.193761 0.253991 1.15507
right
303
gcm: 0.59799 1.04098 2.05786
H: -1.76089 1.21471 0.375643
L: 0.117933 0.242283 1.03055
right
304
gcm: 0.598917 1.04415 2.07079
H: -3.24891 1.364 0.185919
L: 0.0657723 0.225306 0.917709
right
305
gcm: 0.600495 1.04767 2.08407
H: -4.04898 1.46842 0.126341
L: 0.11205 0.24995 0.9428
right
306
gcm: 0.602325 1.05143 2.09847
H: -4.23011 1.56608 0.174827
L: 0.129899 0.266688 1.02242
right
307
gcm: 0.60355 1.05483 2.11272
H: -4.30843 1.56824 0.632324
L: 0.0870385 0.241519 1.01187
right
308
gcm: 0.604103 1.05746 2.12697
H: -4.98661 1.48215 0.763951
L: 0.0392368 0.187118 1.012
right
309
gcm: 0.602205 1.05956 2.14139
H: -5.09461 1.32568 -0.993521
L: -0.134787 0.148882 1.02366
right
310
gcm: 0.605973 1.06379 2.15181
H: -4.45202 1.19157 -3.74781
L: 0.267557 0.300295 0.740227
right
311
gcm: 0.609334 1.06688 2.16909
H: -6.36378 2.51658 7.63796
L: 0.23863 0.219182 1.22639
right
312
gcm: 0.611553 1.06735 2.18419
H: -5.96888 1.622 0.0734159
L: 0.157544 0.0333096 1.07211
right
313
gcm: 0.613445 1.06736 2.19834
H: -5.64694 1.81205 2.7324
L: 0.134316 0.000892084 1.0046
right
314
gcm: 0.615506 1.06798 2.21209
H: -5.28878 1.80054 1.64391
L: 0.146331 0.0439368 0.976435
right
314
gcm: 0.615506 1.06798 2.21209
H: 0 0 0
L: 0 0 0
none 
