:metadata
 
Skeleton: /Network/Servers/duerer/Volumes/duerer/laturnus/workspace/new_acm/asf/07-walk.asf
Motion: /Network/Servers/duerer/Volumes/duerer/laturnus/workspace/new_acm/amc/07_10-walk.amc
Mass Distribution: /Network/Servers/duerer/Volumes/duerer/laturnus/workspace/new_acm/amd/NHR03-06.amd
 
Inital skeleton translation: 0 0 0
Initial skeleton rotation: 0 0 0
 
:data
1
gcm: 0.498963 0.973174 -1.98002
H: -7.28568 -2.49809 -0.719662
L: 0.0319981 -0.0489224 1.00197
left
2
gcm: 0.49915 0.972686 -1.96596
H: -7.35549 -2.17333 0.213163
L: 0.0133379 -0.0346394 0.99852
left
3
gcm: 0.49968 0.971422 -1.95201
H: -8.10353 -2.07168 0.315984
L: 0.0375712 -0.0897355 0.990229
left
4
gcm: 0.500307 0.970372 -1.93809
H: -7.41259 -1.9422 0.103526
L: 0.0445736 -0.0745555 0.988381
left
5
gcm: 0.500588 0.969427 -1.92413
H: -6.40755 -1.57812 0.794719
L: 0.0199034 -0.0671118 0.991238
left
6
gcm: 0.500997 0.968382 -1.9101
H: -5.20772 -1.35234 1.55234
L: 0.0290366 -0.074204 0.996456
left
7
gcm: 0.50168 0.967506 -1.89613
H: -3.68329 -1.30661 1.0111
L: 0.0485421 -0.0622132 0.991569
left
8
gcm: 0.502511 0.966157 -1.88191
H: -2.58622 -1.22619 0.413873
L: 0.0589508 -0.0957464 1.00943
left
9
gcm: 0.50357 0.964469 -1.86727
H: -1.76821 -1.05842 0.0770305
L: 0.0752444 -0.119851 1.03976
left
10
gcm: 0.504392 0.963385 -1.8528
H: -1.34923 -0.884749 0.0335755
L: 0.0583553 -0.0769722 1.02702
left
11
gcm: 0.505007 0.962505 -1.83875
H: -0.746541 -0.832207 0.909328
L: 0.0436656 -0.0625032 0.997824
left
12
gcm: 0.505772 0.961316 -1.82388
H: 6.24214 -1.65014 3.5214
L: 0.0543212 -0.0843645 1.05601
left
13
gcm: 0.50697 0.959937 -1.8088
H: -4.36891 0.330841 -1.9884
L: 0.0850142 -0.0979558 1.07083
left
14
gcm: 0.50845 0.958886 -1.79413
H: 2.5944 -0.477809 -1.03178
L: 0.105079 -0.0745727 1.04144
left
15
gcm: 0.509605 0.95806 -1.77886
H: 9.55752 -0.644515 -1.67155
L: 0.0819866 -0.0587031 1.08417
left
16
gcm: 0.511062 0.957903 -1.76335
H: 12.5006 -1.00235 -1.49179
L: 0.103472 -0.0111037 1.10091
left
17
gcm: 0.512827 0.958127 -1.74754
H: 12.1229 -0.896433 -1.64513
L: 0.125312 0.0158882 1.12259
left
18
gcm: 0.514898 0.958106 -1.73201
H: 11.6392 -1.03824 -0.190798
L: 0.147069 -0.00149845 1.10234
left
19
gcm: 0.51701 0.957243 -1.71549
H: 16.5564 -1.11218 -0.475621
L: 0.149934 -0.0612648 1.17301
right
20
gcm: 0.518919 0.957054 -1.69915
H: 14.813 -0.891137 0.0061953
L: 0.135506 -0.0134521 1.16038
right
21
gcm: 0.520801 0.956404 -1.68289
H: 14.0462 -1.44214 1.16207
L: 0.133654 -0.0461273 1.15412
right
22
gcm: 0.522565 0.955413 -1.66685
H: 14.9071 -1.74399 1.25978
L: 0.125228 -0.0703765 1.13893
right
23
gcm: 0.524347 0.955127 -1.65102
H: 11.6672 -1.08153 -0.238857
L: 0.126544 -0.0202479 1.12409
right
24
gcm: 0.526213 0.955037 -1.63545
H: 11.4059 -1.17162 -1.04244
L: 0.132512 -0.00639627 1.10547
right
25
gcm: 0.52818 0.955694 -1.61998
H: 12.3202 -1.74896 -0.918323
L: 0.139617 0.0466109 1.09837
right
26
gcm: 0.530167 0.95786 -1.60443
H: 11.5017 -1.87378 -0.23125
L: 0.141088 0.153798 1.10432
right
27
gcm: 0.531594 0.960256 -1.58907
H: 10.2655 -1.71805 1.7113
L: 0.101317 0.170108 1.0901
right
28
gcm: 0.533101 0.962474 -1.57416
H: 8.04463 -1.27853 0.609911
L: 0.107023 0.157464 1.05907
right
29
gcm: 0.535142 0.964992 -1.55948
H: 6.17562 -0.778882 -1.61483
L: 0.144889 0.178801 1.04245
right
30
gcm: 0.537045 0.967376 -1.54481
H: 4.26301 -0.542905 -1.23395
L: 0.135097 0.169268 1.04095
right
31
gcm: 0.538593 0.969525 -1.53027
H: 2.06479 0.0690045 -1.714
L: 0.109942 0.152596 1.03289
right
32
gcm: 0.539838 0.972102 -1.51615
H: 2.19566 0.29258 -1.01161
L: 0.0883408 0.18294 1.00227
right
33
gcm: 0.540827 0.975024 -1.50227
H: 0.352058 0.674458 0.667135
L: 0.0702378 0.207484 0.985237
right
34
gcm: 0.541523 0.97839 -1.48819
H: 0.0816783 0.714713 1.43435
L: 0.0494211 0.238976 0.999886
right
35
gcm: 0.541731 0.981805 -1.47437
H: -0.305716 0.891756 1.58277
L: 0.0147902 0.24246 0.980922
right
36
gcm: 0.542022 0.984396 -1.46063
H: -0.855098 1.27213 1.05959
L: 0.0206673 0.183954 0.975807
right
37
gcm: 0.542876 0.986824 -1.44659
H: -0.7537 1.57448 -0.142946
L: 0.0605768 0.172418 0.996934
right
38
gcm: 0.54348 0.989677 -1.43287
H: -1.64251 1.54525 0.152939
L: 0.0429117 0.202555 0.973811
right
39
gcm: 0.54365 0.992777 -1.41925
H: -2.77251 1.4913 1.04748
L: 0.0120922 0.220048 0.967046
right
40
gcm: 0.544071 0.995634 -1.40545
H: -3.52828 1.68425 0.0586923
L: 0.0298874 0.202858 0.980304
right
41
gcm: 0.544665 0.996812 -1.39189
H: -3.74186 1.9004 -1.32529
L: 0.0421334 0.0836351 0.962801
right
42
gcm: 0.545141 0.998793 -1.37847
H: -4.59958 2.05503 -0.602235
L: 0.0338381 0.1407 0.95272
right
43
gcm: 0.545711 1.00129 -1.36521
H: -6.22452 1.94632 0.14897
L: 0.0404302 0.176947 0.941224
right
44
gcm: 0.546421 1.00351 -1.35179
H: -6.10646 1.91786 -0.575816
L: 0.0504201 0.1579 0.952885
right
45
gcm: 0.546971 1.00492 -1.33827
H: -4.90246 1.97098 -0.815159
L: 0.0390499 0.100154 0.960226
right
46
gcm: 0.547136 1.00568 -1.32512
H: -5.45594 1.96446 -0.304343
L: 0.0117045 0.0541768 0.933478
right
47
gcm: 0.547116 1.00619 -1.31193
H: -5.50247 2.05138 0.641738
L: -0.00138113 0.0362853 0.936038
right
48
gcm: 0.54727 1.00597 -1.29834
H: -4.81307 2.05523 1.31008
L: 0.0108883 -0.0155758 0.964881
right
49
gcm: 0.547596 1.00529 -1.28452
H: -4.77449 1.93809 1.19406
L: 0.0231878 -0.0484096 0.981704
right
50
gcm: 0.548024 1.00515 -1.27056
H: -5.18456 1.90289 0.883733
L: 0.0303714 -0.0102846 0.990631
right
51
gcm: 0.548395 1.00553 -1.25668
H: -6.11519 1.81888 0.664294
L: 0.0263827 0.0273977 0.985771
right
52
gcm: 0.548589 1.0055 -1.24321
H: -6.5691 1.68609 0.208012
L: 0.0137566 -0.00223782 0.956712
right
53
gcm: 0.548986 1.00376 -1.22988
H: -5.78347 1.73463 -0.481979
L: 0.0281416 -0.123579 0.946373
right
54
gcm: 0.549355 1.00434 -1.21526
H: -6.07525 1.88603 -0.461963
L: 0.0262323 0.04129 1.03795
right
55
gcm: 0.549591 1.00528 -1.20095
H: -7.85962 1.82107 0.296766
L: 0.0167241 0.0661875 1.01572
right
56
gcm: 0.549573 1.00674 -1.18704
H: -8.76805 1.78623 0.391846
L: -0.00127035 0.104147 0.987544
right
57
gcm: 0.549579 1.00742 -1.1734
H: -8.5755 1.72369 0.285732
L: 0.000471338 0.0478281 0.968838
right
58
gcm: 0.549517 1.00636 -1.1602
H: -8.65179 1.85178 0.607973
L: -0.00439472 -0.0749114 0.937173
right
59
gcm: 0.549283 1.00576 -1.14676
H: -8.54496 1.84362 0.499672
L: -0.0166381 -0.0427815 0.954031
right
60
gcm: 0.549288 1.00538 -1.1331
H: -8.48393 1.63296 0.314157
L: 0.000349071 -0.0266569 0.969965
right
61
gcm: 0.549561 1.00448 -1.11956
H: -8.02197 1.60931 0.000373035
L: 0.0193975 -0.0643057 0.961401
right
62
gcm: 0.549686 1.00387 -1.10594
H: -8.81025 1.49042 -0.274842
L: 0.00883663 -0.0429859 0.966529
right
63
gcm: 0.549798 1.00354 -1.0924
H: -9.65346 1.0936 -0.98589
L: 0.00800599 -0.0232895 0.961509
right
64
gcm: 0.550153 1.00352 -1.07939
H: -9.68302 0.803497 -2.54503
L: 0.025163 -0.00179681 0.923837
right
65
gcm: 0.550124 1.00381 -1.06717
H: -12.0596 0.732324 -2.08243
L: -0.00201638 0.0207234 0.867321
right
66
gcm: 0.55011 1.00288 -1.05329
H: -4.19598 0.777232 -1.45204
L: -0.00102728 -0.0658516 0.986058
right
67
gcm: 0.550633 1.00119 -1.03893
H: -2.70042 0.55395 -2.96518
L: 0.0371658 -0.120149 1.01967
right
68
gcm: 0.550675 1.00009 -1.02503
H: -2.95483 0.512495 -2.25039
L: 0.00298376 -0.0780282 0.986732
right
69
gcm: 0.550301 0.999364 -1.01134
H: -2.60594 0.319787 -1.38599
L: -0.0265614 -0.0516645 0.972033
right
70
gcm: 0.550257 0.998089 -0.997082
H: -1.23163 0.325536 -1.8734
L: -0.00315969 -0.0905711 1.01208
right
71
gcm: 0.550118 0.996674 -0.98307
H: -0.261136 0.129776 -1.03669
L: -0.00986912 -0.100424 0.99487
right
72
gcm: 0.549471 0.994845 -0.96889
H: 0.0102442 0.456152 0.0469082
L: -0.045949 -0.129896 1.00677
right
73
gcm: 0.54789 0.99176 -0.954881
H: 3.96146 1.6918 5.28006
L: -0.112226 -0.218981 0.994625
right
74
gcm: 0.546857 0.988543 -0.940682
H: 4.05847 1.27442 2.90581
L: -0.0733611 -0.228438 1.00817
right
75
gcm: 0.546078 0.986425 -0.926676
H: 4.59332 1.00259 1.36703
L: -0.0552822 -0.150403 0.994383
right
76
gcm: 0.544826 0.984723 -0.912261
H: 6.19892 0.947875 1.73009
L: -0.0889262 -0.120846 1.02351
right
77
gcm: 0.543549 0.981438 -0.897741
H: 7.99653 0.984036 2.47113
L: -0.0906104 -0.2332 1.0309
right
78
gcm: 0.542593 0.978738 -0.883182
H: 9.77449 0.742487 2.22006
L: -0.067941 -0.191735 1.03368
right
79
gcm: 0.54147 0.978598 -0.868039
H: 10.1533 0.651169 1.58016
L: -0.079736 -0.00992446 1.07517
right
80
gcm: 0.540015 0.978953 -0.852786
H: 9.30443 0.719089 1.04064
L: -0.103237 0.0252227 1.08291
right
81
gcm: 0.538474 0.978626 -0.837887
H: 8.94365 0.505309 0.397931
L: -0.109441 -0.0232099 1.05788
right
82
gcm: 0.536962 0.977465 -0.823364
H: 8.90086 0.388817 -0.282254
L: -0.107369 -0.0824558 1.03115
right
83
gcm: 0.535691 0.97662 -0.808936
H: 8.83864 0.790362 -1.15653
L: -0.0902625 -0.0599815 1.02435
none 
84
gcm: 0.534606 0.977271 -0.794415
H: 9.24352 1.08046 -1.37206
L: -0.0769846 0.0462293 1.03099
left
85
gcm: 0.533231 0.977053 -0.779087
H: 15.4804 1.87548 0.0604696
L: -0.0976603 -0.0154885 1.0883
left
86
gcm: 0.531646 0.976304 -0.763629
H: 17.0344 1.78531 0.366228
L: -0.112537 -0.0531721 1.09748
left
87
gcm: 0.530123 0.97689 -0.748637
H: 14.4129 1.09428 -0.00750337
L: -0.108088 0.0416047 1.06445
left
88
gcm: 0.528764 0.978321 -0.733512
H: 13.0572 1.67639 0.77569
L: -0.0965363 0.10159 1.07391
left
89
gcm: 0.527586 0.980099 -0.718328
H: 12.4808 1.5461 -0.449794
L: -0.0836441 0.126217 1.07806
left
90
gcm: 0.526093 0.981999 -0.703734
H: 8.61817 1.25331 0.188524
L: -0.105943 0.134922 1.03614
left
91
gcm: 0.524215 0.983616 -0.689652
H: 5.15078 0.834287 1.86679
L: -0.133359 0.114785 0.999849
left
92
gcm: 0.522715 0.985614 -0.675266
H: 6.0608 1.11864 1.35903
L: -0.106535 0.141872 1.02137
left
93
gcm: 0.52138 0.988075 -0.660786
H: 0.578039 -0.26084 2.78057
L: -0.094774 0.174748 1.02813
left
94
gcm: 0.520092 0.990942 -0.646717
H: 2.49053 -0.0650332 1.74743
L: -0.0914636 0.203557 0.998892
left
95
gcm: 0.519162 0.993976 -0.632894
H: 4.45493 0.308743 -0.262022
L: -0.0660247 0.215394 0.981382
left
96
gcm: 0.518485 0.996603 -0.619225
H: -1.49006 -0.820316 0.20903
L: -0.0480586 0.186568 0.970523
left
97
gcm: 0.518011 0.999589 -0.605567
H: -2.68479 -1.15848 -0.14324
L: -0.0336491 0.212001 0.969689
left
98
gcm: 0.517669 1.00347 -0.591891
H: 0.0633454 -0.924979 -1.75172
L: -0.0242353 0.27541 0.971023
left
99
gcm: 0.517444 1.00666 -0.5784
H: -3.54162 -2.15016 -0.401426
L: -0.0159989 0.226744 0.957847
left
100
gcm: 0.517354 1.00883 -0.564954
H: -1.18325 -1.62144 -0.557098
L: -0.00640929 0.154272 0.954711
left
101
gcm: 0.517166 1.0113 -0.551282
H: -1.25359 -1.1262 -0.895748
L: -0.0133543 0.174745 0.970673
left
102
gcm: 0.516932 1.01396 -0.537655
H: -1.51315 -0.840391 -1.0478
L: -0.0166095 0.189193 0.967561
left
103
gcm: 0.516629 1.01656 -0.524407
H: -1.80697 -1.36187 -0.671375
L: -0.0215356 0.184766 0.94054
left
104
gcm: 0.516058 1.01917 -0.511173
H: -4.37008 -1.49873 0.456374
L: -0.0405396 0.185426 0.939635
left
105
gcm: 0.515531 1.02104 -0.497966
H: -6.00017 -1.53134 0.948273
L: -0.0373677 0.132115 0.937689
left
106
gcm: 0.515337 1.02224 -0.484759
H: -3.9258 -1.6383 0.164104
L: -0.0137631 0.0856239 0.937686
left
107
gcm: 0.515166 1.0232 -0.471417
H: -3.78704 -1.90636 -0.55686
L: -0.0121448 0.0683545 0.947339
left
108
gcm: 0.514986 1.02331 -0.458082
H: -3.46256 -1.92184 -0.407391
L: -0.0127733 0.00732975 0.946729
left
109
gcm: 0.51496 1.02257 -0.444875
H: -3.65271 -1.61879 -1.17908
L: -0.00187577 -0.0523983 0.937716
left
110
gcm: 0.515024 1.02216 -0.431533
H: -5.09673 -1.80594 -1.01737
L: 0.00453932 -0.0289555 0.947322
left
111
gcm: 0.515219 1.02274 -0.41748
H: -4.5887 -1.99125 -1.07116
L: 0.0138345 0.0407345 0.997756
left
112
gcm: 0.515159 1.02346 -0.403363
H: -3.01732 -1.66454 -0.961498
L: -0.00424032 0.0512905 1.0023
left
113
gcm: 0.514792 1.02317 -0.389969
H: -6.34382 -1.74996 0.300554
L: -0.0260843 -0.0204964 0.950933
left
114
gcm: 0.514639 1.02258 -0.376454
H: -6.88371 -2.00021 -0.181146
L: -0.0108347 -0.0421514 0.95961
left
115
gcm: 0.514655 1.02284 -0.362422
H: -6.35363 -2.12645 0.192967
L: 0.00110251 0.0188852 0.996246
left
116
gcm: 0.514456 1.02356 -0.348375
H: -7.2323 -2.09589 0.972279
L: -0.0140888 0.0513106 0.997322
left
117
gcm: 0.513851 1.02315 -0.334812
H: -8.04268 -2.01004 1.47737
L: -0.0429885 -0.0294583 0.962969
left
118
gcm: 0.514254 1.0239 -0.319993
H: -6.14667 -2.42349 -2.05174
L: 0.028625 0.05304 1.0522
left
119
gcm: 0.514197 1.02278 -0.306674
H: -7.08957 -2.24626 0.07839
L: -0.00406608 -0.0793219 0.94564
left
120
gcm: 0.514311 1.02117 -0.293417
H: -7.71508 -2.1825 -0.0636702
L: 0.00812945 -0.114218 0.941257
left
121
gcm: 0.514516 1.02047 -0.279747
H: -6.66996 -2.11834 -0.270075
L: 0.0145272 -0.0494894 0.970535
left
122
gcm: 0.514529 1.02014 -0.266375
H: -6.89033 -1.95397 0.209939
L: 0.000953661 -0.0233947 0.949413
left
123
gcm: 0.514677 1.01926 -0.253161
H: -7.97469 -1.81374 -0.261482
L: 0.010476 -0.0625084 0.938237
left
124
gcm: 0.514746 1.0183 -0.239588
H: -8.697 -1.75878 0.506467
L: 0.00493147 -0.0683347 0.963641
left
125
gcm: 0.514665 1.01719 -0.22596
H: -8.17813 -2.28138 1.30768
L: -0.00577118 -0.0787968 0.9676
left
126
gcm: 0.514811 1.01581 -0.212566
H: -6.85946 -1.83122 0.39535
L: 0.0103521 -0.0980259 0.950994
left
127
gcm: 0.51523 1.01472 -0.199152
H: -6.11296 -1.58347 0.205259
L: 0.029794 -0.0775229 0.952407
left
128
gcm: 0.515629 1.01406 -0.185436
H: -4.57107 -1.39441 0.581508
L: 0.0283056 -0.046853 0.973805
left
129
gcm: 0.516022 1.01286 -0.171667
H: -3.49569 -1.35891 0.553945
L: 0.0278736 -0.0851348 0.977587
left
130
gcm: 0.51641 1.01145 -0.15829
H: -3.61845 -1.49943 0.545099
L: 0.0276016 -0.0997739 0.949792
left
131
gcm: 0.516775 1.01026 -0.144828
H: -3.095 -1.26336 1.20658
L: 0.0258577 -0.0850233 0.955794
left
132
gcm: 0.517273 1.00933 -0.131104
H: -2.71675 -1.14552 0.870405
L: 0.0353862 -0.0660199 0.974413
left
133
gcm: 0.518219 1.00809 -0.117806
H: -4.08986 -0.939059 0.645565
L: 0.0672009 -0.0876053 0.944176
left
134
gcm: 0.518958 1.0064 -0.103245
H: 3.29017 -1.51534 0.9185
L: 0.0524748 -0.120044 1.03377
left
135
gcm: 0.519803 1.00528 -0.0885646
H: 3.61132 -1.65707 1.23355
L: 0.059945 -0.079813 1.04234
left
136
gcm: 0.520753 1.00423 -0.073892
H: 5.81896 -1.89299 1.28448
L: 0.0674974 -0.0742032 1.04175
left
137
gcm: 0.521549 1.00283 -0.0591072
H: 4.34874 -0.679116 -0.125085
L: 0.056493 -0.0996918 1.04972
left
138
gcm: 0.522447 1.00039 -0.0440898
H: 5.45599 -0.504931 -0.0264435
L: 0.0637419 -0.173007 1.06623
left
139
gcm: 0.523522 0.998238 -0.0293815
H: 6.28469 -0.491406 -0.284599
L: 0.076341 -0.152929 1.04429
left
140
gcm: 0.524714 0.997039 -0.0143663
H: 7.07838 -0.426427 -0.420352
L: 0.0846223 -0.0851676 1.06608
left
141
gcm: 0.525817 0.997628 0.00112417
H: 10.3692 -0.445806 -1.88834
L: 0.0783092 0.0418171 1.09983
left
142
gcm: 0.527098 0.998066 0.0165143
H: 9.83467 -0.637759 -0.0448346
L: 0.0909351 0.031097 1.0927
left
143
gcm: 0.528869 0.998014 0.0319031
H: 10.5629 -1.27069 -1.94027
L: 0.125752 -0.00369274 1.09261
left
144
gcm: 0.530857 0.998064 0.0471094
H: 9.03513 -0.664324 -0.709332
L: 0.141191 0.00354793 1.07965
left
145
gcm: 0.532636 0.996748 0.0631482
H: 16.8492 -1.13244 0.164641
L: 0.126303 -0.0933832 1.13875
none 
146
gcm: 0.534106 0.995684 0.0790796
H: 16.776 -1.71674 0.403277
L: 0.10434 -0.0755614 1.13113
right
147
gcm: 0.535491 0.994741 0.0952158
H: 15.26 -1.6161 0.466292
L: 0.098368 -0.0669367 1.14567
right
148
gcm: 0.537015 0.993909 0.111002
H: 11.9238 -0.975825 0.587596
L: 0.108146 -0.0590758 1.12084
right
149
gcm: 0.538797 0.99444 0.126087
H: 10.5426 -0.912806 -0.0506662
L: 0.126563 0.037685 1.07102
right
150
gcm: 0.54074 0.996059 0.141382
H: 10.9861 -1.5443 -0.343693
L: 0.137922 0.114918 1.08594
right
151
gcm: 0.542511 0.998006 0.156768
H: 9.88917 -1.72056 0.123185
L: 0.125727 0.138251 1.09243
right
152
gcm: 0.544245 1.00018 0.171676
H: 8.35839 -1.57173 -0.117461
L: 0.123133 0.154048 1.05842
right
153
gcm: 0.546143 1.0024 0.186368
H: 7.30542 -1.5248 -0.918965
L: 0.134782 0.157985 1.04316
right
154
gcm: 0.548144 1.00479 0.201039
H: 7.13355 -1.12413 -1.07267
L: 0.142049 0.1695 1.04161
right
155
gcm: 0.549896 1.00676 0.215608
H: 5.28045 -0.68616 -1.71086
L: 0.124418 0.140171 1.03446
right
156
gcm: 0.55134 1.01206 0.230733
H: 1.43767 0.23073 -1.7897
L: 0.10251 0.376312 1.07387
right
157
gcm: 0.552091 1.01485 0.244461
H: -0.275556 0.717282 0.392465
L: 0.0532854 0.197845 0.974674
right
158
gcm: 0.55276 1.0169 0.257787
H: -0.607169 0.598288 0.263314
L: 0.0475649 0.14573 0.946133
right
159
gcm: 0.553303 1.01913 0.271259
H: -0.592743 0.768722 0.810372
L: 0.0385054 0.157933 0.95651
right
160
gcm: 0.553472 1.02224 0.285069
H: -0.480369 1.28129 1.84798
L: 0.0120447 0.221417 0.980482
right
161
gcm: 0.553991 1.02578 0.299146
H: -1.52692 1.69817 0.425367
L: 0.0368303 0.25099 0.999519
right
162
gcm: 0.554876 1.02822 0.312614
H: -1.96638 1.37695 -0.52561
L: 0.0628474 0.173502 0.956193
right
163
gcm: 0.555285 1.03032 0.325003
H: -2.3014 1.15081 0.561785
L: 0.0289913 0.148525 0.879657
right
164
gcm: 0.555414 1.03205 0.337123
H: -3.83629 1.55445 1.2467
L: 0.00918177 0.123518 0.86049
right
165
gcm: 0.556394 1.03659 0.351743
H: -3.85535 1.74607 -1.58221
L: 0.0695565 0.3221 1.03805
right
166
gcm: 0.557236 1.03904 0.365687
H: -4.34357 1.88253 -1.43652
L: 0.0598122 0.174071 0.989974
right
167
gcm: 0.558137 1.0418 0.379643
H: -4.48628 2.04524 -1.80914
L: 0.0639905 0.195588 0.99089
right
168
gcm: 0.558602 1.04312 0.392218
H: -5.64445 2.30527 -0.454576
L: 0.0329993 0.0939713 0.892841
right
169
gcm: 0.559228 1.04311 0.405208
H: -5.15073 2.2644 -0.900972
L: 0.0444034 -0.00100868 0.922257
right
170
gcm: 0.559592 1.04435 0.418454
H: -5.52551 2.41002 0.512968
L: 0.0258915 0.0880993 0.940497
right
171
gcm: 0.559998 1.04511 0.431854
H: -5.19021 2.19793 0.0147093
L: 0.0287901 0.0541141 0.951369
right
172
gcm: 0.560469 1.04511 0.445306
H: -4.17906 2.11088 -0.744127
L: 0.0334839 0.000225584 0.955108
right
173
gcm: 0.560512 1.04506 0.458768
H: -4.65272 2.44196 0.434778
L: 0.00301827 -0.00398445 0.955804
right
174
gcm: 0.560604 1.04513 0.472432
H: -5.96432 2.53986 0.259752
L: 0.00657607 0.00512454 0.970163
right
175
gcm: 0.561009 1.04486 0.486299
H: -5.39855 2.04127 0.0664459
L: 0.0287502 -0.018919 0.984542
right
176
gcm: 0.561508 1.04433 0.500243
H: -5.63307 1.93421 0.266957
L: 0.0353843 -0.0376646 0.990047
right
177
gcm: 0.562144 1.04389 0.514358
H: -6.22075 1.85943 -0.711495
L: 0.045187 -0.031163 1.00214
right
178
gcm: 0.56266 1.0437 0.528491
H: -5.58298 2.01818 -0.240345
L: 0.0366289 -0.0138464 1.00341
right
179
gcm: 0.562918 1.04377 0.542285
H: -5.66163 2.11558 0.678604
L: 0.0183149 0.00485526 0.979422
right
180
gcm: 0.563057 1.04382 0.555743
H: -7.45091 1.99119 0.926854
L: 0.00987629 0.00349463 0.95553
right
181
gcm: 0.563223 1.04344 0.569382
H: -7.89763 1.86257 0.991354
L: 0.0118071 -0.0265393 0.96835
right
182
gcm: 0.563748 1.04303 0.583282
H: -8.49628 1.86888 -0.316004
L: 0.037231 -0.0291784 0.986867
right
183
gcm: 0.564839 1.04283 0.596827
H: -9.43654 1.80938 -1.4327
L: 0.0774425 -0.0142063 0.961693
right
184
gcm: 0.564647 1.04268 0.609912
H: -9.39724 2.15189 1.65902
L: -0.0135878 -0.0106699 0.929038
right
185
gcm: 0.564254 1.04207 0.622354
H: -10.7288 2.05584 1.65386
L: -0.0279167 -0.0432432 0.883422
right
186
gcm: 0.564517 1.04031 0.635529
H: -9.27202 1.50933 0.39103
L: 0.0186496 -0.124794 0.93543
right
187
gcm: 0.566018 1.04082 0.651549
H: -5.85255 1.09058 -2.07862
L: 0.106622 0.0359969 1.13739
right
188
gcm: 0.566474 1.04113 0.665767
H: -7.73013 1.17769 -0.798872
L: 0.0323206 0.0217686 1.00947
right
189
gcm: 0.567181 1.03874 0.678977
H: -10.3116 1.54045 -1.38834
L: 0.0502208 -0.169234 0.93791
right
190
gcm: 0.567602 1.03658 0.692399
H: -10.2147 1.31435 -0.794828
L: 0.0298953 -0.154006 0.952956
right
191
gcm: 0.567793 1.03576 0.705958
H: -6.80441 1.1698 -0.149138
L: 0.013591 -0.0578351 0.962696
right
192
gcm: 0.568386 1.03484 0.720138
H: -1.84371 0.942815 -1.26989
L: 0.0420772 -0.0654291 1.00682
right
193
gcm: 0.569345 1.03351 0.734063
H: -2.7127 0.891058 -2.08919
L: 0.0680671 -0.0943563 0.988687
right
194
gcm: 0.569078 1.03294 0.748288
H: -3.47407 0.634117 -1.37491
L: -0.0189464 -0.0403284 1.00998
right
195
gcm: 0.569052 1.03113 0.762497
H: -2.50484 0.401931 -1.61314
L: -0.00183833 -0.128517 1.00879
right
196
gcm: 0.568976 1.02885 0.776564
H: -1.46125 0.896431 0.112665
L: -0.00541679 -0.161973 0.99877
right
197
gcm: 0.568688 1.02503 0.79099
H: 1.16523 1.36614 1.42974
L: -0.0203989 -0.271281 1.02426
right
198
gcm: 0.568265 1.02263 0.80574
H: 3.65753 1.29006 1.51592
L: -0.0300562 -0.170465 1.04721
right
199
gcm: 0.567566 1.01994 0.820221
H: 3.5952 1.2234 1.59621
L: -0.0496136 -0.190739 1.02817
right
200
gcm: 0.566828 1.01691 0.834852
H: 4.28247 1.38058 2.40417
L: -0.0524439 -0.214991 1.0388
right
201
gcm: 0.566083 1.01406 0.849928
H: 6.11101 1.23802 2.77004
L: -0.0528946 -0.202322 1.07039
right
202
gcm: 0.565288 1.01148 0.864769
H: 6.77255 0.761106 1.81666
L: -0.0564491 -0.183776 1.05374
right
203
gcm: 0.564554 1.01 0.879789
H: 7.73745 0.604458 1.06696
L: -0.0520641 -0.104581 1.06637
right
204
gcm: 0.563649 1.01018 0.894586
H: 7.08974 0.688144 1.24592
L: -0.0642991 0.0124906 1.0506
right
205
gcm: 0.562308 1.01073 0.910073
H: 9.96139 0.867577 1.62556
L: -0.0951752 0.0391542 1.09956
right
206
gcm: 0.56117 1.01049 0.925618
H: 10.0427 0.769574 0.181995
L: -0.0808267 -0.0169544 1.10372
right
207
gcm: 0.560138 1.00955 0.940918
H: 10.1868 0.906152 -0.541409
L: -0.0732485 -0.0665849 1.08629
right
208
gcm: 0.558991 1.0087 0.955972
H: 11.1561 1.02963 -0.836446
L: -0.0814759 -0.0607892 1.06884
none 
209
gcm: 0.558402 1.0085 0.970585
H: 12.1064 1.38295 -2.17811
L: -0.0417558 -0.0141823 1.03751
none 
210
gcm: 0.557973 1.008 0.986631
H: 18.386 2.35434 -2.0781
L: -0.0304559 -0.0351315 1.13926
left
211
gcm: 0.556908 1.00711 1.00306
H: 17.7443 2.18127 -0.684085
L: -0.0756306 -0.0631916 1.16679
left
212
gcm: 0.555683 1.00666 1.01852
H: 14.551 1.70194 -0.884682
L: -0.0870006 -0.0319543 1.0975
left
213
gcm: 0.554733 1.00765 1.03387
H: 13.5468 2.02717 -1.64527
L: -0.0674098 0.0703716 1.08998
left
214
gcm: 0.55406 1.00948 1.04928
H: 10.8537 1.74967 -0.791692
L: -0.0478497 0.129494 1.0942
left
215
gcm: 0.553264 1.01231 1.06476
H: 8.90588 1.05937 2.08577
L: -0.0564783 0.200827 1.09869
left
216
gcm: 0.552089 1.0147 1.08006
H: 6.51368 0.762659 1.02678
L: -0.0834337 0.17001 1.08632
left
217
gcm: 0.550886 1.01702 1.09488
H: 7.31901 1.28532 0.0897182
L: -0.0854191 0.164913 1.05224
left
218
gcm: 0.550026 1.02031 1.10946
H: 0.799761 -0.24489 1.91743
L: -0.06105 0.233633 1.03519
left
219
gcm: 0.549443 1.02422 1.12421
H: 3.80313 0.268563 1.03158
L: -0.041383 0.277346 1.04708
left
220
gcm: 0.548925 1.02673 1.13884
H: 2.50967 -0.179485 1.13178
L: -0.0368151 0.177856 1.03888
left
221
gcm: 0.548789 1.02852 1.15304
H: 0.0974194 -0.743746 0.148303
L: -0.00960323 0.127499 1.00806
left
222
gcm: 0.548782 1.03087 1.16701
H: -1.64242 -1.09705 -1.02429
L: -0.000513224 0.166918 0.992282
left
223
gcm: 0.548675 1.03366 1.18091
H: -3.1014 -1.61456 -0.260468
L: -0.00761995 0.198129 0.986657
left
224
gcm: 0.549306 1.03674 1.19477
H: -3.2835 -1.95822 -0.807949
L: 0.0447973 0.218756 0.984364
left
225
gcm: 0.550008 1.03956 1.20889
H: -2.62356 -1.86545 -0.807137
L: 0.0498448 0.20005 1.00193
left
226
gcm: 0.549955 1.04169 1.2235
H: -2.32436 -1.57497 1.48277
L: -0.00377416 0.150862 1.03756
left
227
gcm: 0.550128 1.04388 1.23731
H: -3.28804 -1.84305 0.0381213
L: 0.0123337 0.156036 0.98029
left
228
gcm: 0.550362 1.04647 1.25109
H: -4.28189 -2.20097 -1.39953
L: 0.0165993 0.183747 0.978906
left
229
gcm: 0.550176 1.0485 1.26503
H: -4.40288 -1.95865 -0.12155
L: -0.0132196 0.143674 0.989274
left
230
gcm: 0.550362 1.05005 1.27908
H: -3.45067 -1.95413 0.157856
L: 0.0131962 0.110437 0.997691
left
231
gcm: 0.550843 1.05145 1.2926
H: -4.69396 -2.21257 -0.962204
L: 0.0341354 0.0995546 0.95983
left
232
gcm: 0.551516 1.05262 1.30682
H: -3.67488 -2.22629 -2.50131
L: 0.0478216 0.0826694 1.00973
left
233
gcm: 0.551852 1.05295 1.32063
H: -3.59387 -2.42174 -2.05991
L: 0.0238739 0.0233135 0.980386
left
234
gcm: 0.550395 1.04905 1.33074
H: -8.69377 -1.72633 6.00976
L: -0.103494 -0.27689 0.717908
left
235
gcm: 0.551076 1.0507 1.34777
H: -0.0814796 -2.34873 -0.808439
L: 0.0483797 0.117253 1.20913
left
236
gcm: 0.551401 1.05212 1.36265
H: -4.57198 -2.24915 -1.43698
L: 0.0230802 0.10124 1.05631
left
237
gcm: 0.551803 1.05262 1.37674
H: -8.85556 -2.1095 -0.590884
L: 0.0285187 0.0350112 1.00035
left
238
gcm: 0.552634 1.05307 1.39138
H: -3.4792 -2.5017 -1.48964
L: 0.0590419 0.0324715 1.03934
left
239
gcm: 0.553378 1.05433 1.40644
H: -3.47358 -2.20562 -0.001359
L: 0.0527578 0.0888588 1.06965
left
240
gcm: 0.553941 1.05503 1.42046
H: -6.56432 -2.44626 -1.45153
L: 0.0399762 0.0502858 0.995566
left
241
gcm: 0.554187 1.0545 1.43484
H: -7.06346 -2.17462 0.0475636
L: 0.0174794 -0.0379019 1.02063
left
242
gcm: 0.554314 1.05534 1.44794
H: -10.4474 -2.03465 0.516422
L: 0.00906683 0.0595562 0.929975
left
243
gcm: 0.554342 1.05642 1.46199
H: -7.21935 -2.14331 0.124438
L: 0.00193247 0.0764621 0.997536
left
244
gcm: 0.554751 1.05609 1.47812
H: -2.46782 -2.04952 0.56503
L: 0.0290836 -0.0229519 1.1453
left
245
gcm: 0.554835 1.05581 1.49181
H: -9.47287 -2.02318 0.700899
L: 0.00592412 -0.0199199 0.972194
left
246
gcm: 0.55521 1.05565 1.50389
H: -13.8352 -2.31732 -0.980319
L: 0.0266159 -0.0112841 0.857586
left
247
gcm: 0.555929 1.05503 1.51861
H: -6.43392 -2.15413 -1.1432
L: 0.0510628 -0.0442089 1.04552
left
248
gcm: 0.5569 1.05422 1.53271
H: -7.10865 -2.35596 -0.775937
L: 0.0689638 -0.0577417 1.00085
left
249
gcm: 0.55757 1.05341 1.54881
H: -3.48054 -2.00412 -0.858743
L: 0.0475629 -0.0573426 1.14289
left
250
gcm: 0.557781 1.05303 1.56167
H: -10.129 -2.23521 0.384772
L: 0.0149644 -0.0268212 0.913048
left
251
gcm: 0.557272 1.05237 1.57556
H: -7.71541 -1.68637 1.99426
L: -0.0361471 -0.0470506 0.98625
left
252
gcm: 0.557993 1.05163 1.58924
H: -7.03576 -1.92512 0.822448
L: 0.0512472 -0.0528269 0.97131
left
253
gcm: 0.55878 1.05096 1.60338
H: -3.92535 -1.54107 0.553331
L: 0.055855 -0.0474052 1.0038
left
254
gcm: 0.559479 1.04958 1.61804
H: -2.93737 -1.26973 0.758872
L: 0.0495846 -0.0975232 1.0413
left
255
gcm: 0.559954 1.04806 1.63316
H: -1.98454 -0.988264 1.32762
L: 0.0337817 -0.108237 1.07366
left
256
gcm: 0.560823 1.04678 1.64612
H: -6.50506 -1.07911 1.05232
L: 0.0616731 -0.090705 0.91997
left
257
gcm: 0.561931 1.04503 1.66222
H: 2.60274 -1.14881 -0.370185
L: 0.0786751 -0.124234 1.14326
left
258
gcm: 0.563013 1.04278 1.67604
H: -1.64469 -0.934699 -0.0341786
L: 0.0768196 -0.159727 0.981184
left
259
gcm: 0.563954 1.03967 1.69096
H: 2.32919 -1.25459 0.513517
L: 0.0667836 -0.221212 1.05888
left
260
gcm: 0.564755 1.03766 1.70637
H: 2.98422 -1.25026 -0.0401743
L: 0.0569002 -0.142335 1.09391
left
261
gcm: 0.565523 1.03545 1.72252
H: 6.38782 -1.73133 -1.02253
L: 0.0544992 -0.157032 1.14683
left
262
gcm: 0.566916 1.0325 1.73815
H: 7.97951 -1.89161 0.185718
L: 0.0989214 -0.209195 1.10972
left
263
gcm: 0.568158 1.02983 1.75355
H: 10.9361 -1.697 -0.122036
L: 0.0881556 -0.190188 1.09333
left
264
gcm: 0.569525 1.02862 1.76913
H: 14.1632 -1.36744 -0.632174
L: 0.0970607 -0.0856214 1.10649
left
265
gcm: 0.571213 1.02804 1.78427
H: 14.9316 -2.16888 -0.718401
L: 0.119877 -0.0408908 1.07465
left
266
gcm: 0.5732 1.02652 1.79944
H: 10.9847 -0.653298 -0.305917
L: 0.141072 -0.108477 1.07744
left
267
gcm: 0.575814 1.02473 1.81715
H: 17.9207 -0.884251 -0.675825
L: 0.185631 -0.126682 1.25721
right
268
gcm: 0.577511 1.02443 1.83403
H: 17.3228 -0.869093 -0.77505
L: 0.120487 -0.0211026 1.19844
right
269
gcm: 0.579304 1.02297 1.8506
H: 16.6275 -2.49726 0.507692
L: 0.127295 -0.104071 1.17627
right
270
gcm: 0.581123 1.0203 1.8654
H: 19.2857 -2.30344 -0.830613
L: 0.129105 -0.1898 1.0509
right
271
gcm: 0.582104 1.01853 1.88083
H: 11.5268 -0.893711 1.43207
L: 0.0696418 -0.125147 1.09554
right
272
gcm: 0.584017 1.01849 1.89709
H: 10.1371 -0.405108 -0.305226
L: 0.135873 -0.00274445 1.15471
right
273
gcm: 0.585877 1.02075 1.91297
H: 10.6087 -1.20515 -0.832876
L: 0.132022 0.160324 1.12766
right
274
gcm: 0.588126 1.02342 1.92862
H: 12.3994 -1.92286 -1.1469
L: 0.159686 0.189263 1.11122
right
275
gcm: 0.590798 1.02414 1.94335
H: 10.329 -1.81372 -2.86433
L: 0.189702 0.0512546 1.04585
right
276
gcm: 0.592713 1.02521 1.95826
H: 4.63568 -0.898029 -0.192456
L: 0.135977 0.0758328 1.05843
right
277
gcm: 0.594378 1.02658 1.97313
H: 2.49102 -0.586004 -0.513104
L: 0.118198 0.0971036 1.05577
right
278
gcm: 0.596578 1.02877 1.9885
H: 4.8506 -0.664282 -2.25812
L: 0.156226 0.155601 1.09115
right
279
gcm: 0.598511 1.03148 2.00339
H: 3.81433 -0.133868 -2.45644
L: 0.137276 0.192889 1.0573
right
280
gcm: 0.598992 1.03398 2.01734
H: 1.98376 0.729795 1.27294
L: 0.0341065 0.177153 0.990185
right
281
gcm: 0.598704 1.03583 2.03076
H: -2.559 1.47657 3.74159
L: -0.0204154 0.131181 0.952647
right
282
gcm: 0.600119 1.03853 2.04395
H: -1.13432 1.11368 -0.0749103
L: 0.100468 0.192049 0.936483
right
283
gcm: 0.601086 1.04191 2.05799
H: -2.77802 1.36232 1.30546
L: 0.0686103 0.239919 0.997305
right
284
gcm: 0.601171 1.04562 2.07176
H: 0.722783 1.1333 1.87423
L: 0.00608441 0.263474 0.977591
right
285
gcm: 0.601829 1.04978 2.08545
H: -1.19459 1.38599 0.164413
L: 0.0467198 0.294971 0.971675
right
286
gcm: 0.602808 1.05168 2.09873
H: -2.87317 1.42405 -1.02934
L: 0.0695121 0.135261 0.942792
right
287
gcm: 0.602772 1.05406 2.11259
H: -6.12536 2.85555 1.9318
L: -0.00262233 0.168668 0.98426
right
288
gcm: 0.60394 1.05501 2.12578
H: -5.80924 2.63896 -1.56605
L: 0.0829787 0.0676325 0.936598
right
289
gcm: 0.605106 1.0569 2.1392
H: -6.44387 2.94985 -3.15725
L: 0.0827495 0.134426 0.95289
right
290
gcm: 0.606895 1.05992 2.15441
H: -10.2842 2.44056 -0.886996
L: 0.127067 0.214461 1.07974
right
291
gcm: 0.606949 1.0633 2.16814
H: -6.73508 2.67431 2.28875
L: 0.0037989 0.239472 0.975157
right
292
gcm: 0.609752 1.0649 2.17923
H: -9.87351 1.68617 -4.37459
L: 0.198987 0.113735 0.786988
right
293
gcm: 0.609705 1.06535 2.19434
H: -6.82062 2.89296 0.885033
L: -0.00330086 0.0319025 1.07274
right
294
gcm: 0.61006 1.06606 2.20765
H: -6.59776 2.50232 0.848696
L: 0.0252292 0.050647 0.945291
right
295
gcm: 0.609557 1.06793 2.2199
H: -6.94251 2.89279 1.79791
L: -0.0357681 0.132596 0.869739
right
296
gcm: 0.610991 1.06846 2.23518
H: -3.01724 1.26866 -1.28726
L: 0.10181 0.0376951 1.08497
right
297
gcm: 0.612466 1.0682 2.24855
H: -9.09691 2.10531 -1.67019
L: 0.104766 -0.0185151 0.949315
right
298
gcm: 0.611669 1.06828 2.26266
H: -1.93208 2.79059 2.53518
L: -0.0565776 0.00578489 1.00172
right
299
gcm: 0.610936 1.06874 2.27708
H: -7.62227 2.92294 -1.10889
L: -0.0520769 0.0325931 1.02382
right
300
gcm: 0.610552 1.06978 2.29128
H: -5.86613 2.74834 3.14927
L: -0.0272577 0.0736419 1.00824
right
300
gcm: 0.610552 1.06978 2.29128
H: 0 0 0
L: 0 0 0
none 
