:metadata
 
Skeleton: /Network/Servers/duerer/Volumes/duerer/laturnus/workspace/new_acm/asf/07-walk.asf
Motion: /Network/Servers/duerer/Volumes/duerer/laturnus/workspace/new_acm/amc/07_12-walk.amc
Mass Distribution: /Network/Servers/duerer/Volumes/duerer/laturnus/workspace/new_acm/amd/NHR03-06.amd
 
Inital skeleton translation: 0 0 0
Initial skeleton rotation: 0 0 0
 
:data
1
gcm: 0.49266 0.982972 -2.30007
H: -3.85024 -1.6265 -0.981911
L: -0.000477339 0.0287263 1.07274
left
2
gcm: 0.492677 0.98218 -2.28536
H: -3.69212 -1.65098 -0.786806
L: 0.00115315 -0.0562738 1.04438
left
3
gcm: 0.492437 0.979759 -2.27027
H: -2.53704 -1.5468 0.546405
L: -0.0170419 -0.171827 1.07128
left
4
gcm: 0.492173 0.986251 -2.25249
H: -4.38096 -2.327 -0.244839
L: -0.0187178 0.460924 1.2623
left
5
gcm: 0.492333 0.982071 -2.23792
H: -16.3714 -2.70307 5.16903
L: 0.0113936 -0.296827 1.03469
left
6
gcm: 0.491822 0.97993 -2.22268
H: -8.68052 -2.00568 0.751085
L: -0.0363037 -0.151988 1.08192
left
7
gcm: 0.491955 0.980221 -2.20636
H: -8.37856 -2.17424 -1.27026
L: 0.00941054 0.0206534 1.1583
left
8
gcm: 0.492052 0.980021 -2.19025
H: -6.88387 -2.01818 -0.614516
L: 0.00691886 -0.0141645 1.14435
left
9
gcm: 0.491685 0.979736 -2.17433
H: -6.20541 -2.06173 -0.367124
L: -0.0260801 -0.0202731 1.12993
left
10
gcm: 0.491015 0.980289 -2.15838
H: -7.58763 -2.08838 -0.583491
L: -0.0475547 0.0392685 1.13283
left
11
gcm: 0.490626 0.980419 -2.14255
H: -8.66902 -2.18473 -0.679157
L: -0.0276465 0.00924267 1.12355
left
12
gcm: 0.490833 0.980014 -2.12644
H: -8.67806 -2.39921 -1.38542
L: 0.0147005 -0.0287414 1.14427
left
13
gcm: 0.491029 0.979639 -2.1102
H: -8.31132 -2.10468 -1.27392
L: 0.013943 -0.0266347 1.15243
left
14
gcm: 0.490963 0.979674 -2.09422
H: -8.43682 -2.64141 -1.35327
L: -0.00468267 0.00244254 1.13482
left
15
gcm: 0.490371 0.979638 -2.07821
H: -9.03455 -2.02942 -0.758652
L: -0.0420692 -0.002512 1.1371
left
16
gcm: 0.489514 0.979297 -2.06204
H: -8.8565 -1.88929 0.00588527
L: -0.0608409 -0.024251 1.14758
left
17
gcm: 0.489432 0.978982 -2.04598
H: -6.66056 -2.14666 -0.564218
L: -0.00579649 -0.0223736 1.14064
left
18
gcm: 0.489731 0.978607 -2.03006
H: -6.09395 -1.94455 -0.70833
L: 0.0212534 -0.0265803 1.13029
left
19
gcm: 0.489808 0.978043 -2.0138
H: -5.29169 -1.52018 -0.761883
L: 0.00543818 -0.0400822 1.15409
left
20
gcm: 0.49017 0.977862 -1.99746
H: -3.25275 -1.2816 -0.99241
L: 0.0257087 -0.0127938 1.16023
left
21
gcm: 0.490094 0.978327 -1.98136
H: -1.84978 -1.20098 0.427446
L: -0.00537275 0.0329546 1.14321
left
22
gcm: 0.489472 0.978325 -1.96508
H: -1.19677 -1.2442 1.65484
L: -0.0442167 -0.000114459 1.15577
left
23
gcm: 0.489143 0.977812 -1.94856
H: 1.20659 -1.07562 1.21449
L: -0.0233621 -0.0364084 1.1729
left
24
gcm: 0.489135 0.976993 -1.9322
H: 1.14614 -0.0283 0.364553
L: -0.000555913 -0.0581545 1.16194
left
25
gcm: 0.489006 0.976174 -1.91587
H: 3.70261 -0.911263 1.70864
L: -0.00912217 -0.0581338 1.15935
left
26
gcm: 0.489101 0.974255 -1.89875
H: 9.00726 -1.07438 0.977224
L: 0.00672559 -0.136276 1.21524
left
27
gcm: 0.48922 0.972266 -1.88161
H: 12.7924 -1.44934 0.486844
L: 0.00842786 -0.141212 1.21729
left
28
gcm: 0.489828 0.972166 -1.86425
H: 14.9589 -1.87854 1.35976
L: 0.0431603 -0.00711203 1.23256
left
29
gcm: 0.490615 0.972159 -1.84504
H: 19.2737 -1.01387 -1.31083
L: 0.0559114 -0.00048966 1.36378
left
30
gcm: 0.491547 0.971733 -1.82652
H: 20.1657 -2.40785 1.67361
L: 0.0661425 -0.0302168 1.31511
left
31
gcm: 0.49308 0.971104 -1.80855
H: 18.6934 -1.73816 0.620242
L: 0.10884 -0.044661 1.27523
right
32
gcm: 0.494667 0.970839 -1.79068
H: 14.0014 -0.26648 -2.43116
L: 0.112721 -0.0188414 1.26907
right
33
gcm: 0.495869 0.970971 -1.7727
H: 11.4109 0.0396894 -3.00011
L: 0.0853391 0.00934893 1.27685
right
34
gcm: 0.496688 0.971107 -1.75465
H: 17.8349 -2.28171 1.67964
L: 0.0581079 0.00969302 1.28133
right
35
gcm: 0.49758 0.971362 -1.73689
H: 13.0485 -1.19951 -0.710951
L: 0.0633312 0.0180743 1.26065
right
36
gcm: 0.498688 0.972763 -1.71938
H: 10.4814 -0.858579 -0.245695
L: 0.0787233 0.0994756 1.2432
right
37
gcm: 0.500022 0.974316 -1.70198
H: 7.61268 -1.25191 -0.454258
L: 0.0946886 0.11026 1.23606
right
38
gcm: 0.501267 0.975628 -1.68492
H: 5.793 -0.188658 -0.879192
L: 0.0884008 0.0931963 1.21109
right
39
gcm: 0.502208 0.978312 -1.66792
H: 3.17298 0.0718591 -0.807279
L: 0.0668364 0.190517 1.20665
right
40
gcm: 0.503003 0.980967 -1.65106
H: 1.05293 0.695367 -1.25231
L: 0.0563841 0.188556 1.19754
right
41
gcm: 0.503742 0.982872 -1.63465
H: -0.777342 1.02042 -1.79041
L: 0.0524833 0.135232 1.1645
right
42
gcm: 0.504367 0.985154 -1.61843
H: -0.952558 1.14994 -0.921036
L: 0.0444203 0.161984 1.15227
right
43
gcm: 0.504824 0.988047 -1.60216
H: -1.25065 1.41392 0.440088
L: 0.0323946 0.205406 1.15463
right
44
gcm: 0.50509 0.990859 -1.586
H: -2.41207 1.72911 -0.0311469
L: 0.0189226 0.199699 1.14761
right
45
gcm: 0.505323 0.993626 -1.56986
H: -3.96566 1.92359 -0.542301
L: 0.0165402 0.196407 1.14605
right
46
gcm: 0.505391 0.996684 -1.55403
H: -5.32024 2.00736 0.237511
L: 0.00478408 0.21718 1.12401
right
47
gcm: 0.505189 0.99945 -1.53853
H: -5.21953 2.06283 0.612208
L: -0.0143107 0.196324 1.10048
right
48
gcm: 0.50516 1.00139 -1.5228
H: -4.79762 2.06993 0.300516
L: -0.00206965 0.137931 1.11681
right
49
gcm: 0.505445 1.00315 -1.50684
H: -5.98518 2.31509 0.0534643
L: 0.020277 0.124697 1.13328
right
50
gcm: 0.505927 1.00378 -1.4908
H: -6.42237 2.46555 0.0915847
L: 0.0341575 0.0447625 1.13881
right
51
gcm: 0.506339 1.00456 -1.47451
H: -5.71682 2.24094 -0.705063
L: 0.0292807 0.0555269 1.15608
right
52
gcm: 0.506522 1.00509 -1.45829
H: -5.71314 2.17701 0.223832
L: 0.0130094 0.0372803 1.15192
right
53
gcm: 0.506647 1.00577 -1.44175
H: -6.0304 2.30576 0.766424
L: 0.0088317 0.0486845 1.17451
right
54
gcm: 0.5073 1.00583 -1.42483
H: -4.81944 2.02171 -0.269735
L: 0.0463967 0.0042122 1.20136
right
55
gcm: 0.507925 1.0052 -1.40827
H: -4.4591 1.83101 -0.356756
L: 0.0443561 -0.0451463 1.17562
right
56
gcm: 0.508078 1.00487 -1.39194
H: -6.30258 2.1227 0.170386
L: 0.0109093 -0.0232659 1.15927
right
57
gcm: 0.508366 1.00446 -1.37537
H: -7.91559 2.37942 0.141938
L: 0.0204001 -0.0290165 1.17663
right
58
gcm: 0.508842 1.00373 -1.35883
H: -8.43845 2.33448 0.255651
L: 0.0337938 -0.0521087 1.17395
right
59
gcm: 0.509092 1.00325 -1.34254
H: -8.47838 2.13999 0.559428
L: 0.0177587 -0.0340458 1.15687
right
60
gcm: 0.509383 1.00308 -1.32619
H: -8.35895 2.01521 0.286366
L: 0.0206797 -0.0115856 1.16085
right
61
gcm: 0.509932 1.00316 -1.30997
H: -8.57013 2.00685 0.107331
L: 0.0389743 0.00573792 1.15133
right
62
gcm: 0.510283 1.0033 -1.29402
H: -8.43476 1.21975 0.271643
L: 0.0249449 0.00943975 1.13284
right
63
gcm: 0.510622 1.00326 -1.27793
H: -9.02715 2.36967 -0.0501045
L: 0.0240546 -0.00256209 1.14254
right
64
gcm: 0.510997 1.00306 -1.26174
H: -8.5616 2.00833 -0.130005
L: 0.0266156 -0.0141094 1.1495
right
65
gcm: 0.511208 1.00274 -1.24573
H: -9.068 1.75659 0.485564
L: 0.014988 -0.0226275 1.13611
right
66
gcm: 0.511693 1.00225 -1.23002
H: -10.4337 1.74849 -0.177098
L: 0.0344362 -0.0350522 1.11608
right
67
gcm: 0.512071 1.00171 -1.21502
H: -13.7498 1.81983 -0.708179
L: 0.0268115 -0.0383929 1.06457
right
68
gcm: 0.512213 1.00064 -1.19817
H: -4.61024 1.76661 0.388152
L: 0.0100666 -0.0758583 1.19634
right
69
gcm: 0.512709 0.999713 -1.18135
H: -4.3285 1.05725 -0.465133
L: 0.0352677 -0.065785 1.19452
right
70
gcm: 0.513245 0.999242 -1.16454
H: -3.71139 0.740169 -1.43722
L: 0.0380118 -0.0334369 1.19328
right
71
gcm: 0.513449 0.998588 -1.14775
H: -3.04307 0.608162 -0.609282
L: 0.0145255 -0.0464452 1.19191
right
72
gcm: 0.513786 0.99728 -1.13096
H: -2.49286 0.640966 -0.384248
L: 0.0238828 -0.0928576 1.19222
right
73
gcm: 0.51431 0.995516 -1.11422
H: -2.3299 0.824121 -0.72023
L: 0.0372162 -0.125254 1.18876
right
74
gcm: 0.514527 0.99369 -1.0975
H: -1.12197 1.06139 0.219935
L: 0.0154504 -0.12962 1.18669
right
75
gcm: 0.514774 0.992276 -1.08088
H: 1.32471 0.869743 0.869866
L: 0.0175016 -0.100455 1.18061
right
76
gcm: 0.515224 0.990818 -1.06405
H: 4.31796 0.969817 0.394415
L: 0.0319303 -0.103487 1.19462
right
77
gcm: 0.515265 0.988925 -1.04704
H: 5.53578 1.16606 0.77231
L: 0.00290884 -0.134404 1.20755
right
78
gcm: 0.51489 0.987242 -1.03003
H: 4.25186 1.27252 2.00808
L: -0.0265907 -0.1195 1.20776
right
79
gcm: 0.514434 0.985789 -1.0129
H: 4.25474 1.37609 2.10552
L: -0.0323934 -0.103191 1.21623
right
80
gcm: 0.513979 0.984045 -0.995681
H: 6.5808 0.963515 0.932102
L: -0.0322644 -0.123805 1.22262
right
81
gcm: 0.513572 0.98282 -0.977983
H: 9.93487 0.771357 0.135043
L: -0.0289231 -0.0869524 1.25657
right
82
gcm: 0.513302 0.982908 -0.959831
H: 12.6647 1.04192 -0.0801552
L: -0.0191965 0.00623456 1.28882
right
83
gcm: 0.512956 0.983246 -0.941801
H: 11.7186 1.19344 0.284155
L: -0.0245768 0.0239859 1.28014
right
84
gcm: 0.512287 0.983145 -0.923892
H: 9.45642 1.44541 1.85449
L: -0.0474445 -0.0071569 1.27153
right
85
gcm: 0.511349 0.983151 -0.907054
H: 16.0793 1.21864 -5.09824
L: -0.0666448 0.000442267 1.19545
none 
86
gcm: 0.510434 0.983419 -0.890695
H: 10.9566 1.61977 -1.86624
L: -0.0649405 0.0190209 1.16149
left
87
gcm: 0.510162 0.982575 -0.871202
H: 20.5102 2.30491 3.35687
L: -0.0193037 -0.0599187 1.38401
left
88
gcm: 0.509433 0.983275 -0.852539
H: 21.5283 2.01285 -2.4618
L: -0.051797 0.0496695 1.32506
left
89
gcm: 0.508596 0.984636 -0.834472
H: 16.1231 1.68535 -0.72231
L: -0.0594214 0.0966797 1.28281
left
90
gcm: 0.507933 0.986309 -0.816647
H: 12.6799 1.32723 -0.250076
L: -0.0470396 0.11874 1.26555
left
91
gcm: 0.507339 0.987965 -0.798864
H: 10.6337 1.59146 -0.454798
L: -0.0421536 0.117575 1.26258
left
92
gcm: 0.506772 0.989593 -0.781373
H: 6.31527 0.492582 0.53444
L: -0.0402986 0.115587 1.24185
left
93
gcm: 0.506068 0.991906 -0.76417
H: 2.15066 -0.868976 2.29949
L: -0.0499993 0.164221 1.22143
left
94
gcm: 0.505285 0.994966 -0.746868
H: 2.04444 -0.852532 3.12714
L: -0.0555314 0.217292 1.22846
left
95
gcm: 0.504753 0.998623 -0.728926
H: 2.86672 -1.16206 2.34023
L: -0.0377851 0.259633 1.27389
left
96
gcm: 0.50417 1.00152 -0.711738
H: 0.174464 -1.33185 2.52656
L: -0.0414029 0.205363 1.22035
left
97
gcm: 0.503638 1.00391 -0.694865
H: -4.10697 -0.82659 2.03762
L: -0.0377889 0.170144 1.19795
left
98
gcm: 0.503628 1.00582 -0.678373
H: -3.14166 -1.518 -0.351647
L: -0.000728091 0.135273 1.17092
left
99
gcm: 0.50375 1.00747 -0.661881
H: -1.89185 -1.71508 -0.849871
L: 0.00865559 0.117469 1.17094
left
100
gcm: 0.50375 1.0094 -0.6449
H: -2.23819 -1.72495 -0.368672
L: 6.30352e-05 0.136999 1.20564
left
101
gcm: 0.503632 1.01154 -0.628045
H: -4.44004 -2.13669 0.480781
L: -0.00837811 0.152014 1.19676
left
102
gcm: 0.503587 1.01341 -0.611587
H: -5.81128 -2.30674 0.444149
L: -0.00320188 0.132377 1.16849
left
103
gcm: 0.503883 1.01515 -0.595113
H: -4.96936 -2.14808 -0.482222
L: 0.0209976 0.124067 1.16966
left
104
gcm: 0.504217 1.01592 -0.5786
H: -4.52628 -2.00811 -0.132263
L: 0.0237115 0.0542172 1.17244
left
105
gcm: 0.503857 1.01705 -0.561927
H: -5.5651 -1.96801 1.42307
L: -0.0255862 0.0802051 1.18373
left
106
gcm: 0.503341 1.01776 -0.545174
H: -5.38837 -2.15181 1.25463
L: -0.0366475 0.0508302 1.1895
left
107
gcm: 0.503579 1.01831 -0.528164
H: -5.32069 -1.97745 0.46978
L: 0.0169429 0.0388739 1.20769
left
108
gcm: 0.503768 1.01902 -0.510788
H: -7.10946 -2.10393 -1.03883
L: 0.0134271 0.0500505 1.23375
left
109
gcm: 0.503889 1.0197 -0.493172
H: -8.00867 -2.2921 -1.42271
L: 0.00860462 0.0483071 1.25071
left
110
gcm: 0.504203 1.0194 -0.4757
H: -6.89211 -2.14027 -0.770736
L: 0.0222568 -0.0209413 1.24053
left
111
gcm: 0.504162 1.01951 -0.458566
H: -6.59462 -1.98559 -0.100443
L: -0.00292277 0.00740546 1.21651
left
112
gcm: 0.503975 1.01991 -0.441299
H: -6.48838 -2.21653 -0.013512
L: -0.0132316 0.0287308 1.22593
left
113
gcm: 0.504285 1.02117 -0.423422
H: -7.09025 -2.41213 0.0237265
L: 0.0219624 0.0897279 1.2693
left
114
gcm: 0.504162 1.02168 -0.406772
H: -9.70473 -2.1927 0.956644
L: -0.00872182 0.0357253 1.18212
left
115
gcm: 0.50391 1.02213 -0.389406
H: -7.92044 -1.98895 -0.488373
L: -0.0178566 0.032148 1.23301
left
116
gcm: 0.50357 1.02216 -0.371839
H: -7.51456 -1.9916 -0.258648
L: -0.0241998 0.00187114 1.24723
left
117
gcm: 0.503366 1.02253 -0.354384
H: -8.84473 -2.21013 -0.520279
L: -0.0144196 0.026379 1.23934
left
118
gcm: 0.503112 1.02253 -0.33717
H: -8.89449 -2.44021 -0.13324
L: -0.0180782 -0.000108537 1.22219
left
119
gcm: 0.502729 1.02202 -0.320309
H: -8.49902 -2.57097 0.434952
L: -0.0271912 -0.0357519 1.1971
left
120
gcm: 0.502633 1.02137 -0.303314
H: -7.25858 -2.22408 -0.65684
L: -0.00678641 -0.0462026 1.20664
left
121
gcm: 0.502773 1.02147 -0.286012
H: -7.43335 -2.39312 -1.92217
L: 0.00992084 0.0071334 1.2285
left
122
gcm: 0.502906 1.02299 -0.268664
H: -7.33349 -2.33141 -1.84304
L: 0.00944483 0.10778 1.23165
left
123
gcm: 0.502991 1.02416 -0.25156
H: -6.00167 -1.96677 -0.935891
L: 0.00603376 0.0829895 1.21444
left
124
gcm: 0.503052 1.02414 -0.234663
H: -5.96165 -1.58582 0.0118291
L: 0.00430526 -0.0011874 1.19969
left
125
gcm: 0.503309 1.02405 -0.217356
H: -5.08939 -1.39355 -0.549849
L: 0.0182484 -0.00646167 1.22873
left
126
gcm: 0.503615 1.02355 -0.199711
H: -2.55988 -1.30312 0.00654415
L: 0.0217799 -0.0358671 1.25283
left
127
gcm: 0.503824 1.02247 -0.182388
H: -1.65106 -1.1316 1.32683
L: 0.0147806 -0.0761133 1.22992
left
128
gcm: 0.503859 1.02167 -0.165571
H: -2.31272 -1.21789 0.569032
L: 0.00252157 -0.0572273 1.194
left
129
gcm: 0.503587 1.02108 -0.148349
H: 0.530227 -1.14899 1.6004
L: -0.0193457 -0.0420539 1.22278
left
130
gcm: 0.503527 1.01953 -0.130435
H: 6.0742 -1.06455 2.05079
L: -0.00425297 -0.109746 1.27187
left
131
gcm: 0.503794 1.01817 -0.111837
H: 6.83467 -1.0299 0.612759
L: 0.0189838 -0.0963929 1.32049
left
132
gcm: 0.504204 1.01672 -0.093021
H: 8.40362 -1.00466 -1.2736
L: 0.0291118 -0.103203 1.33591
left
133
gcm: 0.50485 1.01533 -0.07423
H: 9.9507 -1.02151 -0.352327
L: 0.0458529 -0.0989227 1.33416
left
134
gcm: 0.505129 1.01464 -0.0556935
H: 13.3379 -1.13986 1.24557
L: 0.0198127 -0.0486612 1.31609
left
135
gcm: 0.505984 1.01346 -0.034249
H: 25.8126 -1.41557 -1.47794
L: 0.0607296 -0.0839142 1.52256
left
136
gcm: 0.506692 1.01171 -0.0157053
H: 19.3909 -1.21038 0.0684465
L: 0.0502441 -0.124356 1.3166
left
137
gcm: 0.508489 1.01042 0.00324186
H: 17.169 -0.883925 -1.62837
L: 0.127603 -0.091317 1.34525
left
138
gcm: 0.509998 1.00963 0.0218733
H: 18.4105 -1.34936 -1.2715
L: 0.107148 -0.0561589 1.32283
right
139
gcm: 0.510636 1.00841 0.0410875
H: 17.687 -1.26231 0.675024
L: 0.0452556 -0.086574 1.36421
right
140
gcm: 0.511836 1.00781 0.0601808
H: 12.8242 -1.06491 -1.75942
L: 0.085237 -0.0428835 1.35563
right
141
gcm: 0.513095 1.00826 0.0787508
H: 9.97085 -1.17728 -1.6876
L: 0.0893769 0.0321028 1.31847
right
142
gcm: 0.514071 1.00931 0.0968949
H: 8.6345 -1.01223 -0.251791
L: 0.0692641 0.0748332 1.28824
right
143
gcm: 0.515274 1.01053 0.114975
H: 6.93938 -0.99987 -0.971302
L: 0.0854014 0.0864581 1.28368
right
144
gcm: 0.51657 1.01209 0.133617
H: 4.17051 0.381871 -2.50774
L: 0.0920742 0.110852 1.32357
right
145
gcm: 0.517384 1.01387 0.151113
H: 3.26078 0.227256 -0.846204
L: 0.0577537 0.126077 1.2422
right
146
gcm: 0.517812 1.01529 0.167732
H: 1.0696 0.658823 0.164219
L: 0.0304194 0.100708 1.17999
right
147
gcm: 0.517935 1.0171 0.184648
H: -0.866774 1.45974 0.256666
L: 0.00872022 0.128766 1.201
right
148
gcm: 0.518441 1.02043 0.201989
H: -2.02885 1.72103 -0.878886
L: 0.0359247 0.236543 1.23127
right
149
gcm: 0.519263 1.02382 0.218956
H: -1.86584 1.52672 -1.88675
L: 0.058366 0.240442 1.20461
right
150
gcm: 0.519351 1.02604 0.235394
H: -2.35374 1.65325 0.0875873
L: 0.00625092 0.158113 1.16714
right
151
gcm: 0.519009 1.02777 0.251505
H: -4.64331 1.84627 1.80635
L: -0.0242644 0.122779 1.14386
right
152
gcm: 0.519254 1.03012 0.267879
H: -5.25446 1.8953 -0.177346
L: 0.0173566 0.166824 1.16254
right
153
gcm: 0.519951 1.03292 0.285202
H: -2.35302 1.50098 -1.54636
L: 0.0495161 0.198299 1.22993
right
154
gcm: 0.520834 1.03512 0.303296
H: -1.95647 1.37027 -2.90255
L: 0.06265 0.156721 1.28467
right
155
gcm: 0.519184 1.03613 0.31891
H: -6.02635 2.80028 5.10497
L: -0.117093 0.0712797 1.10859
right
156
gcm: 0.519089 1.03666 0.335028
H: -5.44432 2.17987 0.404495
L: -0.00679528 0.0374921 1.14437
right
157
gcm: 0.519329 1.03617 0.351506
H: -4.87848 2.1274 0.153355
L: 0.0170911 -0.034219 1.16995
right
158
gcm: 0.51958 1.03748 0.36851
H: -5.32357 2.32344 0.582505
L: 0.0178106 0.0926421 1.20726
right
159
gcm: 0.520226 1.03809 0.385702
H: -4.99777 1.96286 -0.966997
L: 0.0458156 0.0437609 1.22068
right
160
gcm: 0.520382 1.03759 0.402878
H: -6.20728 1.88457 -0.551905
L: 0.0111176 -0.0355236 1.2195
right
161
gcm: 0.520092 1.03746 0.420067
H: -6.75142 2.12512 0.503333
L: -0.0206028 -0.00944374 1.22043
right
162
gcm: 0.520257 1.03745 0.437125
H: -5.75257 2.06679 0.177414
L: 0.0117017 -0.00110143 1.21111
right
163
gcm: 0.520443 1.03738 0.454039
H: -6.60746 2.17786 0.286197
L: 0.0132527 -0.00491343 1.20086
right
164
gcm: 0.520255 1.03779 0.471079
H: -8.0645 2.20818 0.432692
L: -0.0133729 0.0290968 1.20983
right
165
gcm: 0.520015 1.03867 0.488297
H: -8.31345 2.12544 0.619442
L: -0.0170603 0.0629375 1.22247
right
166
gcm: 0.521055 1.03882 0.505445
H: -8.56104 1.68494 -3.21776
L: 0.0738311 0.0106001 1.21753
right
167
gcm: 0.520889 1.03913 0.522796
H: -8.44458 2.20237 0.44865
L: -0.0117604 0.0217031 1.23189
right
168
gcm: 0.519829 1.04019 0.540155
H: -9.00975 2.63624 4.01155
L: -0.0752363 0.0751369 1.23251
right
169
gcm: 0.520415 1.04119 0.557288
H: -9.59484 1.69274 -1.38774
L: 0.0415713 0.0709363 1.21642
right
170
gcm: 0.520379 1.04155 0.574142
H: -10.8906 1.83693 0.286951
L: -0.0025334 0.0258852 1.19663
right
171
gcm: 0.520721 1.04141 0.590595
H: -10.955 1.46326 -1.30112
L: 0.0242917 -0.00988714 1.16816
right
172
gcm: 0.52119 1.04141 0.606923
H: -12.7997 2.06013 -1.59126
L: 0.0333079 -0.000162862 1.15929
right
173
gcm: 0.52108 1.04119 0.623961
H: -10.4896 1.59786 -0.289282
L: -0.00786895 -0.0157213 1.20972
right
174
gcm: 0.520986 1.04095 0.641445
H: -6.07864 1.1332 -0.313219
L: -0.00661919 -0.0169947 1.24139
right
175
gcm: 0.521249 1.04081 0.659014
H: -5.26303 0.732297 -2.23668
L: 0.0186129 -0.00975269 1.24736
right
176
gcm: 0.521506 1.04055 0.676806
H: -0.648824 1.349 -0.459412
L: 0.018309 -0.0188114 1.26326
right
177
gcm: 0.521826 1.03987 0.694369
H: -1.11056 1.17339 -0.474029
L: 0.0226535 -0.0478511 1.24697
right
178
gcm: 0.521784 1.03813 0.711688
H: -2.39837 0.833271 -0.38876
L: -0.00293544 -0.123412 1.22967
right
179
gcm: 0.521492 1.03606 0.729207
H: -2.10752 0.563387 -0.331555
L: -0.020773 -0.146861 1.24384
right
180
gcm: 0.521506 1.03398 0.747027
H: 1.3029 0.775434 -0.231415
L: 0.00105338 -0.148159 1.26517
right
181
gcm: 0.521152 1.03162 0.764724
H: 4.02963 1.03455 1.08231
L: -0.0251348 -0.167578 1.25653
right
182
gcm: 0.520672 1.02904 0.782205
H: 5.49635 0.967368 1.00257
L: -0.0341399 -0.182813 1.24114
right
183
gcm: 0.520619 1.026 0.799867
H: 6.96094 0.94114 -0.359419
L: -0.00372841 -0.216063 1.254
right
184
gcm: 0.520266 1.02283 0.817738
H: 6.96507 0.751067 -0.289959
L: -0.0250982 -0.225234 1.26882
right
185
gcm: 0.519538 1.01995 0.835548
H: 11.2647 1.37507 1.57491
L: -0.0516629 -0.203958 1.26452
right
186
gcm: 0.518927 1.01791 0.853539
H: 14.6293 1.46916 0.98544
L: -0.0433891 -0.145512 1.27739
right
187
gcm: 0.518266 1.01709 0.871498
H: 14.6974 1.49986 -0.342904
L: -0.046932 -0.0577901 1.27509
right
188
gcm: 0.517268 1.01624 0.888956
H: 13.7598 1.87874 -0.850443
L: -0.0708442 -0.0607987 1.2395
right
189
gcm: 0.516205 1.01448 0.906145
H: 13.4426 1.68179 -0.877558
L: -0.0755038 -0.124745 1.22039
right
190
gcm: 0.515652 1.01146 0.925662
H: 24.2123 2.39199 -0.193644
L: -0.0392342 -0.213977 1.38572
left
191
gcm: 0.514543 1.01047 0.944426
H: 20.409 2.36676 1.0999
L: -0.0787156 -0.0705491 1.33225
left
192
gcm: 0.513408 1.01092 0.962315
H: 18.1616 2.6223 1.03594
L: -0.0806043 0.0319364 1.27011
left
193
gcm: 0.5127 1.01166 0.980042
H: 9.82239 1.49032 0.750808
L: -0.0502842 0.0524866 1.25864
left
194
gcm: 0.511848 1.01266 0.997756
H: 8.24669 1.46771 0.496598
L: -0.0604811 0.070986 1.25772
left
195
gcm: 0.511045 1.01404 1.01549
H: 7.20765 0.97868 0.303842
L: -0.0569745 0.0980102 1.25885
left
196
gcm: 0.510406 1.01581 1.0332
H: 6.2725 0.605809 -0.0263112
L: -0.0453906 0.125456 1.25795
left
197
gcm: 0.509585 1.01847 1.05086
H: 7.81309 1.09842 0.905475
L: -0.0583329 0.188822 1.25336
left
198
gcm: 0.508833 1.0211 1.06779
H: 2.09301 -0.21067 2.36302
L: -0.0533528 0.18723 1.20212
left
199
gcm: 0.50844 1.0233 1.08402
H: -2.93221 -1.75565 2.49526
L: -0.0279105 0.155873 1.15274
left
200
gcm: 0.508444 1.02591 1.10028
H: -1.18829 -1.62091 0.178616
L: 0.000265154 0.185501 1.15407
left
201
gcm: 0.508764 1.02821 1.11622
H: -5.71186 -2.59052 -0.314198
L: 0.022738 0.163106 1.13176
left
202
gcm: 0.508886 1.03076 1.1322
H: -5.16734 -2.00633 -0.23605
L: 0.00865659 0.181467 1.13495
left
203
gcm: 0.508767 1.03411 1.14877
H: -3.2307 -1.48552 1.84384
L: -0.00843064 0.237386 1.17602
left
204
gcm: 0.508791 1.03676 1.16516
H: -2.50529 -1.56585 2.70471
L: 0.00169325 0.187976 1.16363
left
205
gcm: 0.508908 1.03888 1.18068
H: -2.21041 -2.23507 -0.850538
L: 0.00828561 0.15062 1.10195
left
206
gcm: 0.508819 1.04063 1.19606
H: -5.84039 -2.22505 0.399806
L: -0.0062677 0.124251 1.09217
left
207
gcm: 0.508611 1.04193 1.21185
H: -5.11738 -1.984 1.68168
L: -0.0147737 0.0926945 1.121
left
208
gcm: 0.508617 1.04352 1.22779
H: -5.75074 -2.21385 1.49699
L: 0.000397353 0.112825 1.13198
left
209
gcm: 0.508749 1.04538 1.24384
H: -7.27379 -2.39719 0.702867
L: 0.00937195 0.131937 1.13929
left
210
gcm: 0.508727 1.0471 1.2598
H: -5.90965 -2.25371 0.786724
L: -0.00157786 0.121972 1.1335
left
211
gcm: 0.509045 1.0485 1.27585
H: -5.4432 -2.27572 -0.152449
L: 0.0225794 0.099787 1.13941
left
212
gcm: 0.509521 1.04886 1.29159
H: -5.99433 -2.43406 -1.26368
L: 0.0337928 0.0256184 1.11733
left
213
gcm: 0.510189 1.04979 1.3073
H: -5.7664 -2.76258 -1.05358
L: 0.0474312 0.0656395 1.11558
left
214
gcm: 0.510311 1.05102 1.32327
H: -1.67565 -2.73345 -2.6278
L: 0.00864684 0.0875887 1.13355
left
215
gcm: 0.510017 1.05155 1.33973
H: -12.2205 -2.31438 5.68712
L: -0.0208483 0.0377856 1.1688
left
216
gcm: 0.509516 1.05127 1.35353
H: -5.56451 -2.69953 -0.41065
L: -0.0355522 -0.0203436 0.979805
left
217
gcm: 0.510619 1.05488 1.37257
H: -4.38326 -2.74811 -2.24721
L: 0.0782956 0.256335 1.35224
left
218
gcm: 0.510196 1.05666 1.38784
H: -9.71708 -2.46197 0.540723
L: -0.0300035 0.126321 1.08358
left
219
gcm: 0.509718 1.05841 1.40481
H: -7.8432 -2.49819 1.99106
L: -0.0339866 0.124093 1.20544
left
220
gcm: 0.509545 1.05968 1.4215
H: -8.95068 -2.68679 0.833321
L: -0.0122855 0.0903514 1.18442
left
221
gcm: 0.509341 1.06043 1.43742
H: -10.2655 -2.85015 1.18931
L: -0.0144607 0.0533423 1.13074
left
222
gcm: 0.509394 1.06108 1.45112
H: -7.97417 -3.35225 -3.29267
L: 0.00373862 0.046329 0.972488
left
223
gcm: 0.509755 1.06156 1.46938
H: -7.24888 -2.97092 0.52401
L: 0.0256687 0.0340627 1.2968
left
224
gcm: 0.508806 1.06089 1.48244
H: -18.5614 -2.75674 4.86449
L: -0.0673581 -0.0478701 0.927194
left
225
gcm: 0.509523 1.06271 1.50194
H: -2.50422 -2.68073 -5.08273
L: 0.0508974 0.129156 1.38447
left
226
gcm: 0.509347 1.06208 1.51606
H: -6.77782 -2.75713 0.0955731
L: -0.012521 -0.0447658 1.00251
left
227
gcm: 0.50907 1.06242 1.53247
H: -6.52094 -2.17358 3.1651
L: -0.0196359 0.0244793 1.165
left
228
gcm: 0.509287 1.06277 1.5496
H: -2.96561 -2.22412 1.91602
L: 0.0153771 0.0250496 1.21595
left
229
gcm: 0.509529 1.06252 1.56604
H: 0.111241 -2.1614 -0.705661
L: 0.0171804 -0.0181888 1.16735
left
230
gcm: 0.50981 1.06188 1.58238
H: -0.532542 -1.75991 -0.130472
L: 0.0199315 -0.0454715 1.16017
left
231
gcm: 0.510116 1.06063 1.59896
H: -1.43371 -1.43293 0.180354
L: 0.0217438 -0.0885633 1.17723
left
232
gcm: 0.510261 1.05901 1.61576
H: -2.47597 -1.20616 2.17778
L: 0.0103152 -0.114957 1.19289
left
233
gcm: 0.510413 1.05746 1.63165
H: 3.38393 -1.89473 0.280114
L: 0.0107987 -0.109979 1.12797
left
234
gcm: 0.510186 1.0554 1.64702
H: 3.70716 -1.82512 1.58262
L: -0.0161212 -0.146289 1.09149
left
235
gcm: 0.509843 1.05227 1.66308
H: 0.790347 -0.843125 3.04115
L: -0.0243402 -0.221968 1.14012
left
236
gcm: 0.510089 1.04941 1.68025
H: 3.45096 -0.513735 0.953136
L: 0.0174369 -0.203067 1.21901
left
237
gcm: 0.510413 1.04647 1.69786
H: 5.79557 -0.602877 0.636329
L: 0.0229811 -0.208966 1.2505
left
238
gcm: 0.510149 1.0434 1.71298
H: 7.8235 -0.684266 2.14535
L: -0.0186991 -0.218205 1.07366
left
239
gcm: 0.510606 1.04135 1.72912
H: 9.64197 -0.554369 0.234368
L: 0.0324355 -0.145521 1.14572
left
240
gcm: 0.510142 1.03885 1.74562
H: 23.3795 -0.249192 0.120792
L: -0.0329687 -0.177292 1.1715
left
241
gcm: 0.511443 1.03706 1.76332
H: 11.2042 -0.562962 1.55265
L: 0.092387 -0.127296 1.2567
left
242
gcm: 0.514174 1.03447 1.78356
H: 25.3586 -1.90621 -3.45931
L: 0.193904 -0.183768 1.43723
right
243
gcm: 0.515346 1.03276 1.80059
H: 13.6301 0.0141125 -0.911314
L: 0.0831854 -0.12153 1.20901
right
244
gcm: 0.515346 1.03276 1.80059
H: 0 0 0
L: 0 0 0
none 
245
gcm: 0.515346 1.03276 1.80059
H: 0 0 0
L: 0 0 0
none 
246
gcm: 0.515346 1.03276 1.80059
H: 0 0 0
L: 0 0 0
none 
247
gcm: 0.515346 1.03276 1.80059
H: 0 0 0
L: 0 0 0
none 
248
gcm: 0.515346 1.03276 1.80059
H: 0 0 0
L: 0 0 0
none 
249
gcm: 0.515346 1.03276 1.80059
H: 0 0 0
L: 0 0 0
none 
250
gcm: 0.515346 1.03276 1.80059
H: 0 0 0
L: 0 0 0
none 
251
gcm: 0.515346 1.03276 1.80059
H: 0 0 0
L: 0 0 0
none 
252
gcm: 0.515346 1.03276 1.80059
H: 0 0 0
L: 0 0 0
none 
253
gcm: 0.515346 1.03276 1.80059
H: 0 0 0
L: 0 0 0
none 
254
gcm: 0.515346 1.03276 1.80059
H: 0 0 0
L: 0 0 0
none 
255
gcm: 0.515346 1.03276 1.80059
H: 0 0 0
L: 0 0 0
none 
256
gcm: 0.515346 1.03276 1.80059
H: 0 0 0
L: 0 0 0
none 
257
gcm: 0.515346 1.03276 1.80059
H: 0 0 0
L: 0 0 0
none 
258
gcm: 0.515346 1.03276 1.80059
H: 0 0 0
L: 0 0 0
none 
259
gcm: 0.515346 1.03276 1.80059
H: 0 0 0
L: 0 0 0
none 
260
gcm: 0.515346 1.03276 1.80059
H: 0 0 0
L: 0 0 0
none 
261
gcm: 0.515346 1.03276 1.80059
H: 0 0 0
L: 0 0 0
none 
262
gcm: 0.515346 1.03276 1.80059
H: 0 0 0
L: 0 0 0
none 
263
gcm: 0.515346 1.03276 1.80059
H: 0 0 0
L: 0 0 0
none 
264
gcm: 0.515346 1.03276 1.80059
H: 0 0 0
L: 0 0 0
none 
265
gcm: 0.515346 1.03276 1.80059
H: 0 0 0
L: 0 0 0
none 
266
gcm: 0.515346 1.03276 1.80059
H: 0 0 0
L: 0 0 0
none 
267
gcm: 0.515346 1.03276 1.80059
H: 0 0 0
L: 0 0 0
none 
268
gcm: 0.515346 1.03276 1.80059
H: 0 0 0
L: 0 0 0
none 
269
gcm: 0.515346 1.03276 1.80059
H: 0 0 0
L: 0 0 0
none 
270
gcm: 0.515346 1.03276 1.80059
H: 0 0 0
L: 0 0 0
none 
271
gcm: 0.515346 1.03276 1.80059
H: 0 0 0
L: 0 0 0
none 
272
gcm: 0.515346 1.03276 1.80059
H: 0 0 0
L: 0 0 0
none 
273
gcm: 0.515346 1.03276 1.80059
H: 0 0 0
L: 0 0 0
none 
274
gcm: 0.515346 1.03276 1.80059
H: 0 0 0
L: 0 0 0
none 
275
gcm: 0.515346 1.03276 1.80059
H: 0 0 0
L: 0 0 0
none 
276
gcm: 0.515346 1.03276 1.80059
H: 0 0 0
L: 0 0 0
none 
277
gcm: 0.515346 1.03276 1.80059
H: 0 0 0
L: 0 0 0
none 
278
gcm: 0.515346 1.03276 1.80059
H: 0 0 0
L: 0 0 0
none 
279
gcm: 0.515346 1.03276 1.80059
H: 0 0 0
L: 0 0 0
none 
280
gcm: 0.515346 1.03276 1.80059
H: 0 0 0
L: 0 0 0
none 
281
gcm: 0.515346 1.03276 1.80059
H: 0 0 0
L: 0 0 0
none 
282
gcm: 0.515346 1.03276 1.80059
H: 0 0 0
L: 0 0 0
none 
283
gcm: 0.515346 1.03276 1.80059
H: 0 0 0
L: 0 0 0
none 
284
gcm: 0.515346 1.03276 1.80059
H: 0 0 0
L: 0 0 0
none 
285
gcm: 0.515346 1.03276 1.80059
H: 0 0 0
L: 0 0 0
none 
286
gcm: 0.515346 1.03276 1.80059
H: 0 0 0
L: 0 0 0
none 
287
gcm: 0.515346 1.03276 1.80059
H: 0 0 0
L: 0 0 0
none 
288
gcm: 0.515346 1.03276 1.80059
H: 0 0 0
L: 0 0 0
none 
289
gcm: 0.515346 1.03276 1.80059
H: 0 0 0
L: 0 0 0
none 
290
gcm: 0.515346 1.03276 1.80059
H: 0 0 0
L: 0 0 0
none 
291
gcm: 0.515346 1.03276 1.80059
H: 0 0 0
L: 0 0 0
none 
292
gcm: 0.515346 1.03276 1.80059
H: 0 0 0
L: 0 0 0
none 
293
gcm: 0.515346 1.03276 1.80059
H: 0 0 0
L: 0 0 0
none 
294
gcm: 0.515346 1.03276 1.80059
H: 0 0 0
L: 0 0 0
none 
295
gcm: 0.515346 1.03276 1.80059
H: 0 0 0
L: 0 0 0
none 
296
gcm: 0.515346 1.03276 1.80059
H: 0 0 0
L: 0 0 0
none 
297
gcm: 0.515346 1.03276 1.80059
H: 0 0 0
L: 0 0 0
none 
298
gcm: 0.515346 1.03276 1.80059
H: 0 0 0
L: 0 0 0
none 
299
gcm: 0.515346 1.03276 1.80059
H: 0 0 0
L: 0 0 0
none 
300
gcm: 0.515346 1.03276 1.80059
H: 0 0 0
L: 0 0 0
none 
301
gcm: 0.515346 1.03276 1.80059
H: 0 0 0
L: 0 0 0
none 
302
gcm: 0.515346 1.03276 1.80059
H: 0 0 0
L: 0 0 0
none 
303
gcm: 0.515346 1.03276 1.80059
H: 0 0 0
L: 0 0 0
none 
304
gcm: 0.515346 1.03276 1.80059
H: 0 0 0
L: 0 0 0
none 
305
gcm: 0.515346 1.03276 1.80059
H: 0 0 0
L: 0 0 0
none 
306
gcm: 0.515346 1.03276 1.80059
H: 0 0 0
L: 0 0 0
none 
307
gcm: 0.515346 1.03276 1.80059
H: 0 0 0
L: 0 0 0
none 
308
gcm: 0.515346 1.03276 1.80059
H: 0 0 0
L: 0 0 0
none 
309
gcm: 0.515346 1.03276 1.80059
H: 0 0 0
L: 0 0 0
none 
310
gcm: 0.515346 1.03276 1.80059
H: 0 0 0
L: 0 0 0
none 
311
gcm: 0.515346 1.03276 1.80059
H: 0 0 0
L: 0 0 0
none 
312
gcm: 0.515346 1.03276 1.80059
H: 0 0 0
L: 0 0 0
none 
313
gcm: 0.515346 1.03276 1.80059
H: 0 0 0
L: 0 0 0
none 
314
gcm: 0.515346 1.03276 1.80059
H: 0 0 0
L: 0 0 0
none 
314
gcm: 0.515346 1.03276 1.80059
H: 0 0 0
L: 0 0 0
none 
