:metadata
 
Skeleton: /Network/Servers/duerer/Volumes/duerer/laturnus/workspace/new_acm/asf/07-walk.asf
Motion: /Network/Servers/duerer/Volumes/duerer/laturnus/workspace/new_acm/amc/07_04-walk.amc
Mass Distribution: /Network/Servers/duerer/Volumes/duerer/laturnus/workspace/new_acm/amd/clauser1969 _point.amd
 
Inital skeleton translation: 0 0 0
Initial skeleton rotation: 0 0 0
 
:data
1
gcm: 0.511765 1.03037 -1.85975
H: -0.426538 -0.494292 0.269001
2
gcm: 0.510987 1.03065 -1.85269
H: -1.12998 -0.65495 0.2532
3
gcm: 0.510257 1.03076 -1.84549
H: -1.69622 -0.719199 0.508984
4
gcm: 0.509436 1.03096 -1.83842
H: -0.573232 -0.376934 0.182176
5
gcm: 0.509082 1.0311 -1.83163
H: 1.91562 -0.405976 -1.74391
6
gcm: 0.509035 1.03127 -1.82462
H: -6.80258 -1.93341 0.662613
7
gcm: 0.508563 1.03106 -1.81745
H: -1.21392 -0.665824 -0.174848
8
gcm: 0.507669 1.03047 -1.81054
H: -2.19235 -0.652146 0.914247
9
gcm: 0.507066 1.02999 -1.80372
H: -2.84687 -0.757594 0.485759
10
gcm: 0.506939 1.02967 -1.79663
H: -2.11231 -0.824607 -0.630572
11
gcm: 0.506719 1.02927 -1.78952
H: -1.34504 -0.846526 -0.789935
12
gcm: 0.506465 1.02856 -1.78255
H: -1.717 -0.929552 -0.724749
13
gcm: 0.506358 1.02774 -1.7755
H: -2.57554 -1.02862 -0.734845
14
gcm: 0.506222 1.02719 -1.76845
H: -2.77208 -0.948758 -0.246814
15
gcm: 0.506031 1.02698 -1.76155
H: -2.47317 -0.877105 -0.186902
16
gcm: 0.505791 1.0267 -1.7547
H: -2.36864 -0.856459 -0.60308
17
gcm: 0.505344 1.0264 -1.74787
H: -4.3887 -0.931566 0.209556
18
gcm: 0.504958 1.02618 -1.74104
H: -4.12477 -0.859231 0.492637
19
gcm: 0.504962 1.02544 -1.73423
H: -3.46765 -0.934205 0.15274
20
gcm: 0.504947 1.02526 -1.72748
H: -3.19749 -1.02789 -0.585717
21
gcm: 0.504766 1.0265 -1.72061
H: -2.94647 -1.09795 -1.16801
22
gcm: 0.504647 1.02734 -1.71366
H: -3.21415 -1.02907 -0.39726
23
gcm: 0.504544 1.02676 -1.7068
H: -3.77693 -0.881253 0.566351
24
gcm: 0.5045 1.02635 -1.70008
H: -3.56905 -0.929666 -0.309179
25
gcm: 0.504582 1.02692 -1.69338
H: -3.62268 -1.08691 -0.725985
26
gcm: 0.504357 1.02767 -1.68667
H: -3.91347 -0.947365 0.337797
27
gcm: 0.504092 1.02826 -1.68007
H: -3.83902 -0.878235 0.0464791
28
gcm: 0.504308 1.02825 -1.67342
H: -4.08504 -1.00675 -0.779925
29
gcm: 0.504398 1.02762 -1.66661
H: -4.08359 -0.894242 -0.0817665
30
gcm: 0.504527 1.0271 -1.65978
H: -4.07473 -0.94191 -0.249236
31
gcm: 0.504929 1.02681 -1.65298
H: -4.16941 -1.04596 -0.571266
32
gcm: 0.505031 1.02731 -1.64637
H: -3.94497 -0.932331 0.0939065
33
gcm: 0.504992 1.02821 -1.63989
H: -4.02568 -0.803364 0.0923849
34
gcm: 0.505153 1.02838 -1.63312
H: -4.39251 -0.70082 0.0758872
35
gcm: 0.505444 1.02819 -1.62626
H: -4.33843 -0.674411 0.195593
36
gcm: 0.505733 1.02826 -1.6197
H: -3.57592 -0.591121 0.30402
37
gcm: 0.506288 1.02869 -1.61318
H: -3.14651 -0.306194 0.0121455
38
gcm: 0.506802 1.02876 -1.60643
H: -3.16964 -0.140921 0.185459
39
gcm: 0.507018 1.02859 -1.59937
H: -2.61224 -0.165049 1.19312
40
gcm: 0.507442 1.02827 -1.59233
H: -2.80119 -0.13312 1.39804
41
gcm: 0.50795 1.02792 -1.58554
H: -2.81264 0.207468 1.28425
42
gcm: 0.508484 1.02823 -1.57871
H: -2.32914 0.267487 1.07786
43
gcm: 0.509041 1.02834 -1.57183
H: -2.31131 0.263823 1.15439
44
gcm: 0.509475 1.0283 -1.56525
H: -2.6144 0.160832 1.4599
45
gcm: 0.510198 1.02812 -1.55864
H: -2.73864 -0.182143 0.698289
46
gcm: 0.511213 1.02758 -1.55109
H: -0.103003 -0.220282 -0.419039
47
gcm: 0.51215 1.02718 -1.54357
H: 0.52628 -0.14839 -0.115636
48
gcm: 0.51316 1.02622 -1.53601
H: 0.267668 -0.0289908 0.0482447
49
gcm: 0.514421 1.02533 -1.52826
H: 0.350671 -0.223625 -0.932582
50
gcm: 0.515738 1.02484 -1.52015
H: 1.87707 -0.521858 -1.58614
51
gcm: 0.516685 1.0252 -1.512
H: 3.01043 -0.347106 -0.867258
52
gcm: 0.517554 1.02559 -1.50387
H: 2.87055 -0.0665735 -0.20973
53
gcm: 0.518939 1.02409 -1.4955
H: 2.17471 -0.192554 -0.549147
54
gcm: 0.520066 1.02281 -1.48724
H: 2.36917 -0.32165 -0.762383
55
gcm: 0.521192 1.02136 -1.47908
H: 2.88609 -0.15922 -0.906645
56
gcm: 0.522736 1.01995 -1.47065
H: 3.0202 -0.122551 -1.11543
57
gcm: 0.523972 1.01968 -1.46191
H: 3.29595 0.00725585 -0.119951
58
gcm: 0.525186 1.02058 -1.45301
H: 3.50581 0.204556 0.361356
59
gcm: 0.526808 1.02166 -1.44389
H: 3.96483 0.0313817 -0.696889
60
gcm: 0.528566 1.0224 -1.43464
H: 3.98481 -0.0619178 -1.053
61
gcm: 0.530245 1.02267 -1.42558
H: 3.39484 0.0646455 -0.170934
62
gcm: 0.531905 1.02267 -1.41675
H: 3.07985 -0.0469004 -0.0509838
63
gcm: 0.533772 1.0226 -1.40784
H: 3.53564 -0.251241 -0.960619
64
gcm: 0.535667 1.02273 -1.3987
H: 4.01469 -0.235884 -1.14134
65
gcm: 0.537337 1.02325 -1.38944
H: 3.30684 -0.166187 -0.525261
66
gcm: 0.539055 1.0237 -1.38018
H: 2.79003 -0.184252 -0.382475
67
gcm: 0.540648 1.02424 -1.37097
H: 3.23249 -0.0016379 -0.23331
68
gcm: 0.542031 1.02535 -1.36177
H: 3.44009 0.106448 0.153841
69
gcm: 0.543744 1.02688 -1.35252
H: 3.069 -0.105643 -0.215629
70
gcm: 0.545732 1.0277 -1.3418
H: 8.00287 -0.336941 -1.17352
71
gcm: 0.547929 1.02849 -1.33175
H: 6.69717 -0.491402 -1.24401
72
gcm: 0.549814 1.02911 -1.32227
H: 5.70949 -0.389684 -0.630234
73
gcm: 0.551218 1.02962 -1.31316
H: 4.94259 -0.118579 0.180561
74
gcm: 0.552961 1.03017 -1.30363
H: 5.58603 -0.274464 -0.758971
75
gcm: 0.555144 1.03121 -1.29396
H: 5.75927 -0.592155 -2.08779
76
gcm: 0.55712 1.03261 -1.28504
H: 4.63962 -0.515614 -1.35679
77
gcm: 0.558644 1.03408 -1.27655
H: 4.08919 -0.283047 -0.18598
78
gcm: 0.560001 1.03491 -1.26797
H: 4.28799 -0.295888 -0.114526
79
gcm: 0.561616 1.03548 -1.25928
H: 4.41997 -0.482892 -0.341493
80
gcm: 0.563036 1.03692 -1.2506
H: 4.24553 -0.364788 0.473291
81
gcm: 0.563945 1.03845 -1.24198
H: 3.7228 -0.0920937 1.03736
82
gcm: 0.565069 1.03955 -1.23336
H: 3.21257 -0.159703 0.179137
83
gcm: 0.566385 1.04063 -1.22503
H: 3.03701 -0.340299 0.0387805
84
gcm: 0.567345 1.04165 -1.21706
H: 2.43719 -0.227807 0.640325
85
gcm: 0.56829 1.04247 -1.20917
H: 1.37891 0.0295666 0.246352
86
gcm: 0.569516 1.0433 -1.20144
H: 0.756702 0.0354267 -0.505602
87
gcm: 0.570888 1.04426 -1.19377
H: 0.565568 -0.010668 -0.701598
88
gcm: 0.572066 1.04532 -1.18586
H: 0.422009 0.233097 -0.160147
89
gcm: 0.572933 1.04638 -1.1778
H: -0.490641 0.443283 0.20737
90
gcm: 0.573764 1.04746 -1.16963
H: -1.24038 0.41523 0.323995
91
gcm: 0.574605 1.04848 -1.16181
H: -0.549895 0.25268 0.316612
92
gcm: 0.575481 1.04918 -1.15439
H: -0.469394 0.295852 -0.132531
93
gcm: 0.57643 1.04996 -1.14722
H: -1.53359 0.620455 -0.109789
94
gcm: 0.577304 1.05062 -1.14004
H: -1.72876 0.554023 0.307985
95
gcm: 0.577911 1.05095 -1.13239
H: -0.96724 0.59066 0.0676303
96
gcm: 0.578337 1.05214 -1.12521
H: -0.508969 0.508897 -0.520916
97
gcm: 0.579249 1.0525 -1.11732
H: -3.37461 0.786825 1.08861
98
gcm: 0.580089 1.05274 -1.10985
H: -2.55301 0.741755 0.379209
99
gcm: 0.580815 1.05296 -1.10244
H: -1.77641 0.556024 -0.870291
100
gcm: 0.581614 1.05279 -1.09513
H: -2.36975 0.600717 -1.0839
101
gcm: 0.582457 1.05188 -1.08765
H: -2.1744 0.743936 -0.114863
102
gcm: 0.583294 1.05149 -1.08022
H: -2.24633 0.790056 0.240664
103
gcm: 0.583806 1.05088 -1.0731
H: -2.5437 0.861314 -0.0592702
104
gcm: 0.584042 1.05045 -1.06571
H: -2.07342 0.921264 0.3526
105
gcm: 0.584528 1.05002 -1.05809
H: -2.00232 0.639112 0.2587
106
gcm: 0.585125 1.04935 -1.05054
H: -2.33978 0.627549 0.0232398
107
gcm: 0.585548 1.04858 -1.04343
H: -2.37973 0.65316 -0.08168
108
gcm: 0.585844 1.04767 -1.0367
H: -2.23946 0.660132 -0.448536
109
gcm: 0.586298 1.04698 -1.02939
H: -2.34421 0.619549 -0.22954
110
gcm: 0.587018 1.04639 -1.0215
H: -3.11818 0.647767 0.139319
111
gcm: 0.587416 1.04574 -1.01365
H: -3.13613 0.756119 -0.00271156
112
gcm: 0.587472 1.04542 -1.0063
H: -2.57387 0.711191 0.128785
113
gcm: 0.587916 1.04522 -0.999202
H: -3.40554 0.676033 0.327184
114
gcm: 0.588419 1.045 -0.991875
H: -4.05949 0.848098 -0.0149846
115
gcm: 0.588643 1.04514 -0.984711
H: -3.87308 0.927192 -0.018441
116
gcm: 0.589148 1.04536 -0.977516
H: -3.69576 0.707659 -0.349233
117
gcm: 0.589649 1.04554 -0.970205
H: -4.42386 0.620359 -0.594038
118
gcm: 0.589647 1.04566 -0.962893
H: -3.69192 0.829829 0.63567
119
gcm: 0.589966 1.04535 -0.954729
H: -4.99616 1.02802 1.46516
120
gcm: 0.590609 1.04501 -0.947581
H: -4.57532 0.648599 -0.153411
121
gcm: 0.590978 1.04497 -0.941266
H: -4.12268 0.530322 -1.51802
122
gcm: 0.591042 1.0454 -0.933414
H: -5.19135 1.00408 0.620118
123
gcm: 0.59091 1.04579 -0.925975
H: -4.27485 0.965851 1.25478
124
gcm: 0.591169 1.04569 -0.91902
H: -4.14113 0.575542 -0.0169947
125
gcm: 0.591406 1.04571 -0.912497
H: -3.93031 0.510314 -1.1081
126
gcm: 0.591288 1.04585 -0.906038
H: -4.81192 0.726558 -0.446814
127
gcm: 0.591022 1.04621 -0.899695
H: -6.36622 0.690161 -0.0293732
128
gcm: 0.590836 1.0468 -0.892678
H: -4.45148 0.508588 -0.2182
129
gcm: 0.590677 1.04703 -0.884975
H: -2.24432 0.375377 0.0840699
130
gcm: 0.590429 1.04681 -0.877513
H: -2.92812 0.139898 -0.102133
131
gcm: 0.590154 1.04631 -0.869847
H: -2.15992 0.0110681 -0.993892
132
gcm: 0.590245 1.04593 -0.861999
H: -1.89219 -0.0512572 -1.7398
133
gcm: 0.59089 1.04524 -0.853822
H: -2.4969 -0.161751 -1.87609
134
gcm: 0.590938 1.0444 -0.845617
H: -1.96669 -0.0416346 -1.08971
135
gcm: 0.590023 1.04406 -0.838129
H: -2.17237 -0.0360305 -0.510953
136
gcm: 0.589237 1.0432 -0.830503
H: -2.05763 -0.055207 -0.261996
137
gcm: 0.588756 1.04146 -0.822199
H: -0.487278 0.258778 0.548994
138
gcm: 0.58804 1.04045 -0.813985
H: 0.621005 0.249407 0.816177
139
gcm: 0.586981 1.04002 -0.805832
H: 0.897383 0.163394 0.467474
140
gcm: 0.586227 1.03886 -0.797297
H: 1.71321 0.384233 0.0362136
141
gcm: 0.585669 1.03743 -0.788782
H: 1.98836 0.281637 0.158231
142
gcm: 0.584796 1.03651 -0.780369
H: 1.61015 0.182698 0.781323
143
gcm: 0.583955 1.03608 -0.771452
H: 2.77341 0.364256 0.862164
144
gcm: 0.583178 1.03542 -0.762433
H: 3.62353 0.275948 0.572166
145
gcm: 0.582189 1.03438 -0.753384
H: 3.58387 0.244071 0.894522
146
gcm: 0.580969 1.03442 -0.744151
H: 3.26859 0.309593 1.58763
147
gcm: 0.579716 1.0351 -0.735071
H: 3.23363 0.135973 1.25337
148
gcm: 0.5784 1.03498 -0.725791
H: 4.24765 0.177192 0.787398
149
gcm: 0.576666 1.03483 -0.716596
H: 4.63144 0.325712 1.30639
150
gcm: 0.574604 1.03466 -0.707837
H: 3.62018 0.257623 1.76635
151
gcm: 0.572993 1.03424 -0.698655
H: 3.81851 0.131177 1.22206
152
gcm: 0.571906 1.03448 -0.689013
H: 4.44592 0.0841505 0.395934
153
gcm: 0.57041 1.03518 -0.679647
H: 3.57201 0.196899 0.679131
154
gcm: 0.56843 1.03542 -0.670453
H: 3.34413 0.353107 1.36339
155
gcm: 0.566766 1.03541 -0.661189
H: 3.56296 0.235621 0.868137
156
gcm: 0.565422 1.03605 -0.651831
H: 3.29067 0.0286539 -0.156275
157
gcm: 0.563856 1.03756 -0.642652
H: 3.11842 0.0600119 -0.0965436
158
gcm: 0.562281 1.03926 -0.633995
H: 2.80716 0.0160893 -0.0237682
159
gcm: 0.560539 1.04034 -0.625472
H: 2.83927 0.187062 -0.0732322
160
gcm: 0.55852 1.04124 -0.616634
H: 3.40226 0.509547 0.433289
161
gcm: 0.557185 1.04164 -0.606428
H: 7.51266 0.371042 0.688901
162
gcm: 0.555902 1.04218 -0.596127
H: 7.61072 0.380544 1.32965
163
gcm: 0.554436 1.0433 -0.586265
H: 5.76192 0.50503 1.57213
164
gcm: 0.553189 1.04435 -0.576611
H: 6.32921 0.446105 0.539697
165
gcm: 0.551864 1.04532 -0.567638
H: 6.13547 0.462515 0.092806
166
gcm: 0.550378 1.0467 -0.558714
H: 4.83661 0.605323 0.718138
167
gcm: 0.548795 1.0484 -0.549668
H: 3.92224 0.659539 1.04311
168
gcm: 0.547477 1.04972 -0.540703
H: 3.20349 0.278244 1.16852
169
gcm: 0.546607 1.05072 -0.532005
H: 3.88742 0.188417 0.35021
170
gcm: 0.545798 1.05227 -0.523548
H: 3.2915 0.299859 -0.63125
171
gcm: 0.544739 1.05367 -0.515062
H: 2.65221 0.189189 -0.289595
172
gcm: 0.543742 1.05442 -0.506761
H: -3.06922 -1.00706 1.65712
173
gcm: 0.543137 1.05554 -0.498552
H: 5.08755 0.555388 -1.6165
174
gcm: 0.542455 1.05708 -0.490358
H: -1.43888 -0.596279 0.648944
175
gcm: 0.541578 1.05895 -0.482108
H: 0.776203 -0.0354769 0.425366
176
gcm: 0.541236 1.06041 -0.473902
H: -1.11153 -0.679413 0.0860606
177
gcm: 0.541014 1.06084 -0.465812
H: 0.980299 -0.147034 -0.787856
178
gcm: 0.540444 1.06131 -0.457785
H: -1.99573 -0.78428 0.432111
179
gcm: 0.539842 1.06215 -0.449987
H: -1.05433 -0.739673 -0.0552218
180
gcm: 0.539139 1.06296 -0.442204
H: 0.301926 -0.31579 0.0164837
181
gcm: 0.538347 1.0636 -0.434506
H: 0.118119 -0.26508 0.621346
182
gcm: 0.537567 1.0637 -0.426897
H: -2.25958 -0.775775 1.37838
183
gcm: 0.53719 1.0637 -0.41919
H: 0.779696 -0.377394 -0.771492
184
gcm: 0.537215 1.06402 -0.411446
H: -1.72065 -1.04546 -0.427061
185
gcm: 0.537087 1.06403 -0.403579
H: 0.757616 -0.502771 -0.925536
186
gcm: 0.536791 1.06375 -0.395608
H: -1.50794 -0.700455 -0.198887
187
gcm: 0.536623 1.0637 -0.387961
H: -3.31997 -1.03697 -0.00744804
188
gcm: 0.536374 1.06364 -0.380444
H: -2.25908 -0.937255 0.136995
189
gcm: 0.535823 1.06325 -0.372921
H: -1.80633 -0.751701 0.296836
190
gcm: 0.535551 1.06238 -0.36556
H: -2.32175 -0.938033 -0.465541
191
gcm: 0.535948 1.06128 -0.357862
H: -1.94869 -1.13668 -1.30875
192
gcm: 0.536355 1.06031 -0.349893
H: -1.82476 -0.977648 -0.714497
193
gcm: 0.536274 1.05997 -0.342207
H: -1.35473 -0.61205 -0.334176
194
gcm: 0.536087 1.06011 -0.334575
H: -1.85288 -0.598765 -0.462012
195
gcm: 0.536058 1.0596 -0.326814
H: -2.79104 -0.94046 0.0947162
196
gcm: 0.536085 1.05924 -0.319169
H: -2.39927 -1.12263 -0.21587
197
gcm: 0.536162 1.05909 -0.31179
H: -3.22635 -1.08423 -0.514927
198
gcm: 0.536299 1.05894 -0.304423
H: -4.82065 -1.0696 0.0799357
199
gcm: 0.536421 1.06055 -0.296793
H: -3.88223 -1.11706 -0.212829
200
gcm: 0.536496 1.06211 -0.289137
H: -2.43032 -0.958493 -0.556484
201
gcm: 0.536689 1.06206 -0.281491
H: -2.70887 -0.88879 -0.476974
202
gcm: 0.537012 1.06194 -0.273958
H: -4.08162 -1.03491 -0.184187
203
gcm: 0.537049 1.06161 -0.26666
H: -5.09934 -0.91413 0.745689
204
gcm: 0.537293 1.06153 -0.259385
H: -4.48986 -0.942346 -0.0790085
205
gcm: 0.537869 1.06212 -0.252135
H: -3.81138 -1.1332 -1.12523
206
gcm: 0.538 1.06237 -0.244682
H: -4.10776 -1.03935 -0.101002
207
gcm: 0.538093 1.06206 -0.236991
H: -4.13428 -0.905605 -0.0851657
208
gcm: 0.53861 1.06165 -0.229534
H: -3.98393 -0.92729 -0.368021
209
gcm: 0.539254 1.06161 -0.222159
H: -3.87032 -0.952964 0.0549228
210
gcm: 0.539633 1.06218 -0.214638
H: -3.62357 -0.845729 -0.163801
211
gcm: 0.539872 1.06273 -0.206974
H: -4.13768 -0.757412 0.0655331
212
gcm: 0.540391 1.06197 -0.19965
H: -3.42619 -0.846354 -0.0286006
213
gcm: 0.541044 1.06062 -0.192315
H: -2.76993 -0.834552 -0.0148524
214
gcm: 0.541742 1.06005 -0.184637
H: -3.78371 -0.792998 0.155253
215
gcm: 0.542588 1.05999 -0.176937
H: -4.26859 -0.832717 -0.442888
216
gcm: 0.543362 1.05978 -0.169422
H: -2.83044 -0.741467 -0.934521
217
gcm: 0.544314 1.05916 -0.162
H: -2.12807 -0.734965 -0.572276
218
gcm: 0.545578 1.05858 -0.154336
H: -2.56553 -0.819886 -0.624072
219
gcm: 0.546391 1.05808 -0.146059
H: -2.39148 -0.246277 0.679747
220
gcm: 0.547427 1.0578 -0.138347
H: -2.5192 -0.195452 0.349565
221
gcm: 0.548117 1.05676 -0.131207
H: -1.67491 -0.237826 0.977644
222
gcm: 0.549105 1.05591 -0.123653
H: -1.68289 -0.408995 -0.51316
223
gcm: 0.55024 1.05648 -0.116075
H: -1.43483 -0.42133 -0.974005
224
gcm: 0.551171 1.05661 -0.108137
H: 0.107339 -0.127831 0.570754
225
gcm: 0.552525 1.05556 -0.099971
H: -0.524419 -0.126019 0.290708
226
gcm: 0.554079 1.05513 -0.0919114
H: -1.49764 -0.253675 -0.722488
227
gcm: 0.555157 1.05455 -0.0833245
H: 0.685187 -0.192494 -0.326377
228
gcm: 0.556566 1.0539 -0.0746028
H: 1.53619 -0.286662 -0.714484
229
gcm: 0.558549 1.05368 -0.0658329
H: 0.895688 -0.208769 -1.01982
230
gcm: 0.56007 1.0533 -0.0573204
H: 0.922992 0.018165 0.0440967
231
gcm: 0.561395 1.05283 -0.0486285
H: 2.12676 0.0744059 -0.0179017
232
gcm: 0.563232 1.05222 -0.0393813
H: 2.85329 -0.116184 -0.843158
233
gcm: 0.565164 1.05119 -0.0298491
H: 3.309 -0.0889917 -0.818278
234
gcm: 0.566964 1.05073 -0.0205246
H: 4.13175 -0.01914 -1.00163
235
gcm: 0.568855 1.05159 -0.0114296
H: 4.223 0.0141298 -0.704064
236
gcm: 0.571 1.05241 -0.00208543
H: 3.91797 -0.126761 -0.341779
237
gcm: 0.573133 1.05269 0.00757308
H: 3.8568 -0.0696985 -0.631637
238
gcm: 0.575426 1.05336 0.0175059
H: 3.98521 0.053261 -0.916725
239
gcm: 0.578401 1.05461 0.0275861
H: 4.12371 -0.14426 -1.19405
240
gcm: 0.581254 1.05579 0.0372902
H: 3.43317 -0.445081 -0.867277
241
gcm: 0.583429 1.05659 0.047101
H: 3.17975 -0.412192 -0.146418
242
gcm: 0.584916 1.0559 0.0557578
H: 5.88514 -0.321241 0.658296
243
gcm: 0.586838 1.0557 0.0650326
H: 5.8687 -0.224442 0.405279
244
gcm: 0.589523 1.05638 0.0759151
H: 6.38243 -0.295657 -1.22031
245
gcm: 0.591726 1.05769 0.0854711
H: 5.13965 -0.308121 0.354659
246
gcm: 0.593935 1.05859 0.0945181
H: 4.64788 -0.309366 0.421401
247
gcm: 0.596159 1.05898 0.103702
H: 4.94897 -0.36471 -0.19724
248
gcm: 0.598301 1.05986 0.113163
H: 5.48533 -0.36795 -0.444056
249
gcm: 0.600557 1.06152 0.122679
H: 4.81886 -0.305532 -0.856072
250
gcm: 0.602884 1.06311 0.131979
H: 3.99024 -0.542724 -0.357318
251
gcm: 0.605209 1.06472 0.141191
H: 3.81983 -0.616784 -0.0549982
252
gcm: 0.607431 1.06669 0.150063
H: 3.52257 -0.491794 -0.79568
253
gcm: 0.609425 1.06845 0.158715
H: 3.25589 -0.337206 -0.479798
254
gcm: 0.611372 1.06961 0.167321
H: 3.10936 -0.273945 0.0324493
255
gcm: 0.613215 1.07061 0.175616
H: 2.46516 -0.166752 -0.242094
256
gcm: 0.614891 1.07225 0.183959
H: 2.09571 -0.384846 -0.107287
257
gcm: 0.6166 1.07415 0.192529
H: 1.78932 -0.20239 0.27933
258
gcm: 0.618164 1.07526 0.200625
H: 0.771158 0.240886 0.756101
259
gcm: 0.619524 1.07553 0.208418
H: 0.355406 0.459752 0.761362
260
gcm: 0.620966 1.07637 0.216656
H: 0.838313 0.305265 0.183043
261
gcm: 0.622395 1.07798 0.22539
H: 1.24915 0.194262 0.187144
262
gcm: 0.623498 1.07895 0.233765
H: 0.39367 0.381549 0.973638
263
gcm: 0.624507 1.07959 0.241504
H: -1.24063 0.650181 0.71618
264
gcm: 0.625745 1.08063 0.249251
H: -0.761462 0.369228 -0.194102
265
gcm: 0.627112 1.08201 0.257037
H: -1.14678 0.41683 -0.456981
266
gcm: 0.628517 1.08302 0.265036
H: -1.16696 0.455442 -0.317312
267
gcm: 0.629807 1.08294 0.273159
H: -0.730588 0.517334 -0.15379
268
gcm: 0.631183 1.08246 0.281183
H: -1.53554 0.663756 -0.409289
269
gcm: 0.632357 1.08251 0.289016
H: -1.48003 0.747839 0.0461549
270
gcm: 0.633298 1.08287 0.29682
H: -0.792377 0.694465 0.700058
271
gcm: 0.634545 1.08278 0.304635
H: -1.23367 0.523123 -0.461721
272
gcm: 0.635807 1.08223 0.312233
H: -2.12921 0.547453 -1.15693
273
gcm: 0.636898 1.08176 0.319732
H: -2.5388 0.731936 -0.426474
274
gcm: 0.638257 1.08124 0.327458
H: -2.14354 0.537327 -0.98543
275
gcm: 0.639382 1.08035 0.335613
H: -1.89141 0.647084 0.147107
276
gcm: 0.640722 1.07916 0.343446
H: -2.26719 0.523195 -0.608268
277
gcm: 0.641113 1.0781 0.351311
H: -1.59643 1.04412 1.43867
278
gcm: 0.641699 1.07693 0.359076
H: -1.83987 0.908798 0.288075
279
gcm: 0.642567 1.07633 0.366859
H: -2.74185 0.777724 -0.0561376
280
gcm: 0.643401 1.07605 0.374621
H: -2.90696 0.712211 0.407391
281
gcm: 0.644174 1.07523 0.382356
H: -2.58127 0.686986 -0.0332931
282
gcm: 0.645313 1.07419 0.38983
H: -3.04039 0.458475 -1.57573
283
gcm: 0.645538 1.07381 0.397693
H: -2.76883 0.982624 1.44077
284
gcm: 0.646314 1.07337 0.405429
H: -3.25649 0.64289 -0.203495
285
gcm: 0.646983 1.0735 0.413062
H: -3.77728 0.699214 -0.166196
286
gcm: 0.647349 1.07384 0.420631
H: -3.67654 0.824674 0.609243
287
gcm: 0.647916 1.0738 0.428433
H: -2.98948 0.633896 -0.247723
288
gcm: 0.649004 1.07442 0.43618
H: -3.11476 0.313773 -1.49153
289
gcm: 0.649107 1.07521 0.443691
H: -4.13907 0.901366 0.874473
290
gcm: 0.649408 1.07541 0.451203
H: -4.26424 0.823275 0.304783
291
gcm: 0.649952 1.07585 0.458903
H: -4.2823 0.771951 0.111721
292
gcm: 0.650528 1.0759 0.466634
H: -4.38937 0.786377 0.241815
293
gcm: 0.650989 1.07634 0.47433
H: -3.84168 0.699466 0.097409
294
gcm: 0.650933 1.0772 0.482213
H: -3.3457 0.77342 0.703891
295
gcm: 0.651846 1.07727 0.489791
H: -4.10411 0.388545 -1.55989
296
gcm: 0.650974 1.07726 0.49523
H: -6.60453 1.12006 2.01405
297
gcm: 0.653379 1.07786 0.504238
H: -3.07932 -0.116834 -3.87603
298
gcm: 0.653147 1.07889 0.51159
H: -4.25211 0.714082 0.578288
299
gcm: 0.653339 1.07929 0.517912
H: -7.29875 0.442767 -1.2311
300
gcm: 0.653652 1.07913 0.525283
H: -5.09058 0.113117 -1.28693
301
gcm: 0.654197 1.07907 0.534177
H: -1.25112 0.0918853 -0.725359
302
gcm: 0.654768 1.07874 0.542693
H: -1.42645 0.191015 -1.00404
303
gcm: 0.65483 1.07824 0.550222
H: -2.68664 0.0904236 -1.37244
304
gcm: 0.654765 1.07785 0.557998
H: -4.01934 -0.440474 -2.01192
305
gcm: 0.654729 1.07724 0.565952
H: -3.34762 0.0200168 -0.785256
306
gcm: 0.654501 1.07657 0.574172
H: -1.71411 0.217285 0.100467
307
gcm: 0.654129 1.07577 0.582581
H: -0.627849 0.207991 0.313214
308
gcm: 0.654325 1.07447 0.590937
H: 0.523528 0.148582 -0.756594
309
gcm: 0.654321 1.07302 0.599128
H: 1.28318 0.457178 -0.112618
310
gcm: 0.653652 1.07236 0.607505
H: -0.991952 0.188493 0.459503
311
gcm: 0.652904 1.07139 0.61647
H: 1.85358 0.836726 1.94757
312
gcm: 0.652403 1.06989 0.625834
H: 2.71979 0.710026 1.59688
313
gcm: 0.652167 1.06836 0.63486
H: 2.29749 0.134454 0.405105
314
gcm: 0.651754 1.06697 0.643518
H: 0.990579 0.214466 0.281176
315
gcm: 0.650838 1.06575 0.652567
H: 1.72292 0.437622 1.3499
316
gcm: 0.650101 1.06483 0.661985
H: 2.37807 0.377201 1.11494
317
gcm: 0.649937 1.06341 0.671243
H: 2.70943 0.130005 0.187461
318
gcm: 0.649555 1.06145 0.680411
H: 3.11419 0.210933 0.399913
319
gcm: 0.648895 1.06014 0.689907
H: 3.42831 0.279955 0.936004
320
gcm: 0.648127 1.05918 0.699609
H: 3.91953 0.288391 1.07054
321
gcm: 0.647039 1.05821 0.70931
H: 4.40733 0.0705732 1.73798
322
gcm: 0.646232 1.0576 0.719661
H: 4.75741 0.36609 1.16897
323
gcm: 0.645575 1.05763 0.73017
H: 4.85986 0.397358 0.392527
324
gcm: 0.644385 1.05802 0.740291
H: 4.10227 0.0613607 0.910195
325
gcm: 0.642839 1.05804 0.750399
H: 4.26307 0.142049 1.39264
326
gcm: 0.641433 1.05776 0.760296
H: 4.84242 0.227451 1.22735
327
gcm: 0.640384 1.05747 0.770388
H: 4.22283 0.219184 0.345037
328
gcm: 0.639181 1.05733 0.780648
H: 3.30454 0.404586 0.482604
329
gcm: 0.638007 1.05741 0.790569
H: 3.45811 0.285463 0.623135
330
gcm: 0.637082 1.05786 0.80041
H: 5.26942 0.493324 0.0394492
331
gcm: 0.635752 1.05818 0.809534
H: 4.64637 0.182022 0.45779
332
gcm: 0.634323 1.05834 0.819258
H: 3.33122 0.219835 0.164033
333
gcm: 0.633255 1.05895 0.829077
H: 3.8039 0.350246 -0.980737
334
gcm: 0.632811 1.05851 0.840293
H: 10.4354 0.491692 -0.171791
335
gcm: 0.632071 1.05896 0.851209
H: 7.673 0.315593 0.373772
336
gcm: 0.631152 1.06049 0.861837
H: 6.02071 0.253423 0.668276
337
gcm: 0.630162 1.06176 0.871814
H: 5.48953 0.407762 0.81636
338
gcm: 0.629318 1.06262 0.881187
H: 5.04563 0.506072 0.701246
339
gcm: 0.628561 1.06355 0.890736
H: 4.13832 0.453529 0.667827
340
gcm: 0.627644 1.06524 0.900614
H: 3.65054 0.456546 0.736263
341
gcm: 0.626588 1.0674 0.910421
H: 4.21347 0.564945 0.824942
342
gcm: 0.625438 1.06859 0.91922
H: 3.60227 0.753845 0.980238
343
gcm: 0.624536 1.06863 0.927009
H: 2.72314 0.61945 0.225965
344
gcm: 0.624415 1.06959 0.935788
H: 2.77917 0.122026 -1.4209
345
gcm: 0.624767 1.07181 0.945809
H: 1.06831 -0.418014 -1.70893
346
gcm: 0.624719 1.07414 0.955429
H: 1.25879 -0.041137 -1.04855
347
gcm: 0.624209 1.07643 0.964479
H: -0.766026 -0.328793 0.1449
348
gcm: 0.623812 1.07759 0.973444
H: 0.470728 -0.278327 -0.920313
349
gcm: 0.623747 1.07826 0.982178
H: -0.0224678 -0.372569 -1.00576
350
gcm: 0.623594 1.0795 0.990597
H: -1.06489 -0.430026 0.0251806
351
gcm: 0.623179 1.08059 0.998746
H: -0.777755 -0.306981 0.243609
352
gcm: 0.622777 1.082 1.00698
H: 0.451118 -0.119769 -0.226882
353
gcm: 0.622516 1.08332 1.01571
H: -2.1914 -0.533877 0.731156
354
gcm: 0.622499 1.08475 1.02453
H: -1.22735 -0.787145 -0.126828
355
gcm: 0.622503 1.08579 1.03266
H: 0.161256 -1.13017 -2.92879
356
gcm: 0.622141 1.08573 1.04083
H: -2.15015 -0.854919 0.8225
357
gcm: 0.621904 1.08579 1.04892
H: -2.70149 -0.673836 1.25457
358
gcm: 0.621841 1.08633 1.0568
H: -2.81964 -0.899532 -0.140441
359
gcm: 0.621711 1.08674 1.06539
H: -1.27278 -0.969718 -1.59226
360
gcm: 0.621551 1.0868 1.07397
H: -0.170222 -0.912199 -1.9089
361
gcm: 0.621439 1.08649 1.08165
H: -2.86503 -0.824599 0.386343
362
gcm: 0.621432 1.08672 1.08952
H: -4.81896 -0.886125 1.24856
363
gcm: 0.621458 1.08662 1.09778
H: -2.1044 -1.09712 -0.843396
364
gcm: 0.621611 1.08624 1.10545
H: -1.35966 -1.2223 -2.27143
365
gcm: 0.621953 1.08616 1.11386
H: -1.79411 -1.0483 -1.03769
366
gcm: 0.62183 1.08584 1.1222
H: -4.00997 -0.801809 0.862241
367
gcm: 0.621509 1.08537 1.13008
H: -3.42787 -0.735038 1.26507
368
gcm: 0.621421 1.08516 1.13807
H: -2.26738 -0.906694 -0.368673
369
gcm: 0.621596 1.08511 1.14582
H: -3.33546 -1.10707 -1.08362
370
gcm: 0.621785 1.08514 1.15364
H: -4.17899 -1.08354 -0.249509
371
gcm: 0.622029 1.08569 1.16208
H: -4.81167 -1.0875 -0.309889
372
gcm: 0.622316 1.08625 1.17025
H: -4.5617 -1.08784 -0.585485
373
gcm: 0.622482 1.08655 1.17824
H: -3.84153 -0.930929 -0.274661
374
gcm: 0.622453 1.08703 1.18658
H: -3.7299 -0.795819 0.131234
375
gcm: 0.62247 1.08801 1.19419
H: -5.43147 -0.946228 0.0155783
376
gcm: 0.622504 1.08918 1.20204
H: -5.01659 -1.07294 0.176431
377
gcm: 0.622392 1.08923 1.20938
H: -4.95011 -1.07514 0.198851
378
gcm: 0.622665 1.08835 1.21675
H: -5.38281 -1.0309 -0.593578
379
gcm: 0.622971 1.08723 1.2247
H: -5.97824 -0.735041 0.876557
380
gcm: 0.622938 1.08601 1.23256
H: -4.44014 -0.925359 0.318
381
gcm: 0.623532 1.08636 1.24049
H: -4.01608 -0.983918 -0.840517
382
gcm: 0.624549 1.08659 1.2485
H: -4.34097 -1.04822 -1.98083
383
gcm: 0.625005 1.08564 1.2564
H: -5.1715 -0.802538 -0.546202
384
gcm: 0.62504 1.08546 1.26405
H: -5.40232 -0.65845 0.785127
385
gcm: 0.625318 1.08616 1.27134
H: -4.2818 -0.586779 0.538393
386
gcm: 0.62584 1.08667 1.27879
H: -3.82409 -0.476091 0.144216
387
gcm: 0.626008 1.08695 1.28579
H: -5.57292 -0.321568 0.814703
388
gcm: 0.626337 1.08699 1.29474
H: -2.63413 -0.00653631 1.2383
389
gcm: 0.626899 1.08637 1.30241
H: -2.93006 -0.109642 0.894099
390
gcm: 0.627308 1.08591 1.30986
H: -2.78978 0.118542 1.3583
391
gcm: 0.627361 1.08544 1.3175
H: -2.59529 0.204602 2.26098
392
gcm: 0.628153 1.08513 1.32527
H: -2.66901 -0.0164917 1.22959
393
gcm: 0.629408 1.0856 1.33404
H: -2.13958 -0.0496193 -0.264167
394
gcm: 0.629741 1.08486 1.34125
H: -1.02437 0.437474 2.00194
395
gcm: 0.630483 1.08372 1.34992
H: 0.414857 0.176117 1.07204
396
gcm: 0.631479 1.08267 1.35892
H: 0.715086 -0.279453 -0.661749
397
gcm: 0.632508 1.08186 1.36794
H: 2.1269 -0.615306 -1.48392
398
gcm: 0.633453 1.08074 1.37616
H: 2.16456 -0.679953 -2.09135
399
gcm: 0.63441 1.07986 1.38437
H: -3.17903 -0.0584418 2.55969
400
gcm: 0.635374 1.07871 1.39263
H: 2.1223 -0.370217 -1.90565
401
gcm: 0.636813 1.07693 1.40233
H: 3.48897 -0.297469 -0.676752
402
gcm: 0.638362 1.07555 1.41223
H: 2.83378 -0.108959 0.0641249
403
gcm: 0.639622 1.07473 1.42088
H: 1.8189 -0.0254114 -0.838905
404
gcm: 0.640832 1.07473 1.43047
H: 5.89168 -0.102092 -1.79291
405
gcm: 0.642266 1.0756 1.44101
H: 9.94645 -0.347644 -2.21146
406
gcm: 0.643383 1.07655 1.45154
H: 3.73339 0.0958441 0.359437
407
gcm: 0.645659 1.07736 1.46162
H: 4.62262 -0.378261 -2.8806
408
gcm: 0.647495 1.07797 1.47195
H: 4.59469 0.00446794 1.23958
409
gcm: 0.649069 1.07853 1.48006
H: 1.7282 0.00423566 -0.769467
410
gcm: 0.650944 1.07897 1.49084
H: 5.9372 -0.259029 -0.79616
411
gcm: 0.652534 1.07965 1.49945
H: 2.78269 -0.350101 -1.01931
412
gcm: 0.654426 1.08066 1.50962
H: 3.66505 -0.311687 -0.609668
413
gcm: 0.656041 1.08165 1.5185
H: 1.70029 -0.360425 -0.0412091
414
gcm: 0.65753 1.08289 1.52874
H: 2.94575 -0.217462 1.41134
415
gcm: 0.659386 1.08363 1.53965
H: 8.16487 -0.227748 0.818485
416
gcm: 0.661329 1.08471 1.55047
H: 5.52913 -0.305744 0.216439
417
gcm: 0.66318 1.0857 1.56058
H: 9.85031 -0.813439 -3.54942
418
gcm: 0.664997 1.0862 1.57059
H: 6.2821 -0.358278 -0.495708
419
gcm: 0.667284 1.08777 1.58175
H: 7.79601 -0.548004 -1.38995
420
gcm: 0.668887 1.08948 1.59145
H: 5.6079 -0.363752 -0.41885
421
gcm: 0.670138 1.09112 1.60018
H: 1.36154 -0.0611339 2.03842
422
gcm: 0.672387 1.09206 1.61028
H: 4.34271 -0.744098 -0.859049
423
gcm: 0.673607 1.09304 1.61792
H: 3.43925 -0.401566 2.00853
424
gcm: 0.677113 1.09519 1.62978
H: 6.78058 -0.889319 -4.81636
425
gcm: 0.677863 1.09801 1.63813
H: 3.73068 -0.344299 1.71368
426
gcm: 0.679096 1.09906 1.64658
H: 5.189 -0.644332 -0.323232
427
gcm: 0.680177 1.1011 1.6567
H: 1.34111 0.303025 0.555533
428
gcm: 0.680731 1.10099 1.665
H: -0.544945 0.359545 3.13024
429
gcm: 0.683424 1.10149 1.67546
H: 3.34946 -0.433095 -3.00201
430
gcm: 0.683391 1.10261 1.68167
H: -2.63897 0.735407 4.80093
431
gcm: 0.684884 1.10444 1.69059
H: 1.26259 0.189084 -1.44794
432
gcm: 0.686047 1.10731 1.6996
H: 0.595701 0.339609 -1.09763
433
gcm: 0.685448 1.10809 1.70892
H: 0.14387 0.74843 2.91265
434
gcm: 0.686851 1.10675 1.71518
H: 0.0286401 0.166446 -0.488028
435
gcm: 0.688296 1.11038 1.72573
H: 1.79793 0.0534102 -2.32902
436
gcm: 0.689505 1.10957 1.73234
H: -0.525229 0.110141 -0.985113
437
gcm: 0.689745 1.11096 1.74071
H: -0.565389 0.749236 0.492571
438
gcm: 0.692403 1.11059 1.74916
H: -0.4967 -0.156114 -5.9872
439
gcm: 0.691075 1.11228 1.75597
H: 4.18817 1.16486 2.52547
440
gcm: 0.692008 1.11351 1.76567
H: -8.81979 0.921565 2.99172
441
gcm: 0.692983 1.11388 1.77294
H: 0.631071 0.583256 -1.6952
442
gcm: 0.693636 1.11348 1.78176
H: -3.81154 0.996222 1.65692
443
gcm: 0.694131 1.11289 1.78881
H: -3.06941 1.1031 2.37779
444
gcm: 0.694727 1.11266 1.79684
H: -1.64256 0.809272 0.133044
445
gcm: 0.695859 1.11206 1.80557
H: -2.64037 0.62414 -0.877401
446
gcm: 0.696615 1.11068 1.81315
H: -0.7187 0.74504 -0.835339
447
gcm: 0.697149 1.10995 1.82181
H: -3.30472 0.889916 1.12041
448
gcm: 0.697529 1.10875 1.82974
H: -1.1932 0.666475 0.617882
448
gcm: 0.697529 1.10875 1.82974
H: 0 0 0
