:metadata
 
Skeleton: /Network/Servers/duerer/Volumes/duerer/laturnus/workspace/new_acm/asf/07-walk.asf
Motion: /Network/Servers/duerer/Volumes/duerer/laturnus/workspace/new_acm/amc/07_06-walk.amc
Mass Distribution: /Network/Servers/duerer/Volumes/duerer/laturnus/workspace/new_acm/amd/clauser1969 _point.amd
 
Inital skeleton translation: 0 0 0
Initial skeleton rotation: 0 0 0
 
:data
1
gcm: 0.461977 1.01287 -2.37988
H: -6.13874 -1.09444 1.23911
2
gcm: 0.46133 1.01226 -2.37013
H: -6.85341 -1.12562 1.07483
3
gcm: 0.461195 1.01077 -2.36029
H: -4.8857 -1.07936 1.21136
4
gcm: 0.461822 1.01043 -2.35039
H: -4.27115 -1.28604 -0.319153
5
gcm: 0.462095 1.01276 -2.33913
H: -4.90125 -1.43207 -2.71188
6
gcm: 0.462706 1.01304 -2.3289
H: -3.82494 -1.28572 -0.798212
7
gcm: 0.462745 1.01319 -2.31982
H: -4.26482 -1.04989 0.323073
8
gcm: 0.462596 1.01378 -2.30996
H: -5.1148 -1.08856 -0.262961
9
gcm: 0.462581 1.01418 -2.30008
H: -5.85 -1.18969 -0.17623
10
gcm: 0.462864 1.014 -2.29058
H: -6.095 -0.983139 -0.0534152
11
gcm: 0.463196 1.0137 -2.28084
H: -5.30114 -1.04817 -0.576868
12
gcm: 0.463225 1.01339 -2.27092
H: -4.87568 -1.13127 -1.38508
13
gcm: 0.46315 1.01342 -2.26124
H: -5.57925 -0.907627 -1.80546
14
gcm: 0.463258 1.01398 -2.25192
H: -3.77288 -0.825227 -0.533282
15
gcm: 0.463654 1.01465 -2.24209
H: -5.43127 -1.00676 1.33195
16
gcm: 0.463981 1.01475 -2.23199
H: -2.9032 -1.12425 -0.91914
17
gcm: 0.463978 1.01415 -2.22205
H: -3.89873 -0.655053 1.00597
18
gcm: 0.464084 1.01325 -2.21249
H: -4.41476 -0.453367 1.58366
19
gcm: 0.464566 1.01304 -2.20251
H: -2.78662 -0.468514 0.848351
20
gcm: 0.465386 1.01373 -2.19208
H: -0.898975 -0.519748 -0.450311
21
gcm: 0.466427 1.01433 -2.18142
H: -0.885416 -0.4445 -1.02665
22
gcm: 0.467482 1.01371 -2.17052
H: -0.964678 -0.2785 0.278019
23
gcm: 0.467896 1.01291 -2.16034
H: 0.503597 -0.255537 0.798316
24
gcm: 0.468184 1.01261 -2.14935
H: 0.283156 -0.256737 1.2266
25
gcm: 0.468981 1.01211 -2.13816
H: 1.99517 -0.434496 -0.33027
26
gcm: 0.469852 1.01127 -2.12683
H: 3.11959 -0.474026 -1.05133
27
gcm: 0.470424 1.01053 -2.11549
H: 2.96725 -0.442838 -0.513634
28
gcm: 0.471153 1.01043 -2.10426
H: 3.90939 -0.550391 0.0221047
29
gcm: 0.47203 1.01096 -2.09293
H: 5.42211 -0.423405 -0.000943355
30
gcm: 0.472986 1.01136 -2.08138
H: 5.42135 -0.261741 -0.0154772
31
gcm: 0.474343 1.01158 -2.06946
H: 5.34753 -0.198503 -0.330269
32
gcm: 0.475838 1.0117 -2.05692
H: 6.11004 -0.222774 -1.0803
33
gcm: 0.477005 1.01129 -2.04434
H: 6.93747 -0.352655 -0.840878
34
gcm: 0.478452 1.01171 -2.0321
H: 7.97104 -0.379813 -0.362698
35
gcm: 0.479949 1.01228 -2.01966
H: 7.63968 -0.440782 -0.666377
36
gcm: 0.481169 1.01192 -2.00701
H: 6.89904 -0.376095 -0.0092564
37
gcm: 0.482342 1.01101 -1.99426
H: 7.22887 -0.446877 -0.00530454
38
gcm: 0.483512 1.01068 -1.98138
H: 6.9954 -0.48738 -0.527258
39
gcm: 0.484725 1.01091 -1.96955
H: 7.37329 -0.440472 0.000566075
40
gcm: 0.485986 1.01044 -1.95781
H: 7.08693 -0.460052 0.480157
41
gcm: 0.487264 1.00967 -1.94552
H: 6.99876 -0.530181 0.18961
42
gcm: 0.488735 1.01039 -1.93316
H: 6.13222 -0.353649 -0.478415
43
gcm: 0.49041 1.01199 -1.92098
H: 5.19607 -0.312533 -0.912253
44
gcm: 0.491969 1.01298 -1.90897
H: 4.26368 -0.428332 -1.18453
45
gcm: 0.493358 1.01369 -1.89717
H: 3.99871 -0.528954 -0.806452
46
gcm: 0.494886 1.01526 -1.88538
H: 4.01707 -0.558278 -0.555994
47
gcm: 0.496365 1.01693 -1.87376
H: 3.26487 -0.334425 -0.656418
48
gcm: 0.497597 1.01844 -1.86209
H: 3.03721 -0.159668 -0.0675011
49
gcm: 0.498597 1.02028 -1.85047
H: 3.06872 -0.154795 0.805338
50
gcm: 0.499196 1.02182 -1.83936
H: 1.87098 0.0504317 0.98484
51
gcm: 0.499878 1.02326 -1.82847
H: -0.816692 0.308646 -0.0832745
52
gcm: 0.500197 1.02428 -1.81789
H: 0.666694 0.603859 2.14392
53
gcm: 0.500721 1.0255 -1.80718
H: -0.642336 0.75092 0.97364
54
gcm: 0.501394 1.02789 -1.7961
H: -1.15382 0.813287 0.365783
55
gcm: 0.502257 1.03001 -1.78539
H: -1.6808 0.824705 -0.729432
56
gcm: 0.502952 1.03126 -1.77491
H: -0.979648 0.810442 -0.454975
57
gcm: 0.503319 1.03294 -1.76418
H: -1.37789 0.911487 0.447298
58
gcm: 0.503762 1.03519 -1.75342
H: -1.81547 0.859525 -0.170801
59
gcm: 0.504748 1.03691 -1.74232
H: -3.43579 0.918281 0.290336
60
gcm: 0.505698 1.03749 -1.73157
H: -3.35204 1.05037 -0.686011
61
gcm: 0.506195 1.03717 -1.72139
H: -2.73938 1.07728 -0.270151
62
gcm: 0.506718 1.03784 -1.71095
H: -3.35901 1.1267 0.822969
63
gcm: 0.507063 1.03859 -1.70056
H: -2.78866 1.13428 0.0473853
64
gcm: 0.507492 1.03912 -1.69015
H: -3.35186 1.0492 0.769634
65
gcm: 0.508219 1.03912 -1.67955
H: -2.34672 0.97313 -0.0483991
66
gcm: 0.508792 1.03887 -1.66912
H: -2.12111 1.03002 -0.475653
67
gcm: 0.509267 1.03874 -1.65864
H: -3.64158 1.04914 0.833226
68
gcm: 0.510009 1.03805 -1.64807
H: -2.90115 0.940239 0.352702
69
gcm: 0.510928 1.0368 -1.6377
H: -3.42762 0.946828 -0.413693
70
gcm: 0.511393 1.03692 -1.62708
H: -3.97174 0.972887 -0.6158
71
gcm: 0.512013 1.03642 -1.61677
H: -3.06116 0.706552 -0.704752
72
gcm: 0.512745 1.03627 -1.6061
H: -4.89866 0.898029 0.502725
73
gcm: 0.513081 1.03568 -1.59539
H: -5.09151 1.18 0.902312
74
gcm: 0.513441 1.03521 -1.58494
H: -4.98314 1.05231 0.426758
75
gcm: 0.513982 1.03573 -1.57444
H: -4.86889 0.90814 -0.130067
76
gcm: 0.514377 1.03592 -1.5641
H: -5.3181 0.977485 0.330204
77
gcm: 0.514728 1.03559 -1.55391
H: -6.03113 1.01442 0.302038
78
gcm: 0.51519 1.03531 -1.54366
H: -5.2918 0.924451 -0.561984
79
gcm: 0.51572 1.03541 -1.53357
H: -5.49873 0.858829 -0.576948
80
gcm: 0.516292 1.03547 -1.52343
H: -6.40903 0.862539 -0.191656
81
gcm: 0.51674 1.03543 -1.51327
H: -6.15388 0.924209 -0.0873065
82
gcm: 0.517009 1.03561 -1.50335
H: -6.11127 1.03071 -0.0366667
83
gcm: 0.517011 1.0361 -1.49357
H: -6.64351 0.980858 0.375733
84
gcm: 0.516966 1.0364 -1.48378
H: -7.36639 0.893316 0.736627
85
gcm: 0.517186 1.03609 -1.47398
H: -7.57211 0.788442 -0.250535
86
gcm: 0.51769 1.03547 -1.46302
H: -2.79893 0.378902 -1.46771
87
gcm: 0.518439 1.03489 -1.45178
H: -2.81654 0.250612 -1.22701
88
gcm: 0.51926 1.0344 -1.44039
H: -2.04325 0.0303241 -1.67308
89
gcm: 0.519694 1.03433 -1.4292
H: -2.06445 -0.021167 -1.23654
90
gcm: 0.520058 1.03361 -1.41809
H: -1.72092 0.17762 -1.09978
91
gcm: 0.520322 1.03192 -1.40666
H: -0.943923 0.438634 -0.393042
92
gcm: 0.520233 1.03064 -1.39521
H: 0.423338 0.563102 0.5244
93
gcm: 0.51991 1.02977 -1.38402
H: 1.52616 0.542827 0.930846
94
gcm: 0.519382 1.02853 -1.37288
H: 1.86576 0.537599 1.41053
95
gcm: 0.518818 1.02707 -1.36148
H: 2.40319 0.61479 1.55603
96
gcm: 0.518124 1.0255 -1.34995
H: 3.09209 0.631894 1.67643
97
gcm: 0.517496 1.024 -1.33829
H: 3.33644 0.582385 1.48601
98
gcm: 0.517202 1.0221 -1.32642
H: 3.79712 0.596535 0.681103
99
gcm: 0.516938 1.01985 -1.3146
H: 4.85671 0.518101 0.526726
100
gcm: 0.516448 1.01818 -1.30245
H: 5.86204 0.488559 0.882807
101
gcm: 0.516011 1.01768 -1.28984
H: 5.90216 0.483077 0.850888
102
gcm: 0.515484 1.01798 -1.27714
H: 5.50861 0.411013 0.96668
103
gcm: 0.514612 1.01758 -1.2646
H: 5.81067 0.457206 0.997546
104
gcm: 0.513726 1.0167 -1.25221
H: 6.40175 0.439555 0.640791
105
gcm: 0.512666 1.01631 -1.23969
H: 5.9238 0.464673 0.846255
106
gcm: 0.511415 1.01627 -1.22732
H: 4.50292 0.585877 0.697211
107
gcm: 0.51042 1.01616 -1.21528
H: 4.63849 0.62627 0.754706
108
gcm: 0.509825 1.01443 -1.20156
H: 10.3816 0.484202 0.539215
109
gcm: 0.5092 1.0132 -1.18839
H: 8.12469 0.376299 -0.0236257
110
gcm: 0.508698 1.01317 -1.17556
H: 7.21426 0.307995 -0.419051
111
gcm: 0.508835 1.01331 -1.16198
H: 8.1647 0.265571 -1.58068
112
gcm: 0.509695 1.01349 -1.14757
H: 8.34508 -0.117851 -2.99733
113
gcm: 0.507916 1.01535 -1.13619
H: 5.01288 0.635235 2.16471
114
gcm: 0.506975 1.0168 -1.12439
H: 5.51097 0.58553 0.496824
115
gcm: 0.506493 1.01788 -1.11255
H: 6.13699 0.571959 -0.34322
116
gcm: 0.505805 1.01865 -1.10102
H: 5.14865 0.44715 0.22924
117
gcm: 0.505001 1.01936 -1.08993
H: 3.01754 0.17589 0.861913
118
gcm: 0.503988 1.02006 -1.07971
H: 1.32325 0.571978 1.23738
119
gcm: 0.504011 1.02223 -1.06721
H: 1.44589 -0.20058 -0.864684
120
gcm: 0.503827 1.02426 -1.0553
H: -0.405706 -0.666326 -0.256324
121
gcm: 0.503748 1.02603 -1.04421
H: 0.138641 -0.763013 -1.09813
122
gcm: 0.503636 1.02827 -1.03315
H: 0.854756 -0.481061 -0.939296
123
gcm: 0.503446 1.03048 -1.02202
H: 0.205014 -0.414972 0.178322
124
gcm: 0.503393 1.03288 -1.01095
H: -1.45961 -0.733598 0.179428
125
gcm: 0.503447 1.03578 -1.00001
H: -1.47361 -1.02145 0.0183387
126
gcm: 0.503429 1.03818 -0.989343
H: -0.440744 -0.912094 -0.493493
127
gcm: 0.503656 1.04041 -0.978622
H: 0.639964 -0.802628 -1.0094
128
gcm: 0.504073 1.04191 -0.968154
H: -1.47039 -0.883227 -0.705044
129
gcm: 0.504104 1.04338 -0.957812
H: -2.5353 -0.932267 0.163654
130
gcm: 0.503872 1.04536 -0.947394
H: -1.91296 -0.94183 0.328411
131
gcm: 0.503905 1.04702 -0.937266
H: -2.80184 -1.16773 0.064392
132
gcm: 0.504182 1.0482 -0.927115
H: -4.05333 -1.42046 0.177931
133
gcm: 0.504343 1.04937 -0.916777
H: -1.14014 -0.95606 -0.842752
134
gcm: 0.504818 1.05081 -0.905763
H: -1.36497 -1.20246 -1.73674
135
gcm: 0.506124 1.0523 -0.893503
H: -0.433409 -1.57894 -3.40549
136
gcm: 0.505033 1.05144 -0.885417
H: -4.54124 -0.561716 3.90974
137
gcm: 0.504708 1.05151 -0.875894
H: -2.6723 -0.886942 1.28518
138
gcm: 0.504844 1.05162 -0.865902
H: -1.85972 -0.875887 -0.0835586
139
gcm: 0.504992 1.05161 -0.855814
H: -2.2674 -0.953625 -0.124063
140
gcm: 0.505121 1.05332 -0.84534
H: -4.06273 -1.15627 0.0619713
141
gcm: 0.505288 1.05549 -0.835186
H: -5.93572 -1.21166 0.0941864
142
gcm: 0.505493 1.05662 -0.825144
H: -5.62957 -1.16023 0.154107
143
gcm: 0.505771 1.05751 -0.814829
H: -4.60694 -1.2008 0.24871
144
gcm: 0.506033 1.05812 -0.804664
H: -3.82261 -1.16706 0.173566
145
gcm: 0.506089 1.05783 -0.794827
H: -3.71778 -1.02509 -0.0827906
146
gcm: 0.506176 1.05817 -0.784581
H: -4.18087 -1.06611 -0.159276
147
gcm: 0.506524 1.05861 -0.774277
H: -5.10773 -1.2478 -0.175969
148
gcm: 0.506961 1.05857 -0.764421
H: -5.93979 -1.28762 -0.708808
149
gcm: 0.507392 1.05932 -0.754305
H: -4.97438 -1.13049 -0.869539
150
gcm: 0.507664 1.06 -0.7442
H: -4.6606 -1.20963 -0.160602
151
gcm: 0.507727 1.06016 -0.734365
H: -5.47316 -1.20998 0.238983
152
gcm: 0.507756 1.06045 -0.724527
H: -5.68177 -1.08445 0.356808
153
gcm: 0.508105 1.06054 -0.714612
H: -5.2513 -1.00373 -0.229128
154
gcm: 0.508613 1.06001 -0.704555
H: -4.83817 -0.96654 -0.620122
155
gcm: 0.508933 1.05923 -0.694457
H: -4.95201 -0.89047 0.0645877
156
gcm: 0.509501 1.05919 -0.684298
H: -4.30468 -0.864875 0.0781487
157
gcm: 0.510121 1.05932 -0.674242
H: -3.34721 -0.719779 0.188825
158
gcm: 0.510554 1.05946 -0.664305
H: -3.4581 -0.584138 0.289245
159
gcm: 0.511477 1.05897 -0.653939
H: -4.2635 -0.432291 0.138923
160
gcm: 0.512288 1.0581 -0.643778
H: -2.77999 -0.45519 0.663775
161
gcm: 0.512779 1.0571 -0.633895
H: -2.34792 -0.564864 0.968447
162
gcm: 0.513492 1.0564 -0.623172
H: 0.0742287 -0.502128 0.253515
163
gcm: 0.514252 1.05543 -0.612004
H: 1.4693 -0.329473 0.13052
164
gcm: 0.515099 1.05407 -0.600977
H: 1.74032 -0.395279 0.401285
165
gcm: 0.516311 1.05277 -0.589707
H: 2.22082 -0.552309 -0.164977
166
gcm: 0.517566 1.05135 -0.578084
H: 2.6998 -0.61645 -0.506762
167
gcm: 0.518855 1.04944 -0.56665
H: 3.59634 -0.636585 -0.981017
168
gcm: 0.520107 1.04784 -0.555188
H: 6.42835 -0.65416 -1.22676
169
gcm: 0.52119 1.04651 -0.543322
H: 6.46839 -0.477917 0.363804
170
gcm: 0.522193 1.04629 -0.531169
H: 6.61982 -0.342379 0.840971
171
gcm: 0.523443 1.04629 -0.51896
H: 6.37374 -0.285333 0.26607
172
gcm: 0.525055 1.04604 -0.50698
H: 6.03716 -0.500697 -0.240707
173
gcm: 0.527024 1.04577 -0.495039
H: 6.08882 -0.747609 -0.450483
174
gcm: 0.528997 1.04456 -0.4812
H: 11.2504 -0.526514 -1.34445
175
gcm: 0.530587 1.04349 -0.468158
H: 9.2236 -0.614747 -0.64885
176
gcm: 0.531893 1.0425 -0.455325
H: 8.13032 -0.429077 0.381866
177
gcm: 0.532991 1.04188 -0.442642
H: 7.53283 -0.385731 0.870478
178
gcm: 0.534086 1.04124 -0.430601
H: 7.17342 -0.467675 0.649086
179
gcm: 0.535486 1.04055 -0.418559
H: 7.22491 -0.381595 -0.158657
180
gcm: 0.537364 1.0406 -0.406228
H: 6.90092 -0.367549 -1.31645
181
gcm: 0.539296 1.04118 -0.394237
H: 6.02857 -0.518266 -1.24344
182
gcm: 0.540801 1.04239 -0.382311
H: 5.45589 -0.559383 -0.573868
183
gcm: 0.542353 1.04414 -0.37029
H: 5.17233 -0.592226 -0.72822
184
gcm: 0.544178 1.04542 -0.358586
H: 4.66631 -0.515344 -1.01695
185
gcm: 0.545909 1.04628 -0.347155
H: 2.72461 0.242864 -1.93101
186
gcm: 0.547012 1.04711 -0.336085
H: 2.05604 0.101428 -0.8636
187
gcm: 0.547953 1.0483 -0.325113
H: 1.56398 0.00533253 0.253677
188
gcm: 0.549226 1.05049 -0.314078
H: 0.96674 0.211791 -0.422253
189
gcm: 0.549938 1.05211 -0.303453
H: 0.875103 0.38059 0.414782
190
gcm: 0.550255 1.05328 -0.293136
H: 0.569361 0.565522 1.31489
191
gcm: 0.55077 1.05586 -0.282654
H: -2.50814 1.42703 0.147177
192
gcm: 0.551195 1.0578 -0.272182
H: -0.878843 0.949856 0.951276
193
gcm: 0.551951 1.05944 -0.261694
H: 0.301308 0.613979 -0.199631
194
gcm: 0.553179 1.06142 -0.25082
H: -0.388543 0.652237 -1.61115
195
gcm: 0.553975 1.06367 -0.240129
H: -0.708935 0.909718 -0.551844
196
gcm: 0.554047 1.06554 -0.230522
H: -1.59469 1.19391 1.30484
197
gcm: 0.554129 1.06665 -0.221552
H: -2.97389 1.37066 1.83626
198
gcm: 0.555285 1.0683 -0.210961
H: -2.07757 0.924307 -0.660641
199
gcm: 0.555763 1.06996 -0.200854
H: -2.00967 1.09623 0.3818
200
gcm: 0.555825 1.07121 -0.191261
H: -1.91075 1.29666 1.0176
201
gcm: 0.55616 1.0722 -0.18157
H: -2.53513 1.2469 0.53961
202
gcm: 0.556852 1.07187 -0.171292
H: -2.80578 1.09664 -0.211995
203
gcm: 0.557612 1.07189 -0.160888
H: -2.53223 1.09625 -0.507439
204
gcm: 0.557946 1.072 -0.151065
H: -2.433 1.17853 0.233797
205
gcm: 0.558164 1.07231 -0.141282
H: -3.00758 1.11578 0.792774
206
gcm: 0.558539 1.07234 -0.131403
H: -3.6826 1.09328 0.48081
207
gcm: 0.559098 1.07192 -0.121336
H: -3.33886 0.955945 -0.495822
208
gcm: 0.559785 1.07132 -0.110979
H: -3.22725 0.857315 -0.729085
209
gcm: 0.560815 1.0706 -0.100558
H: -3.68166 0.810675 -0.903741
210
gcm: 0.562296 1.06996 -0.0898195
H: -3.01945 0.553359 -1.9132
211
gcm: 0.562906 1.06975 -0.079444
H: -3.60952 1.02452 -0.0718474
212
gcm: 0.562459 1.06909 -0.0699911
H: -5.11029 1.54952 2.1379
213
gcm: 0.562487 1.06884 -0.0601466
H: -5.20964 1.1669 0.969077
214
gcm: 0.563041 1.06975 -0.04992
H: -5.35762 0.948163 -3.16755e-05
215
gcm: 0.563606 1.06955 -0.0399054
H: -5.4909 0.870958 -0.0694687
216
gcm: 0.56366 1.06907 -0.0298165
H: -4.98203 0.991848 0.733748
217
gcm: 0.563066 1.06996 -0.0202998
H: -6.46628 1.32703 1.71183
218
gcm: 0.562925 1.07073 -0.0107344
H: -6.75675 1.07183 0.905794
219
gcm: 0.563325 1.07038 -0.000435317
H: -6.03947 0.85832 -0.110375
220
gcm: 0.563682 1.06967 0.00951318
H: -6.31302 0.739336 -0.183866
221
gcm: 0.563792 1.0695 0.0190178
H: -6.68937 0.686295 -0.0902975
222
gcm: 0.563759 1.06928 0.0287302
H: -6.20085 0.824583 0.0267507
223
gcm: 0.563805 1.06839 0.0385008
H: -6.24169 0.788872 -0.12079
224
gcm: 0.563958 1.06833 0.0475784
H: -8.05868 0.631441 -0.492657
225
gcm: 0.564278 1.06843 0.0582704
H: -3.33808 0.409215 -0.303552
226
gcm: 0.564265 1.06801 0.0689513
H: -2.83355 0.425392 -0.319197
227
gcm: 0.564183 1.06774 0.0795334
H: -2.3908 0.225883 -0.64414
228
gcm: 0.564323 1.06743 0.0902767
H: -2.57856 0.0501579 -1.07951
229
gcm: 0.564334 1.06623 0.101408
H: -2.25612 0.0731596 -0.736675
230
gcm: 0.564183 1.06449 0.112437
H: -1.57471 0.068179 -0.340195
231
gcm: 0.563985 1.06296 0.123306
H: -0.426975 0.280549 -0.151506
232
gcm: 0.56347 1.06164 0.13444
H: 1.13929 0.596636 0.6977
233
gcm: 0.56272 1.06017 0.145546
H: 2.52172 0.527598 0.909557
234
gcm: 0.561912 1.05861 0.156551
H: 2.95224 0.521343 0.806782
235
gcm: 0.560843 1.05757 0.167846
H: 3.18664 0.754046 1.83806
236
gcm: 0.55982 1.05634 0.179202
H: 3.76084 0.634713 1.77725
237
gcm: 0.558821 1.05378 0.190274
H: 3.94323 0.276699 0.77993
238
gcm: 0.557531 1.05142 0.201285
H: 5.21815 0.403269 1.14226
239
gcm: 0.556466 1.0503 0.212947
H: 6.32644 0.709001 1.29462
240
gcm: 0.5552 1.0502 0.225185
H: 4.44106 0.635073 1.16641
241
gcm: 0.553514 1.05066 0.23721
H: 3.31505 0.530946 1.19978
242
gcm: 0.552173 1.05028 0.248841
H: 4.98336 0.500703 0.838356
243
gcm: 0.550956 1.04958 0.260772
H: 4.55727 0.375504 0.284422
244
gcm: 0.549943 1.05011 0.272519
H: 5.24535 0.309093 -0.816253
245
gcm: 0.549039 1.05118 0.284195
H: 5.59388 0.601402 -0.5857
246
gcm: 0.547786 1.05047 0.297715
H: 11.239 0.820785 0.864138
247
gcm: 0.546735 1.04999 0.310704
H: 10.7498 0.792389 -0.361019
248
gcm: 0.545675 1.05016 0.323011
H: 9.02385 0.633897 -0.692191
249
gcm: 0.544623 1.05077 0.33529
H: 7.96502 0.465872 -0.254707
250
gcm: 0.543492 1.05178 0.347492
H: 7.00141 0.446108 0.237231
251
gcm: 0.542107 1.05305 0.359455
H: 6.43223 0.672635 0.809715
252
gcm: 0.540955 1.05456 0.371544
H: 5.67377 0.484634 0.83276
253
gcm: 0.539957 1.05656 0.383478
H: 4.26731 0.149045 0.624318
254
gcm: 0.539053 1.05876 0.395115
H: 2.91115 -0.11846 0.402813
255
gcm: 0.538189 1.06078 0.406582
H: 2.10706 -0.235253 0.0508896
256
gcm: 0.536973 1.0636 0.418157
H: 2.43725 0.237757 0.0133512
257
gcm: 0.53595 1.06577 0.429162
H: 2.04737 0.159744 0.501208
258
gcm: 0.535674 1.0663 0.439175
H: -0.645336 -0.86776 0.258
259
gcm: 0.535055 1.06735 0.450377
H: -2.07521 -1.0312 1.50176
260
gcm: 0.534822 1.06914 0.462064
H: 0.586545 -0.602819 -0.500786
261
gcm: 0.534655 1.07084 0.472396
H: 3.13543 -0.297256 -3.10695
262
gcm: 0.534094 1.07156 0.482167
H: -1.69282 -0.854388 -0.432506
263
gcm: 0.533564 1.07277 0.492464
H: -3.91887 -1.29467 1.29713
264
gcm: 0.533435 1.0757 0.504489
H: -0.935819 -1.21776 -0.454592
265
gcm: 0.533144 1.0773 0.514908
H: -0.593844 -1.07586 -1.41009
266
gcm: 0.533116 1.0791 0.525279
H: 0.70122 -0.741075 -2.45573
267
gcm: 0.532898 1.08013 0.535692
H: -3.81424 -1.376 0.276808
268
gcm: 0.532551 1.0803 0.545875
H: -1.95253 -1.08259 0.189703
269
gcm: 0.53244 1.08032 0.556147
H: -1.61158 -1.1197 -0.709958
270
gcm: 0.532192 1.08041 0.566953
H: -1.05283 -0.96183 -0.203492
271
gcm: 0.532075 1.08104 0.577468
H: -1.86683 -1.04168 -0.293956
272
gcm: 0.532112 1.08148 0.587525
H: -3.53532 -1.33042 -0.837495
273
gcm: 0.531412 1.08084 0.598151
H: -3.11027 -1.00666 1.16773
274
gcm: 0.531387 1.08079 0.608595
H: -2.86692 -1.09615 -0.158173
275
gcm: 0.531208 1.08035 0.619064
H: -2.95555 -1.00994 0.308622
276
gcm: 0.530925 1.07875 0.629045
H: -3.86701 -1.07669 1.03949
277
gcm: 0.530632 1.07639 0.637982
H: -3.37633 -0.892091 0.401245
278
gcm: 0.530825 1.07729 0.649548
H: -3.32562 -1.12955 -0.973251
279
gcm: 0.531314 1.07791 0.660822
H: -3.1486 -1.31447 -1.26686
280
gcm: 0.531182 1.07751 0.671364
H: -3.78883 -0.958806 0.6825
281
gcm: 0.530831 1.07715 0.6816
H: -4.60712 -0.915192 0.906473
282
gcm: 0.531471 1.07742 0.691815
H: -3.45473 -1.35312 -1.75931
283
gcm: 0.532063 1.07807 0.701817
H: -3.48383 -1.21141 -1.54107
284
gcm: 0.532072 1.0788 0.711792
H: -5.2209 -1.03106 -0.140233
285
gcm: 0.532404 1.07948 0.721922
H: -5.85484 -1.29052 -0.524461
286
gcm: 0.532658 1.08025 0.732159
H: -5.96709 -1.204 -0.450061
287
gcm: 0.532715 1.08005 0.742491
H: -5.85751 -0.959588 -0.300825
288
gcm: 0.532829 1.07881 0.752493
H: -5.39912 -1.00656 0.197394
289
gcm: 0.532969 1.07766 0.761921
H: -5.60141 -1.2109 0.586035
290
gcm: 0.533524 1.07746 0.771779
H: -5.85182 -1.19078 -0.447588
291
gcm: 0.534137 1.07811 0.782646
H: -5.37691 -0.871503 -0.54302
292
gcm: 0.53429 1.07836 0.79313
H: -5.64938 -0.788373 0.388399
293
gcm: 0.534383 1.07839 0.802863
H: -5.81242 -0.836898 0.687134
294
gcm: 0.535049 1.07915 0.812776
H: -4.6923 -0.785527 0.0597614
295
gcm: 0.536015 1.0796 0.822933
H: -3.65432 -0.593389 -0.231787
296
gcm: 0.536381 1.07946 0.833056
H: -3.24439 -0.373035 1.53659
297
gcm: 0.53642 1.07917 0.842938
H: -3.94437 -0.185174 2.44895
298
gcm: 0.536712 1.0788 0.853745
H: 0.0178672 -0.15901 1.01359
299
gcm: 0.537708 1.07843 0.864544
H: 1.09346 -0.468488 -0.274476
300
gcm: 0.538792 1.07754 0.875875
H: 2.00144 -0.466484 -0.35566
301
gcm: 0.539471 1.07629 0.887195
H: 1.87313 -0.383979 0.416796
302
gcm: 0.540463 1.07525 0.898336
H: 2.06205 -0.538976 -0.58227
303
gcm: 0.541759 1.07419 0.909938
H: 3.57683 -0.630812 -1.46163
304
gcm: 0.542976 1.07256 0.921724
H: 3.96227 -0.778727 -0.977488
305
gcm: 0.544526 1.07008 0.933431
H: 4.28921 -0.782213 -1.04388
306
gcm: 0.54635 1.06948 0.945068
H: 5.45658 -0.588954 -1.26608
307
gcm: 0.547774 1.07109 0.956632
H: 5.57994 -0.642134 -0.95561
308
gcm: 0.548836 1.07172 0.969014
H: 5.64211 -0.641045 -0.357224
309
gcm: 0.550305 1.07129 0.98182
H: 5.96998 -0.591965 -0.190413
310
gcm: 0.552153 1.07004 0.993802
H: 4.83527 -0.417453 -0.624362
311
gcm: 0.553718 1.07018 1.00578
H: 4.62566 -0.274415 -0.550915
312
gcm: 0.555176 1.06991 1.01948
H: 9.74939 -0.249329 -0.400128
313
gcm: 0.556827 1.06937 1.03258
H: 9.35905 -0.578048 -0.118126
314
gcm: 0.558291 1.06836 1.04504
H: 8.01692 -0.600396 0.339006
315
gcm: 0.559592 1.06764 1.05758
H: 8.197 -0.403714 0.303477
316
gcm: 0.561185 1.06808 1.07006
H: 8.16985 -0.453506 -0.415936
317
gcm: 0.562933 1.069 1.08264
H: 7.30265 -0.48829 -1.16522
318
gcm: 0.564633 1.06976 1.09508
H: 7.17746 -0.627949 -1.01486
319
gcm: 0.566585 1.07084 1.10728
H: 6.58896 -0.670229 -0.627031
320
gcm: 0.568759 1.0725 1.11925
H: 5.05501 -0.556874 -1.14407
321
gcm: 0.570659 1.07433 1.13066
H: 5.14061 -0.805983 -1.14822
322
gcm: 0.572379 1.07581 1.14185
H: 4.36936 -0.408632 -1.77509
323
gcm: 0.573913 1.07585 1.15287
H: 3.45144 -0.113296 -1.90084
324
gcm: 0.575044 1.07775 1.16442
H: 1.56785 0.32385 -0.677497
325
gcm: 0.576082 1.07921 1.17555
H: 1.5802 0.186873 0.28313
326
gcm: 0.57709 1.08066 1.18663
H: 2.01418 0.0805032 0.122026
327
gcm: 0.578003 1.08292 1.19821
H: 1.68269 0.339115 0.00920648
328
gcm: 0.578619 1.08472 1.2089
H: -0.342184 0.738527 1.25244
329
gcm: 0.578491 1.08648 1.21756
H: -1.9153 0.981458 3.258
330
gcm: 0.579716 1.09028 1.2308
H: 1.91908 0.76051 -0.882759
331
gcm: 0.579213 1.09062 1.2378
H: -3.56784 1.19114 3.96479
332
gcm: 0.581175 1.09338 1.252
H: 1.61009 0.190842 -3.3479
333
gcm: 0.581555 1.09488 1.26267
H: -1.78811 0.912361 0.530756
334
gcm: 0.582258 1.09612 1.27286
H: -2.75317 1.12164 0.441247
335
gcm: 0.5834 1.09716 1.28278
H: -1.68998 0.988855 -0.503623
336
gcm: 0.584357 1.09776 1.29253
H: -0.605434 0.813439 -1.38249
337
gcm: 0.585131 1.0984 1.30285
H: -3.65824 1.12984 0.560415
338
gcm: 0.585969 1.09914 1.31299
H: -2.71964 1.16977 -0.289271
339
gcm: 0.586329 1.09985 1.32279
H: -2.01811 1.27347 -0.106353
340
gcm: 0.586584 1.10008 1.33323
H: -3.58283 1.36205 1.73807
341
gcm: 0.587251 1.09917 1.34385
H: -0.786467 1.01502 -0.00146485
342
gcm: 0.587934 1.09919 1.35436
H: -2.75264 1.0165 -0.0351882
343
gcm: 0.587265 1.099 1.36508
H: -2.84374 1.43196 2.43369
344
gcm: 0.590153 1.09784 1.37447
H: -4.83696 -0.0414436 -5.01829
345
gcm: 0.590377 1.09693 1.38455
H: -0.830194 1.39816 1.81145
346
gcm: 0.590527 1.09607 1.3958
H: -3.19824 1.32288 1.57903
347
gcm: 0.59063 1.09543 1.40612
H: -3.62814 1.01269 1.16907
348
gcm: 0.590974 1.09502 1.41682
H: -4.22163 1.01379 0.461751
349
gcm: 0.591184 1.09455 1.42775
H: -3.45428 1.12129 0.787704
350
gcm: 0.592715 1.09401 1.43826
H: -4.74807 0.577999 -1.30306
351
gcm: 0.593867 1.09356 1.4492
H: -4.2288 0.513015 -1.33074
352
gcm: 0.59338 1.09354 1.45787
H: -6.24846 1.37387 2.48439
353
gcm: 0.593473 1.09373 1.46792
H: -5.55655 0.995906 0.863645
354
gcm: 0.594771 1.09292 1.47819
H: -6.21495 0.497164 -1.66053
355
gcm: 0.594167 1.09232 1.48912
H: -6.34562 1.32494 1.96838
356
gcm: 0.595241 1.09322 1.49921
H: -6.8259 0.880561 -0.51923
357
gcm: 0.595884 1.09351 1.50898
H: -6.5272 0.676488 -0.271602
358
gcm: 0.596475 1.09297 1.51868
H: -7.08683 0.740286 -0.748886
359
gcm: 0.596642 1.09234 1.52882
H: -7.32937 0.885834 0.162122
360
gcm: 0.596855 1.09187 1.539
H: -7.03586 0.717985 -0.296197
361
gcm: 0.597379 1.09174 1.54816
H: -8.48483 0.519922 -1.46501
362
gcm: 0.597926 1.09146 1.55836
H: -5.21086 0.365014 -0.982634
363
gcm: 0.598377 1.09119 1.56948
H: -3.20697 0.138042 -1.17158
364
gcm: 0.598844 1.09147 1.58088
H: -2.39411 -0.231274 -2.22787
365
gcm: 0.599334 1.09052 1.59187
H: -2.62036 -0.302119 -1.94726
366
gcm: 0.599202 1.08938 1.60273
H: -0.481904 0.524185 0.0562128
367
gcm: 0.598691 1.08837 1.61457
H: -1.74674 0.595553 0.582449
368
gcm: 0.598685 1.08746 1.62534
H: 2.12061 0.443387 0.458862
369
gcm: 0.598974 1.08633 1.6369
H: 1.37925 0.338198 0.0602655
370
gcm: 0.598824 1.08402 1.64824
H: 1.13623 0.418489 0.104794
371
gcm: 0.597496 1.08051 1.65907
H: 2.08659 1.19736 2.65188
372
gcm: 0.596341 1.07861 1.66967
H: 2.94603 1.13976 3.45953
373
gcm: 0.596453 1.07613 1.68067
H: 3.42655 0.662947 0.567948
374
gcm: 0.596395 1.0741 1.69189
H: 4.43217 0.619464 0.725135
375
gcm: 0.595666 1.07279 1.70321
H: 6.19917 0.720369 1.64148
376
gcm: 0.595025 1.07102 1.71586
H: 5.16145 0.700752 1.00374
377
gcm: 0.594162 1.07006 1.72824
H: 5.36046 0.742562 1.73614
378
gcm: 0.592962 1.0704 1.74024
H: 5.10854 0.588536 1.71016
379
gcm: 0.590864 1.07013 1.75315
H: 3.61712 0.661153 2.75783
380
gcm: 0.59143 1.06941 1.76388
H: 6.74593 0.370304 -1.89443
381
gcm: 0.591674 1.06877 1.7756
H: 5.65707 0.248014 -1.337
382
gcm: 0.590736 1.06881 1.78733
H: 5.43677 0.601018 0.528427
383
gcm: 0.589441 1.06927 1.79927
H: 6.47158 0.898495 0.470331
384
gcm: 0.588947 1.06776 1.81194
H: 15.1499 0.963772 0.114144
385
gcm: 0.58879 1.06708 1.82612
H: 7.45445 0.357018 -0.12327
386
gcm: 0.58832 1.06658 1.83882
H: 7.48235 0.405284 -0.669066
387
gcm: 0.587485 1.067 1.85107
H: 9.34914 1.29522 -0.993618
388
gcm: 0.586358 1.06814 1.86215
H: 8.63 0.805532 1.53782
389
gcm: 0.585526 1.06889 1.87349
H: 6.13064 0.380135 0.9251
390
gcm: 0.584888 1.07044 1.88725
H: 1.99447 0.116473 -0.122049
391
gcm: 0.584237 1.07211 1.89816
H: 7.84113 0.691231 0.878667
392
gcm: 0.583989 1.07381 1.90921
H: 4.38962 0.349182 0.343419
393
gcm: 0.583804 1.07521 1.92123
H: 0.528075 -0.100861 -0.535033
394
gcm: 0.583492 1.07653 1.93216
H: 2.84395 0.0484949 0.147428
395
gcm: 0.582939 1.07844 1.94377
H: 1.91329 0.28193 0.533568
396
gcm: 0.582418 1.07982 1.95391
H: 1.85695 -0.126765 1.5657
397
gcm: 0.582066 1.08165 1.96486
H: -1.0666 -0.459891 0.155163
398
gcm: 0.581973 1.08394 1.97709
H: -4.24728 -0.833045 -0.8474
399
gcm: 0.58188 1.08589 1.98671
H: 1.52277 -0.607986 -0.280397
400
gcm: 0.581894 1.08744 1.99639
H: -1.35988 -0.915993 0.199782
401
gcm: 0.583037 1.09048 2.00977
H: -2.32329 -1.63109 -3.35018
402
gcm: 0.584101 1.09265 2.02101
H: 2.74988 -1.54469 -3.76042
403
gcm: 0.584669 1.09481 2.03234
H: -1.91309 -1.26479 -1.98699
404
gcm: 0.583703 1.09562 2.04166
H: -7.5764 -0.963615 2.72229
405
gcm: 0.583009 1.09598 2.05069
H: -2.88004 -0.679174 2.70443
406
gcm: 0.583185 1.09718 2.06085
H: -1.3816 -1.18547 -1.10526
407
gcm: 0.583105 1.0983 2.07169
H: -0.377887 -0.961773 0.110262
408
gcm: 0.582807 1.09777 2.08121
H: -2.26838 -0.636042 1.65904
409
gcm: 0.582714 1.09373 2.08666
H: -5.48277 -1.39619 2.26709
410
gcm: 0.582947 1.09615 2.09857
H: -1.32702 -1.36729 -0.358012
411
gcm: 0.582667 1.09792 2.11041
H: -5.01579 -1.27362 0.163345
412
gcm: 0.581659 1.09734 2.11877
H: -1.35814 -0.644562 3.17883
413
gcm: 0.582312 1.0974 2.12925
H: -1.55946 -1.62318 -2.13361
414
gcm: 0.582247 1.09779 2.14123
H: -3.76249 -1.24048 -0.659937
415
gcm: 0.582315 1.09592 2.149
H: -5.63845 -0.794198 1.07048
416
gcm: 0.584208 1.10004 2.16121
H: -2.41471 -2.05977 -5.78669
416
gcm: 0.584208 1.10004 2.16121
H: 0 0 0
