:metadata
 
Skeleton: /Network/Servers/duerer/Volumes/duerer/laturnus/workspace/new_acm/asf/07-walk.asf
Motion: /Network/Servers/duerer/Volumes/duerer/laturnus/workspace/new_acm/amc/07_07-walk.amc
Mass Distribution: /Network/Servers/duerer/Volumes/duerer/laturnus/workspace/new_acm/amd/clauser1969 _point.amd
 
Inital skeleton translation: 0 0 0
Initial skeleton rotation: 0 0 0
 
:data
1
gcm: 0.518233 0.996305 -2.36759
H: 2.14678 0.798194 0.714184
2
gcm: 0.517225 0.994711 -2.3557
H: 3.12124 0.740542 1.19261
3
gcm: 0.516216 0.992359 -2.34365
H: 3.904 0.562697 1.33329
4
gcm: 0.515146 0.9909 -2.33137
H: 5.35424 0.519772 1.64046
5
gcm: 0.514077 0.989427 -2.31863
H: 5.93491 0.534595 1.48846
6
gcm: 0.513006 0.988113 -2.30579
H: 5.87359 0.651401 1.13706
7
gcm: 0.511548 0.987516 -2.29284
H: 5.56177 0.671193 1.6001
8
gcm: 0.509569 0.987675 -2.2806
H: 5.21231 0.420422 1.52005
9
gcm: 0.508521 0.987537 -2.26911
H: 5.89607 0.401384 2.35055
10
gcm: 0.507174 0.986598 -2.25706
H: 5.89828 0.41791 0.82597
11
gcm: 0.506213 0.984925 -2.24262
H: 12.9183 0.654682 -0.212548
12
gcm: 0.505083 0.983828 -2.22944
H: 9.39896 0.783021 0.404337
13
gcm: 0.503866 0.982531 -2.21651
H: 9.08037 0.773373 1.1399
14
gcm: 0.503221 0.981888 -2.20319
H: 7.27111 0.460637 -1.00944
15
gcm: 0.502444 0.982074 -2.18999
H: 6.4231 0.283402 -1.70165
16
gcm: 0.501187 0.982287 -2.17683
H: 8.70461 0.622229 1.46443
17
gcm: 0.499912 0.982784 -2.16347
H: 7.46891 0.672786 0.513609
18
gcm: 0.498797 0.983579 -2.15032
H: 6.97019 0.807152 -1.41143
19
gcm: 0.497588 0.984168 -2.13759
H: 7.62238 1.20512 -2.85934
20
gcm: 0.496054 0.985172 -2.12522
H: 9.67043 1.42068 1.24446
21
gcm: 0.494524 0.986668 -2.11301
H: 5.94859 0.87458 1.27074
22
gcm: 0.493316 0.98814 -2.10072
H: 2.60105 0.231033 0.756803
23
gcm: 0.492217 0.989201 -2.08858
H: 2.06707 -0.0588933 1.66635
24
gcm: 0.491342 0.990096 -2.07683
H: 1.20862 -0.372941 -0.500355
25
gcm: 0.490598 0.99092 -2.06541
H: 1.70742 -0.218877 0.0285015
26
gcm: 0.490188 0.991323 -2.05415
H: 2.42451 0.0261629 0.0752037
27
gcm: 0.490225 0.992337 -2.0426
H: 2.25024 -0.00709136 -0.660351
28
gcm: 0.490351 0.994646 -2.03079
H: -0.921422 -0.879906 -2.90598
29
gcm: 0.490032 0.997279 -2.01925
H: -2.74419 -1.36786 0.255367
30
gcm: 0.489495 1.00041 -2.00773
H: -5.35245 -1.87795 1.34182
31
gcm: 0.488936 1.00261 -1.9967
H: -2.49288 -0.984557 -0.00282165
32
gcm: 0.488291 1.00447 -1.98586
H: 6.29277 1.04002 -1.5824
33
gcm: 0.487791 1.00641 -1.97472
H: -7.23641 -1.75428 1.36325
34
gcm: 0.487318 1.00828 -1.96378
H: -0.690949 -0.572965 -1.02933
35
gcm: 0.487043 1.0102 -1.95312
H: -3.1009 -1.17031 -0.120441
36
gcm: 0.486776 1.01191 -1.94234
H: -3.19411 -1.19714 -0.221083
37
gcm: 0.486544 1.01359 -1.93178
H: -2.06031 -1.16421 -0.347131
38
gcm: 0.486536 1.01515 -1.9218
H: -0.870006 -1.30336 -0.824615
39
gcm: 0.486345 1.01594 -1.91126
H: -2.37566 -1.10785 -0.293004
40
gcm: 0.485993 1.0164 -1.90089
H: -2.5211 -0.806318 0.683134
41
gcm: 0.486219 1.01713 -1.89007
H: -1.82735 -1.0458 -0.532562
42
gcm: 0.486245 1.01736 -1.87989
H: -3.43827 -1.31701 -0.660797
43
gcm: 0.486328 1.01669 -1.86946
H: -3.85294 -1.28105 0.395723
44
gcm: 0.486437 1.01642 -1.85887
H: -4.51433 -1.23422 0.239962
45
gcm: 0.486304 1.01765 -1.84825
H: -3.76436 -1.07711 0.0985075
46
gcm: 0.486153 1.01913 -1.83773
H: -2.62008 -0.964506 -0.0671717
47
gcm: 0.486253 1.02068 -1.82736
H: -3.96981 -1.08884 -0.785404
48
gcm: 0.486144 1.02188 -1.81697
H: -5.22903 -1.08002 -0.0114703
49
gcm: 0.486118 1.02239 -1.80648
H: -5.06953 -1.16534 0.555294
50
gcm: 0.48628 1.02401 -1.79587
H: -4.92348 -1.26232 -0.0921409
51
gcm: 0.486398 1.02562 -1.78531
H: -4.78752 -1.19521 -0.731034
52
gcm: 0.486724 1.02584 -1.7749
H: -4.59545 -1.19253 -0.638534
53
gcm: 0.486951 1.02609 -1.76447
H: -4.63743 -1.14717 0.47315
54
gcm: 0.486929 1.02677 -1.75388
H: -5.0571 -1.04818 0.625387
55
gcm: 0.487029 1.0273 -1.7433
H: -5.0997 -1.13256 -0.343797
56
gcm: 0.487241 1.02728 -1.73291
H: -4.96922 -1.25338 -0.3466
57
gcm: 0.487465 1.02687 -1.72249
H: -5.52418 -1.18664 -0.319296
58
gcm: 0.487736 1.02667 -1.71196
H: -5.66647 -1.10804 -0.703024
59
gcm: 0.487969 1.02689 -1.70148
H: -5.0417 -1.04113 -0.327291
60
gcm: 0.488227 1.02651 -1.69115
H: -4.8906 -0.857997 0.0222177
61
gcm: 0.488719 1.02537 -1.68071
H: -5.51804 -0.741934 0.179399
62
gcm: 0.489118 1.02489 -1.67045
H: -4.78489 -0.611724 0.547808
63
gcm: 0.489518 1.02459 -1.66012
H: -3.88207 -0.459659 0.541936
64
gcm: 0.489875 1.02352 -1.64966
H: -3.8751 -0.0740609 0.729498
65
gcm: 0.490039 1.02253 -1.63911
H: -3.09892 0.0024563 1.78703
66
gcm: 0.490509 1.0225 -1.6286
H: -3.21957 -0.0967021 1.87519
67
gcm: 0.491312 1.02202 -1.6181
H: -3.0467 -0.326962 1.03664
68
gcm: 0.492208 1.02102 -1.60805
H: -3.14488 -0.466378 0.49663
69
gcm: 0.49317 1.01965 -1.59679
H: 0.326676 -0.362577 0.261114
70
gcm: 0.49445 1.01832 -1.58499
H: 0.799926 -0.388714 -0.849644
71
gcm: 0.49571 1.01661 -1.57303
H: 3.08611 -0.792105 -1.0508
72
gcm: 0.496718 1.01401 -1.56111
H: 3.8669 -0.932219 -0.935199
73
gcm: 0.497878 1.01201 -1.54893
H: 3.98519 -0.903844 -1.25244
74
gcm: 0.499218 1.0109 -1.53627
H: 4.74447 -0.639817 -0.747934
75
gcm: 0.500711 1.01008 -1.52341
H: 6.20157 -0.620935 -0.729273
76
gcm: 0.50219 1.00973 -1.5106
H: 7.29062 -0.659768 -0.990818
77
gcm: 0.503551 1.01013 -1.49792
H: 6.94446 -0.479496 -0.684803
78
gcm: 0.505371 1.01042 -1.48525
H: 6.65452 -0.634263 -0.628585
79
gcm: 0.507519 1.01005 -1.47252
H: 5.51684 -0.809806 -0.53062
80
gcm: 0.509311 1.00924 -1.45983
H: 5.92876 -0.663467 0.0386486
81
gcm: 0.510983 1.00813 -1.44569
H: 10.3194 -0.465509 -0.723396
82
gcm: 0.512868 1.00756 -1.43176
H: 9.88864 -0.990385 -0.910413
83
gcm: 0.514527 1.0069 -1.41811
H: 9.8674 -1.37772 -0.165363
84
gcm: 0.515989 1.00631 -1.40456
H: 8.82215 -1.05755 0.515255
85
gcm: 0.517607 1.00573 -1.39107
H: 8.04015 -1.06 0.688344
86
gcm: 0.519408 1.00596 -1.37754
H: 7.29641 -0.841119 0.17469
87
gcm: 0.521157 1.00702 -1.36428
H: 6.99043 -0.490619 -0.488323
88
gcm: 0.523184 1.00795 -1.35134
H: 6.76939 -0.721403 -1.37327
89
gcm: 0.525429 1.00856 -1.33831
H: 6.16441 -0.876482 -1.94895
90
gcm: 0.527312 1.009 -1.3253
H: 4.8573 -0.387065 -1.28828
91
gcm: 0.529152 1.01011 -1.31273
H: 3.3024 -0.0192456 -1.42128
92
gcm: 0.530979 1.01175 -1.30037
H: 3.56568 -0.22211 -1.41585
93
gcm: 0.53222 1.01328 -1.28803
H: 3.5451 -0.271983 0.577657
94
gcm: 0.533151 1.01444 -1.27633
H: 1.5632 0.182344 0.945578
95
gcm: 0.534362 1.01581 -1.26483
H: 0.51219 0.378739 0.228309
96
gcm: 0.535622 1.01722 -1.25289
H: 1.25734 0.261716 0.774052
97
gcm: 0.536485 1.01909 -1.24107
H: 0.996903 0.5539 0.979664
98
gcm: 0.537199 1.02128 -1.22962
H: -0.115933 0.834751 0.537659
99
gcm: 0.537949 1.02314 -1.21825
H: -0.7908 0.841797 0.608249
100
gcm: 0.538648 1.02494 -1.20716
H: -1.32206 0.951493 0.676197
101
gcm: 0.539349 1.02725 -1.19626
H: -1.29083 0.968779 0.0295315
102
gcm: 0.540212 1.02975 -1.18515
H: -1.33256 0.913743 -0.124218
103
gcm: 0.541373 1.03197 -1.17409
H: -1.97853 1.01603 0.176969
104
gcm: 0.542396 1.03403 -1.1632
H: -2.15563 1.13808 0.196956
105
gcm: 0.542958 1.03592 -1.15239
H: -1.8643 1.15687 -0.176219
106
gcm: 0.543361 1.03738 -1.14182
H: -2.16718 1.12449 -0.155604
107
gcm: 0.54379 1.03893 -1.13119
H: -2.60495 1.20958 0.3685
108
gcm: 0.544423 1.04097 -1.12011
H: -2.72395 1.31133 0.393272
109
gcm: 0.545329 1.04255 -1.10923
H: -3.43136 1.26899 -0.0467329
110
gcm: 0.545933 1.04333 -1.09862
H: -3.76331 1.30912 0.270896
111
gcm: 0.546251 1.04332 -1.0877
H: -2.60374 1.28633 0.575516
112
gcm: 0.546783 1.04389 -1.0768
H: -2.27181 1.1426 -0.010874
113
gcm: 0.547476 1.04407 -1.06602
H: -2.46942 1.00837 -0.847411
114
gcm: 0.548193 1.04376 -1.05542
H: -3.18652 0.900416 -0.734031
115
gcm: 0.548545 1.04361 -1.04508
H: -4.40794 1.06342 0.889445
116
gcm: 0.548593 1.04361 -1.03429
H: -3.95003 1.15284 1.28736
117
gcm: 0.549005 1.04365 -1.02311
H: -3.38597 0.953425 -0.522994
118
gcm: 0.549744 1.04423 -1.01214
H: -4.78424 0.947735 -0.697988
119
gcm: 0.550333 1.04455 -1.0015
H: -4.24668 0.932976 -0.102698
120
gcm: 0.550627 1.04421 -0.990757
H: -4.85279 1.00875 0.393998
121
gcm: 0.550837 1.04427 -0.980046
H: -5.3976 1.02803 -0.352341
122
gcm: 0.55125 1.04438 -0.969418
H: -5.35774 0.911306 -0.275946
123
gcm: 0.551787 1.04414 -0.958491
H: -5.38191 0.965734 0.468848
124
gcm: 0.55221 1.04428 -0.947648
H: -5.46495 1.02117 0.412081
125
gcm: 0.552557 1.04447 -0.937385
H: -5.81199 0.870446 -0.399207
126
gcm: 0.553089 1.04423 -0.927092
H: -5.97279 0.704978 -0.960786
127
gcm: 0.553296 1.04422 -0.916441
H: -6.34204 1.03555 0.359278
128
gcm: 0.553383 1.0448 -0.905966
H: -6.24384 0.976203 0.51034
129
gcm: 0.55409 1.04462 -0.895946
H: -4.85203 0.557104 -1.31862
130
gcm: 0.554597 1.04404 -0.885788
H: -6.93022 0.663259 -0.737258
131
gcm: 0.55469 1.04431 -0.876764
H: -10.578 0.783054 -1.09948
132
gcm: 0.555016 1.04441 -0.865568
H: -3.70815 0.485003 -0.73325
133
gcm: 0.554975 1.04428 -0.854625
H: -2.41136 0.534266 0.0345007
134
gcm: 0.554969 1.04334 -0.843511
H: -2.35124 0.25439 -0.302281
135
gcm: 0.55523 1.04211 -0.832516
H: -2.0652 0.356792 -0.826024
136
gcm: 0.555271 1.04126 -0.821279
H: -2.22337 0.00812374 -0.455316
137
gcm: 0.55496 1.04044 -0.809918
H: -1.27902 0.0954898 -0.0599244
138
gcm: 0.554537 1.0391 -0.798508
H: -0.202389 0.382508 0.61717
139
gcm: 0.554114 1.03738 -0.787251
H: 0.91201 0.481669 0.374949
140
gcm: 0.553646 1.03593 -0.775564
H: 1.66946 0.377134 0.391079
141
gcm: 0.552827 1.03489 -0.764053
H: 2.14841 0.52967 1.21672
142
gcm: 0.551937 1.03342 -0.752864
H: 2.13855 0.695102 1.19414
143
gcm: 0.551182 1.03148 -0.741246
H: 2.47252 0.627894 0.997012
144
gcm: 0.550402 1.02961 -0.729115
H: 3.08565 0.377309 1.99564
145
gcm: 0.5497 1.02765 -0.716741
H: 4.11002 0.222442 1.85983
146
gcm: 0.548825 1.02603 -0.70485
H: 5.8329 0.449371 0.0394154
147
gcm: 0.547829 1.02536 -0.692588
H: 6.60913 0.595988 0.190477
148
gcm: 0.546816 1.02534 -0.680122
H: 6.18642 0.444478 1.003
149
gcm: 0.545419 1.02533 -0.667504
H: 4.62184 0.48499 1.20508
150
gcm: 0.543775 1.02522 -0.654984
H: 4.75718 0.587093 0.985913
151
gcm: 0.542518 1.02539 -0.642534
H: 6.16806 0.466229 0.760246
152
gcm: 0.541385 1.02552 -0.630029
H: 6.61235 0.549196 0.686377
153
gcm: 0.540573 1.02467 -0.615957
H: 11.8136 0.792502 0.288297
154
gcm: 0.539552 1.02469 -0.6022
H: 11.1175 0.905284 0.496608
155
gcm: 0.538078 1.02505 -0.58894
H: 9.36198 0.806036 1.23752
156
gcm: 0.536958 1.02528 -0.576331
H: 7.67788 0.571983 0.40275
157
gcm: 0.536114 1.02614 -0.564098
H: 7.26929 0.548384 -0.502014
158
gcm: 0.534878 1.02762 -0.551313
H: 8.83656 0.748222 0.255698
159
gcm: 0.533604 1.02914 -0.538627
H: 7.0298 0.788176 0.932604
160
gcm: 0.532873 1.03064 -0.525962
H: 6.15717 0.597587 0.164028
161
gcm: 0.532043 1.0324 -0.513862
H: 4.50698 0.402979 0.293877
162
gcm: 0.531112 1.03444 -0.502118
H: 2.97064 0.207913 0.86604
163
gcm: 0.530391 1.03617 -0.490253
H: 1.64349 0.0960807 0.868608
164
gcm: 0.529339 1.0378 -0.478501
H: 0.360386 -0.0634258 1.43401
165
gcm: 0.528255 1.03981 -0.467209
H: -1.35084 -0.459416 1.52548
166
gcm: 0.52799 1.04255 -0.455792
H: -2.77472 -0.677716 1.17393
167
gcm: 0.527647 1.04462 -0.444781
H: -0.570545 -0.798249 -1.25915
168
gcm: 0.527208 1.04665 -0.433364
H: -0.489968 -0.719723 -0.649465
169
gcm: 0.527055 1.04868 -0.421617
H: 0.501487 -0.792452 -1.12917
170
gcm: 0.52737 1.05029 -0.410603
H: 0.946764 -0.993024 -2.2546
171
gcm: 0.527379 1.05194 -0.400054
H: 1.54342 -0.616298 -1.90673
172
gcm: 0.526897 1.05421 -0.389256
H: 2.78082 -0.111717 -1.4267
173
gcm: 0.526647 1.05684 -0.378041
H: -4.288 -1.42395 0.632343
174
gcm: 0.526363 1.05867 -0.367109
H: -2.96089 -1.07352 0.346949
175
gcm: 0.52588 1.05939 -0.356713
H: -2.62134 -0.909768 0.213257
176
gcm: 0.525561 1.06002 -0.346322
H: -1.99649 -0.881301 0.25383
177
gcm: 0.52534 1.06096 -0.335908
H: -1.52468 -0.811827 0.170122
178
gcm: 0.525 1.06155 -0.325426
H: -3.46 -0.921228 0.749652
179
gcm: 0.524767 1.06162 -0.314886
H: -1.40515 -1.19448 -2.48817
180
gcm: 0.524916 1.0616 -0.304144
H: -2.83677 -1.53111 -0.889662
181
gcm: 0.524653 1.0617 -0.293424
H: -2.43529 -0.795571 -0.166491
182
gcm: 0.524227 1.06199 -0.282812
H: -2.52754 -0.971445 0.107456
183
gcm: 0.524054 1.06159 -0.271961
H: -2.7744 -1.00204 -0.0355159
184
gcm: 0.523963 1.06065 -0.260997
H: -3.32176 -1.04081 0.114925
185
gcm: 0.523642 1.06003 -0.250401
H: -3.47003 -0.939773 0.231329
186
gcm: 0.52349 1.05974 -0.239772
H: -4.29714 -1.13055 0.101498
187
gcm: 0.523809 1.05979 -0.228829
H: -3.6992 -1.20993 -0.866118
188
gcm: 0.524268 1.06029 -0.217967
H: -3.7892 -1.27092 -0.85526
189
gcm: 0.524378 1.06138 -0.207205
H: -5.40388 -1.33824 0.289338
190
gcm: 0.524225 1.06208 -0.196584
H: -4.74985 -1.19452 0.398208
191
gcm: 0.524048 1.06179 -0.186302
H: -5.24032 -1.18688 0.263145
192
gcm: 0.52401 1.06146 -0.175774
H: -4.85405 -1.16438 -0.335181
193
gcm: 0.524222 1.061 -0.164842
H: -4.40923 -1.13769 -0.326159
194
gcm: 0.524332 1.0599 -0.154245
H: -5.27719 -1.07462 0.390318
195
gcm: 0.524534 1.05925 -0.143868
H: -5.64045 -1.16616 -0.315814
196
gcm: 0.524733 1.059 -0.133439
H: -5.72145 -1.21203 -0.492778
197
gcm: 0.524799 1.05867 -0.122877
H: -5.6221 -1.13096 0.378376
198
gcm: 0.525272 1.05817 -0.112039
H: -4.91088 -1.23528 -0.238343
199
gcm: 0.525983 1.05729 -0.101456
H: -5.19175 -1.24307 -0.484012
200
gcm: 0.52631 1.0567 -0.0911818
H: -5.86608 -0.993033 0.438977
201
gcm: 0.526381 1.0564 -0.0806776
H: -5.07291 -0.854726 0.584739
202
gcm: 0.526727 1.05567 -0.0699765
H: -3.88312 -0.897069 -0.167794
203
gcm: 0.527253 1.05494 -0.0593674
H: -3.46951 -0.785629 -0.00689618
204
gcm: 0.527849 1.05501 -0.0486892
H: -2.86842 -0.524474 0.539295
205
gcm: 0.528686 1.05486 -0.0375484
H: -2.1571 -0.475495 0.289954
206
gcm: 0.529659 1.05407 -0.0265696
H: -2.38365 -0.454596 0.0297654
207
gcm: 0.530529 1.05294 -0.015963
H: -3.85112 -0.496148 0.377613
208
gcm: 0.531346 1.05223 -0.00501581
H: -2.91963 -0.595931 0.217367
209
gcm: 0.532167 1.05149 0.00698447
H: 1.67659 -0.32504 0.268021
210
gcm: 0.533074 1.05053 0.0188032
H: 1.86046 -0.436114 -0.018699
211
gcm: 0.534164 1.04919 0.0309036
H: 1.98342 -0.840625 -0.522799
212
gcm: 0.535575 1.04843 0.0433345
H: 2.83756 -0.79063 -0.954634
213
gcm: 0.537176 1.04837 0.0555984
H: 3.59329 -0.582733 -1.68421
214
gcm: 0.538646 1.04748 0.0678749
H: 3.39919 -0.425106 -1.14148
215
gcm: 0.539869 1.04559 0.0806723
H: 4.25078 -0.248778 0.0762462
216
gcm: 0.541173 1.04442 0.0932568
H: 6.02942 -0.306498 0.0663918
217
gcm: 0.542778 1.04365 0.105594
H: 6.10648 -0.381282 -0.31188
218
gcm: 0.544371 1.04378 0.118425
H: 5.83347 -0.226949 0.176724
219
gcm: 0.546065 1.04398 0.131642
H: 6.64897 -0.291243 0.111777
220
gcm: 0.548071 1.04353 0.144826
H: 6.54358 -0.448427 -0.339902
221
gcm: 0.550241 1.0434 0.157874
H: 5.73722 -0.406893 -0.262905
222
gcm: 0.552145 1.04319 0.172424
H: 9.75845 -0.54274 -0.516316
223
gcm: 0.5539 1.04329 0.186699
H: 8.42875 -0.808973 -0.755757
224
gcm: 0.555784 1.04309 0.200684
H: 8.69158 -0.889944 -0.456335
225
gcm: 0.557643 1.04255 0.214485
H: 8.86651 -0.702705 0.187145
226
gcm: 0.559346 1.04239 0.227955
H: 7.78338 -0.513498 0.11687
227
gcm: 0.56107 1.04348 0.241468
H: 7.17301 -0.369984 -0.822241
228
gcm: 0.563158 1.0449 0.255063
H: 7.69142 -0.362333 -0.798475
229
gcm: 0.564948 1.04572 0.268427
H: 6.18386 -0.422292 -0.634152
230
gcm: 0.566665 1.04626 0.281132
H: 4.62895 -0.342127 -0.769692
231
gcm: 0.56884 1.0481 0.293814
H: 3.93084 -0.443445 -2.10567
232
gcm: 0.570912 1.04997 0.30666
H: 3.87135 -0.572439 -1.6326
233
gcm: 0.572501 1.05034 0.319265
H: 3.21569 -0.433404 -0.332801
234
gcm: 0.573708 1.05126 0.331106
H: 2.49506 -0.210658 0.269942
235
gcm: 0.574933 1.05333 0.342913
H: 1.78627 0.0502703 0.0514031
236
gcm: 0.576152 1.05486 0.355104
H: 0.988196 0.344197 -0.0821965
237
gcm: 0.576994 1.05709 0.367101
H: 0.40728 0.479148 0.155684
238
gcm: 0.577566 1.05933 0.378657
H: -0.125845 0.672912 1.01636
239
gcm: 0.57835 1.06101 0.390133
H: -0.696204 0.743184 1.18274
240
gcm: 0.579365 1.06141 0.401411
H: -0.856421 0.650225 0.187886
241
gcm: 0.580307 1.06503 0.412981
H: -1.30515 0.748152 -0.415608
242
gcm: 0.581463 1.06694 0.424193
H: -1.64337 0.712397 -0.174916
243
gcm: 0.582342 1.06718 0.435038
H: -2.13917 0.868272 0.358435
244
gcm: 0.582788 1.06851 0.446204
H: -2.23771 1.14173 1.03405
245
gcm: 0.583423 1.07021 0.457751
H: -2.21018 1.22989 0.52204
246
gcm: 0.58442 1.07179 0.46929
H: -2.81736 1.23499 0.0257406
247
gcm: 0.58538 1.07283 0.480359
H: -3.36462 1.21954 -0.338028
248
gcm: 0.586186 1.07331 0.49139
H: -2.84742 1.10587 -0.809881
249
gcm: 0.586913 1.07382 0.503003
H: -1.9354 1.03486 -0.418886
250
gcm: 0.587679 1.07471 0.514666
H: -3.02025 1.06043 -0.011524
251
gcm: 0.588638 1.0755 0.525811
H: -4.32206 1.14107 -0.0257719
252
gcm: 0.589488 1.07535 0.536665
H: -3.26223 1.23807 0.427797
253
gcm: 0.590059 1.0747 0.547729
H: -2.82993 1.25834 0.764986
254
gcm: 0.590551 1.07458 0.559119
H: -3.90644 1.23587 0.570683
255
gcm: 0.591248 1.07492 0.570708
H: -4.07319 1.15802 -0.0249112
256
gcm: 0.59227 1.07478 0.582456
H: -3.82051 1.02149 -0.322387
257
gcm: 0.593062 1.07384 0.594045
H: -4.06309 1.01378 -0.0378473
258
gcm: 0.593576 1.0735 0.60533
H: -4.10992 1.16765 0.230238
259
gcm: 0.594028 1.07402 0.616648
H: -4.22987 1.31022 0.5085
260
gcm: 0.594417 1.0747 0.627982
H: -5.13071 1.2268 0.526489
261
gcm: 0.595821 1.07505 0.638741
H: -5.61995 0.84801 -1.19911
262
gcm: 0.596037 1.07534 0.650213
H: -5.27829 1.25255 0.418098
263
gcm: 0.596397 1.07565 0.661683
H: -5.08227 1.10233 -0.0116189
264
gcm: 0.597386 1.07545 0.672699
H: -6.18606 0.904399 -0.646724
265
gcm: 0.597715 1.07601 0.683776
H: -7.17466 1.16915 0.451978
266
gcm: 0.598103 1.07666 0.694973
H: -5.99194 1.19518 0.262472
267
gcm: 0.598262 1.07638 0.706019
H: -4.94911 1.03812 0.561836
268
gcm: 0.598353 1.07597 0.716718
H: -5.74839 0.974188 0.000131285
269
gcm: 0.598919 1.07483 0.727705
H: -7.24831 0.773818 -1.16169
270
gcm: 0.599556 1.07414 0.738237
H: -9.30706 0.836561 -1.65032
271
gcm: 0.59995 1.07358 0.749514
H: -5.40028 0.67954 -0.591307
272
gcm: 0.600309 1.07277 0.761398
H: -2.97739 0.491197 0.0445391
273
gcm: 0.60092 1.07253 0.773464
H: -2.78653 0.100324 -0.952385
274
gcm: 0.601586 1.07222 0.785464
H: -3.19242 -0.373408 -2.64554
275
gcm: 0.601883 1.07146 0.797417
H: -2.63555 -0.429737 -2.75986
276
gcm: 0.602193 1.06981 0.809566
H: -2.21348 -0.223563 -1.86513
277
gcm: 0.602439 1.06779 0.821755
H: -2.73751 0.0782959 -0.596619
278
gcm: 0.602021 1.06646 0.834037
H: -0.876251 0.454224 1.05297
279
gcm: 0.601459 1.06557 0.846705
H: 0.800571 0.337256 1.4688
280
gcm: 0.601137 1.06468 0.859275
H: 1.70502 1.00019 1.28493
281
gcm: 0.600866 1.06327 0.87165
H: 2.5047 0.995578 2.03862
282
gcm: 0.600089 1.06081 0.884182
H: 3.5287 1.13296 2.38372
283
gcm: 0.599202 1.05824 0.896959
H: 3.72431 0.969246 1.66344
284
gcm: 0.598593 1.05624 0.910015
H: 3.97716 0.850184 1.5477
285
gcm: 0.597903 1.05362 0.923191
H: 4.70749 0.83362 1.79635
286
gcm: 0.597104 1.05035 0.936454
H: 4.94084 0.701414 1.39275
287
gcm: 0.596075 1.04857 0.950498
H: 6.28046 0.533995 1.47635
288
gcm: 0.595387 1.04912 0.964069
H: 7.08118 0.631034 1.33856
289
gcm: 0.594624 1.04994 0.978251
H: 6.23692 0.60807 0.18863
290
gcm: 0.593799 1.0498 0.992321
H: 6.40259 0.498152 0.00598071
291
gcm: 0.592869 1.04909 1.00611
H: 7.65899 0.800697 0.686133
292
gcm: 0.591355 1.04832 1.01953
H: 7.2886 1.13367 1.4988
293
gcm: 0.589817 1.04775 1.03272
H: 6.25886 1.08301 0.682527
294
gcm: 0.589043 1.04719 1.04694
H: 9.19347 0.950276 -0.335863
295
gcm: 0.588671 1.04602 1.06249
H: 13.7511 0.99269 0.267948
296
gcm: 0.588103 1.0456 1.07672
H: 10.9273 1.10137 -0.174919
297
gcm: 0.587689 1.0459 1.09036
H: 9.89137 0.962486 -0.718441
298
gcm: 0.587015 1.04605 1.104
H: 7.25059 0.599701 -0.0197704
299
gcm: 0.586179 1.04681 1.1178
H: 7.1118 0.889757 0.161989
300
gcm: 0.585202 1.04822 1.13115
H: 6.5408 1.013 1.0126
301
gcm: 0.583914 1.04934 1.1442
H: 4.43949 0.663633 1.75594
302
gcm: 0.582883 1.05061 1.15744
H: 3.14641 0.271113 0.967257
303
gcm: 0.582387 1.05257 1.17042
H: 2.4397 0.0548235 -0.0592747
304
gcm: 0.582179 1.05476 1.18304
H: 1.16209 -0.223653 -0.646967
305
gcm: 0.581866 1.05657 1.19533
H: 0.876171 -0.264774 -0.282338
306
gcm: 0.581275 1.05821 1.20744
H: 0.874008 -0.2042 0.695117
307
gcm: 0.581118 1.06003 1.22008
H: 0.192983 -0.388168 0.30473
308
gcm: 0.581084 1.0625 1.23214
H: -0.302509 -0.629301 -0.775892
309
gcm: 0.580883 1.06475 1.24381
H: 0.105518 -0.772394 -0.860728
310
gcm: 0.580819 1.06699 1.25525
H: -0.96728 -0.779418 -0.739882
311
gcm: 0.580871 1.06926 1.26633
H: -2.14227 -0.754632 -0.287971
312
gcm: 0.580587 1.07113 1.27738
H: -1.92276 -1.42492 -0.803
313
gcm: 0.580087 1.07302 1.28894
H: -2.02121 -0.774901 0.175996
314
gcm: 0.579976 1.07507 1.30003
H: -1.95028 -1.12455 -0.228503
315
gcm: 0.580418 1.07726 1.31115
H: -2.2778 -1.51604 -1.11919
316
gcm: 0.57926 1.07817 1.324
H: -0.422107 -0.891992 2.84003
317
gcm: 0.579525 1.07935 1.33418
H: -2.4061 -1.35011 -1.1204
318
gcm: 0.57976 1.08092 1.34484
H: -2.30863 -1.34691 -1.53749
319
gcm: 0.579678 1.08245 1.35632
H: -4.85883 -1.32987 -0.184226
320
gcm: 0.579742 1.08325 1.36736
H: -2.57886 -1.42202 -2.39534
321
gcm: 0.579936 1.08397 1.37866
H: -1.18373 -1.41148 -1.51229
322
gcm: 0.579798 1.08464 1.39022
H: -3.23811 -1.13357 0.610182
323
gcm: 0.579908 1.08512 1.40133
H: -3.64735 -1.22683 -0.568631
324
gcm: 0.579777 1.08522 1.41234
H: -3.14435 -1.30577 -0.604258
325
gcm: 0.579387 1.08555 1.42353
H: -5.43053 -1.00112 2.959
326
gcm: 0.579133 1.08628 1.43337
H: -4.49178 -1.36186 -2.21591
327
gcm: 0.579705 1.08612 1.44566
H: -0.504103 -1.35033 -1.49691
328
gcm: 0.578748 1.08565 1.45433
H: -7.52805 -1.14836 1.21277
329
gcm: 0.578559 1.08608 1.46345
H: -5.92875 -1.4723 -0.140136
330
gcm: 0.579026 1.08695 1.47345
H: -4.75844 -1.48972 -1.25526
331
gcm: 0.578265 1.08731 1.48508
H: -3.50096 -0.960116 0.848638
332
gcm: 0.578487 1.08864 1.49709
H: -4.54716 -1.18491 0.535551
333
gcm: 0.579001 1.08951 1.50899
H: -4.12333 -1.41991 -0.975256
334
gcm: 0.579292 1.0896 1.521
H: -5.10914 -1.15712 0.482424
335
gcm: 0.579384 1.08957 1.53254
H: -3.67513 -1.07248 0.458804
336
gcm: 0.579769 1.08964 1.54405
H: -4.1029 -1.28963 -0.520202
337
gcm: 0.580011 1.08974 1.55514
H: -5.20645 -1.27119 -0.771287
338
gcm: 0.579928 1.0895 1.56553
H: -6.11654 -1.17348 -0.198422
339
gcm: 0.580003 1.08863 1.57593
H: -5.5955 -1.1103 0.170601
340
gcm: 0.579949 1.08814 1.58639
H: -5.84982 -1.03524 0.566102
341
gcm: 0.579852 1.0881 1.59684
H: -5.68958 -1.01889 0.387016
342
gcm: 0.579886 1.08747 1.60749
H: -4.99684 -0.846359 0.684126
343
gcm: 0.580086 1.08681 1.62032
H: -1.96191 -0.586806 0.644177
344
gcm: 0.580602 1.08612 1.6315
H: -3.78209 -0.798797 -0.277022
345
gcm: 0.581282 1.08532 1.64377
H: -1.25964 -0.502704 -0.522492
346
gcm: 0.582025 1.08464 1.65458
H: -3.62444 -0.374208 0.68075
347
gcm: 0.582109 1.08354 1.66442
H: -5.22026 -0.18957 2.20373
348
gcm: 0.582184 1.08196 1.67553
H: -2.41104 -0.210681 1.73463
349
gcm: 0.582885 1.07971 1.68658
H: -2.36528 -0.599287 0.697955
350
gcm: 0.583648 1.0777 1.69779
H: -0.95882 -0.599496 0.112886
351
gcm: 0.58447 1.07649 1.71247
H: 4.28385 -0.416569 -0.593632
352
gcm: 0.585357 1.0748 1.72407
H: 0.717545 -0.969884 -1.00448
353
gcm: 0.586463 1.0722 1.73607
H: 2.46766 -1.25661 -1.33575
354
gcm: 0.588076 1.07007 1.74901
H: 3.17483 -1.1039 -2.07282
355
gcm: 0.588645 1.06962 1.76041
H: 4.07046 -0.207001 0.525525
356
gcm: 0.589276 1.06831 1.77574
H: 5.93487 -0.416601 0.013302
357
gcm: 0.589718 1.06655 1.78704
H: 5.74678 -0.671103 0.561414
358
gcm: 0.591037 1.06619 1.79971
H: 5.90614 -0.554287 -0.28723
359
gcm: 0.592137 1.06632 1.8115
H: 9.76373 -0.631536 0.0558055
360
gcm: 0.593141 1.06589 1.82576
H: 6.92944 -0.445856 0.287174
361
gcm: 0.59494 1.06552 1.83988
H: 3.50365 -0.390756 -0.977955
362
gcm: 0.596883 1.06558 1.85353
H: 6.31406 -0.412701 -0.891442
363
gcm: 0.59868 1.06478 1.86847
H: 12.2245 -0.882476 -0.889618
364
gcm: 0.600482 1.06379 1.88184
H: 11.5507 -1.20133 -0.490659
365
gcm: 0.600851 1.06329 1.89472
H: 9.28044 -0.835748 1.5922
366
gcm: 0.602469 1.06331 1.90902
H: 12.7562 -1.27535 1.25248
367
gcm: 0.604379 1.06329 1.92276
H: 9.01039 0.0258174 -2.31758
368
gcm: 0.605856 1.06315 1.93592
H: 7.63181 -0.444233 -1.02853
369
gcm: 0.607227 1.06435 1.94981
H: 5.77475 -0.0230781 -0.839413
370
gcm: 0.608505 1.06628 1.96481
H: 2.11218 -0.0343801 0.345445
371
gcm: 0.609828 1.06723 1.97703
H: 6.83326 -0.99823 0.0217521
372
gcm: 0.611083 1.06885 1.9893
H: 5.97534 -0.558095 -1.11068
373
gcm: 0.612459 1.07085 2.00212
H: 4.54374 -0.335192 -1.11887
374
gcm: 0.614031 1.07248 2.01415
H: 1.05038 -0.3381 -0.389277
375
gcm: 0.616074 1.07542 2.02755
H: 4.67137 -0.458755 -1.8968
376
gcm: 0.616599 1.07826 2.03887
H: -1.37659 0.386135 0.112257
377
gcm: 0.617105 1.07936 2.04986
H: 0.051447 0.54173 0.416182
378
gcm: 0.617337 1.08163 2.06104
H: 0.329618 0.895994 0.583538
379
gcm: 0.617337 1.08163 2.06104
H: 0 0 0
380
gcm: 0.617337 1.08163 2.06104
H: 0 0 0
381
gcm: 0.617337 1.08163 2.06104
H: 0 0 0
382
gcm: 0.617337 1.08163 2.06104
H: 0 0 0
383
gcm: 0.617337 1.08163 2.06104
H: 0 0 0
384
gcm: 0.617337 1.08163 2.06104
H: 0 0 0
385
gcm: 0.617337 1.08163 2.06104
H: 0 0 0
386
gcm: 0.617337 1.08163 2.06104
H: 0 0 0
387
gcm: 0.617337 1.08163 2.06104
H: 0 0 0
388
gcm: 0.617337 1.08163 2.06104
H: 0 0 0
389
gcm: 0.617337 1.08163 2.06104
H: 0 0 0
390
gcm: 0.617337 1.08163 2.06104
H: 0 0 0
391
gcm: 0.617337 1.08163 2.06104
H: 0 0 0
392
gcm: 0.617337 1.08163 2.06104
H: 0 0 0
393
gcm: 0.617337 1.08163 2.06104
H: 0 0 0
394
gcm: 0.617337 1.08163 2.06104
H: 0 0 0
395
gcm: 0.617337 1.08163 2.06104
H: 0 0 0
396
gcm: 0.617337 1.08163 2.06104
H: 0 0 0
397
gcm: 0.617337 1.08163 2.06104
H: 0 0 0
398
gcm: 0.617337 1.08163 2.06104
H: 0 0 0
399
gcm: 0.617337 1.08163 2.06104
H: 0 0 0
400
gcm: 0.617337 1.08163 2.06104
H: 0 0 0
401
gcm: 0.617337 1.08163 2.06104
H: 0 0 0
402
gcm: 0.617337 1.08163 2.06104
H: 0 0 0
403
gcm: 0.617337 1.08163 2.06104
H: 0 0 0
404
gcm: 0.617337 1.08163 2.06104
H: 0 0 0
405
gcm: 0.617337 1.08163 2.06104
H: 0 0 0
406
gcm: 0.617337 1.08163 2.06104
H: 0 0 0
407
gcm: 0.617337 1.08163 2.06104
H: 0 0 0
408
gcm: 0.617337 1.08163 2.06104
H: 0 0 0
409
gcm: 0.617337 1.08163 2.06104
H: 0 0 0
410
gcm: 0.617337 1.08163 2.06104
H: 0 0 0
411
gcm: 0.617337 1.08163 2.06104
H: 0 0 0
412
gcm: 0.617337 1.08163 2.06104
H: 0 0 0
413
gcm: 0.617337 1.08163 2.06104
H: 0 0 0
414
gcm: 0.617337 1.08163 2.06104
H: 0 0 0
415
gcm: 0.617337 1.08163 2.06104
H: 0 0 0
416
gcm: 0.617337 1.08163 2.06104
H: 0 0 0
416
gcm: 0.617337 1.08163 2.06104
H: 0 0 0
