:metadata
 
Skeleton: /Network/Servers/duerer/Volumes/duerer/laturnus/workspace/new_acm/asf/07-walk.asf
Motion: /Network/Servers/duerer/Volumes/duerer/laturnus/workspace/new_acm/amc/07_04-walk.amc
Mass Distribution: /Network/Servers/duerer/Volumes/duerer/laturnus/workspace/new_acm/amd/clauser1969.amd
 
Inital skeleton translation: 0 0 0
Initial skeleton rotation: 0 0 0
 
:data
1
gcm: 0.511765 1.03037 -1.85975
H: -0.569648 -0.670948 0.346045
2
gcm: 0.510987 1.03065 -1.85269
H: -1.23083 -0.862884 0.441254
3
gcm: 0.510257 1.03076 -1.84549
H: -1.77143 -0.923672 0.630694
4
gcm: 0.509436 1.03096 -1.83842
H: -0.7772 -0.569076 0.264395
5
gcm: 0.509082 1.0311 -1.83163
H: 1.60312 -0.604984 -1.90232
6
gcm: 0.509035 1.03127 -1.82462
H: -7.12666 -2.14717 0.287699
7
gcm: 0.508563 1.03106 -1.81745
H: -1.51199 -0.881087 -0.232315
8
gcm: 0.507669 1.03047 -1.81054
H: -2.50566 -0.858608 1.12338
9
gcm: 0.507066 1.02999 -1.80372
H: -3.11639 -0.977869 0.581807
10
gcm: 0.506939 1.02967 -1.79663
H: -2.30227 -1.05361 -0.688497
11
gcm: 0.506719 1.02927 -1.78952
H: -1.54438 -1.06825 -0.910728
12
gcm: 0.506465 1.02856 -1.78255
H: -2.0425 -1.14874 -0.918281
13
gcm: 0.506358 1.02774 -1.7755
H: -2.95694 -1.24431 -0.879117
14
gcm: 0.506222 1.02719 -1.76845
H: -3.07943 -1.17197 -0.270688
15
gcm: 0.506031 1.02698 -1.76155
H: -2.73841 -1.10269 -0.197721
16
gcm: 0.505791 1.0267 -1.7547
H: -2.69669 -1.07156 -0.638524
17
gcm: 0.505344 1.0264 -1.74787
H: -4.75487 -1.14278 0.220115
18
gcm: 0.504958 1.02618 -1.74104
H: -4.39504 -1.07676 0.558018
19
gcm: 0.504962 1.02544 -1.73423
H: -3.7467 -1.16032 0.221897
20
gcm: 0.504947 1.02526 -1.72748
H: -3.53416 -1.24828 -0.621944
21
gcm: 0.504766 1.0265 -1.72061
H: -3.22303 -1.30748 -1.35213
22
gcm: 0.504647 1.02734 -1.71366
H: -3.48025 -1.23266 -0.489708
23
gcm: 0.504544 1.02676 -1.7068
H: -4.10829 -1.09396 0.746949
24
gcm: 0.5045 1.02635 -1.70008
H: -3.86187 -1.14802 -0.140616
25
gcm: 0.504582 1.02692 -1.69338
H: -3.78289 -1.28126 -0.855134
26
gcm: 0.504357 1.02767 -1.68667
H: -4.10385 -1.13242 0.338779
27
gcm: 0.504092 1.02826 -1.68007
H: -4.10582 -1.06809 0.18078
28
gcm: 0.504308 1.02825 -1.67342
H: -4.32647 -1.19273 -0.866365
29
gcm: 0.504398 1.02762 -1.66661
H: -4.29044 -1.08001 0.023163
30
gcm: 0.504527 1.0271 -1.65978
H: -4.29306 -1.12581 -0.0462672
31
gcm: 0.504929 1.02681 -1.65298
H: -4.38933 -1.22057 -0.555503
32
gcm: 0.505031 1.02731 -1.64637
H: -4.12326 -1.0966 0.188136
33
gcm: 0.504992 1.02821 -1.63989
H: -4.16681 -0.96264 0.309345
34
gcm: 0.505153 1.02838 -1.63312
H: -4.49892 -0.858661 0.306781
35
gcm: 0.505444 1.02819 -1.62626
H: -4.47276 -0.820506 0.359276
36
gcm: 0.505733 1.02826 -1.6197
H: -3.68846 -0.718547 0.463341
37
gcm: 0.506288 1.02869 -1.61318
H: -3.1511 -0.419719 0.138824
38
gcm: 0.506802 1.02876 -1.60643
H: -3.16474 -0.244574 0.377932
39
gcm: 0.507018 1.02859 -1.59937
H: -2.5968 -0.264088 1.50511
40
gcm: 0.507442 1.02827 -1.59233
H: -2.81532 -0.232965 1.70834
41
gcm: 0.50795 1.02792 -1.58554
H: -2.84392 0.119228 1.633
42
gcm: 0.508484 1.02823 -1.57871
H: -2.27955 0.193171 1.37056
43
gcm: 0.509041 1.02834 -1.57183
H: -2.28661 0.177589 1.51824
44
gcm: 0.509475 1.0283 -1.56525
H: -2.55209 0.0672547 1.88239
45
gcm: 0.510198 1.02812 -1.55864
H: -2.59328 -0.266175 0.839416
46
gcm: 0.511213 1.02758 -1.55109
H: -0.0441469 -0.267293 -0.490562
47
gcm: 0.51215 1.02718 -1.54357
H: 0.675536 -0.185127 -0.133431
48
gcm: 0.51316 1.02622 -1.53601
H: 0.454672 -0.0593327 0.0297327
49
gcm: 0.514421 1.02533 -1.52826
H: 0.436434 -0.260485 -1.14617
50
gcm: 0.515738 1.02484 -1.52015
H: 2.02022 -0.552693 -2.00104
51
gcm: 0.516685 1.0252 -1.512
H: 3.27611 -0.357793 -1.22072
52
gcm: 0.517554 1.02559 -1.50387
H: 3.11531 -0.063907 -0.377013
53
gcm: 0.518939 1.02409 -1.4955
H: 2.40827 -0.194261 -0.761715
54
gcm: 0.520066 1.02281 -1.48724
H: 2.59579 -0.32802 -0.940055
55
gcm: 0.521192 1.02136 -1.47908
H: 3.0895 -0.158858 -1.12292
56
gcm: 0.522736 1.01995 -1.47065
H: 3.25736 -0.110267 -1.46595
57
gcm: 0.523972 1.01968 -1.46191
H: 3.55245 0.0157785 -0.162567
58
gcm: 0.525186 1.02058 -1.45301
H: 3.73106 0.208545 0.427551
59
gcm: 0.526808 1.02166 -1.44389
H: 4.13685 0.0210619 -0.977157
60
gcm: 0.528566 1.0224 -1.43464
H: 4.18152 -0.0869494 -1.38298
61
gcm: 0.530245 1.02267 -1.42558
H: 3.62086 0.0478089 -0.24899
62
gcm: 0.531905 1.02267 -1.41675
H: 3.21931 -0.0493725 -0.284064
63
gcm: 0.533772 1.0226 -1.40784
H: 3.65685 -0.238285 -1.55408
64
gcm: 0.535667 1.02273 -1.3987
H: 4.24137 -0.216335 -1.68405
65
gcm: 0.537337 1.02325 -1.38944
H: 3.55616 -0.154856 -0.770835
66
gcm: 0.539055 1.0237 -1.38018
H: 3.00958 -0.176396 -0.566682
67
gcm: 0.540648 1.02424 -1.37097
H: 3.51674 0.0224307 -0.421815
68
gcm: 0.542031 1.02535 -1.36177
H: 3.79835 0.157062 0.101788
69
gcm: 0.543744 1.02688 -1.35252
H: 3.3919 -0.0451941 -0.387582
70
gcm: 0.545732 1.0277 -1.3418
H: 8.17841 -0.218078 -1.70551
71
gcm: 0.547929 1.02849 -1.33175
H: 6.99612 -0.39662 -1.92135
72
gcm: 0.549814 1.02911 -1.32227
H: 5.93673 -0.300458 -1.05748
73
gcm: 0.551218 1.02962 -1.31316
H: 5.06776 -0.024383 -0.0186623
74
gcm: 0.552961 1.03017 -1.30363
H: 5.79401 -0.171586 -1.3407
75
gcm: 0.555144 1.03121 -1.29396
H: 5.97968 -0.474019 -3.07589
76
gcm: 0.55712 1.03261 -1.28504
H: 4.73861 -0.394463 -2.1124
77
gcm: 0.558644 1.03408 -1.27655
H: 4.20459 -0.158289 -0.630839
78
gcm: 0.560001 1.03491 -1.26797
H: 4.50611 -0.186543 -0.433084
79
gcm: 0.561616 1.03548 -1.25928
H: 4.65706 -0.390542 -0.612007
80
gcm: 0.563036 1.03692 -1.2506
H: 4.41281 -0.254916 0.364728
81
gcm: 0.563945 1.03845 -1.24198
H: 3.90464 0.0280141 1.04997
82
gcm: 0.565069 1.03955 -1.23336
H: 3.39149 -0.0307385 -0.0799784
83
gcm: 0.566385 1.04063 -1.22503
H: 3.08971 -0.198845 -0.347506
84
gcm: 0.567345 1.04165 -1.21706
H: 2.45732 -0.0928342 0.519807
85
gcm: 0.56829 1.04247 -1.20917
H: 1.42522 0.154702 0.211725
86
gcm: 0.569516 1.0433 -1.20144
H: 0.77673 0.166389 -0.701615
87
gcm: 0.570888 1.04426 -1.19377
H: 0.608167 0.115045 -0.911274
88
gcm: 0.572066 1.04532 -1.18586
H: 0.509747 0.35102 -0.189688
89
gcm: 0.572933 1.04638 -1.1778
H: -0.484373 0.586331 0.208527
90
gcm: 0.573764 1.04746 -1.16963
H: -1.27679 0.581422 0.297193
91
gcm: 0.574605 1.04848 -1.16181
H: -0.536204 0.41441 0.373427
92
gcm: 0.575481 1.04918 -1.15439
H: -0.490675 0.451615 -0.117673
93
gcm: 0.57643 1.04996 -1.14722
H: -1.71075 0.781304 -0.129131
94
gcm: 0.577304 1.05062 -1.14004
H: -1.9228 0.722029 0.43889
95
gcm: 0.577911 1.05095 -1.13239
H: -0.957683 0.778692 0.218088
96
gcm: 0.578337 1.05214 -1.12521
H: -0.480261 0.688372 -0.434874
97
gcm: 0.579249 1.0525 -1.11732
H: -3.68153 0.994182 1.27923
98
gcm: 0.580089 1.05274 -1.10985
H: -2.72082 0.9376 0.418956
99
gcm: 0.580815 1.05296 -1.10244
H: -1.82848 0.761767 -1.05094
100
gcm: 0.581614 1.05279 -1.09513
H: -2.49665 0.817131 -1.28623
101
gcm: 0.582457 1.05188 -1.08765
H: -2.33607 0.966701 -0.0992588
102
gcm: 0.583294 1.05149 -1.08022
H: -2.46013 1.02103 0.348143
103
gcm: 0.583806 1.05088 -1.0731
H: -2.80706 1.08272 -0.00134041
104
gcm: 0.584042 1.05045 -1.06571
H: -2.24455 1.12235 0.475592
105
gcm: 0.584528 1.05002 -1.05809
H: -2.10882 0.833895 0.336563
106
gcm: 0.585125 1.04935 -1.05054
H: -2.54291 0.83957 0.11032
107
gcm: 0.585548 1.04858 -1.04343
H: -2.68228 0.876487 -0.0273791
108
gcm: 0.585844 1.04767 -1.0367
H: -2.51076 0.874628 -0.467094
109
gcm: 0.586298 1.04698 -1.02939
H: -2.54622 0.832857 -0.248712
110
gcm: 0.587018 1.04639 -1.0215
H: -3.31968 0.866268 0.0215085
111
gcm: 0.587416 1.04574 -1.01365
H: -3.30199 0.975312 -0.0752088
112
gcm: 0.587472 1.04542 -1.0063
H: -2.76985 0.939668 0.179942
113
gcm: 0.587916 1.04522 -0.999202
H: -3.7292 0.911165 0.28266
114
gcm: 0.588419 1.045 -0.991875
H: -4.33411 1.05662 -0.0990302
115
gcm: 0.588643 1.04514 -0.984711
H: -4.10665 1.10847 -0.0273467
116
gcm: 0.589148 1.04536 -0.977516
H: -3.91753 0.893881 -0.511271
117
gcm: 0.589649 1.04554 -0.970205
H: -4.63742 0.825327 -0.852401
118
gcm: 0.589647 1.04566 -0.962893
H: -3.93958 1.05179 0.590014
119
gcm: 0.589966 1.04535 -0.954729
H: -5.28845 1.24212 1.49962
120
gcm: 0.590609 1.04501 -0.947581
H: -4.8197 0.814458 -0.379901
121
gcm: 0.590978 1.04497 -0.941266
H: -4.32375 0.688224 -1.92362
122
gcm: 0.591042 1.0454 -0.933414
H: -5.47147 1.19207 0.465495
123
gcm: 0.59091 1.04579 -0.925975
H: -4.51839 1.1548 1.3669
124
gcm: 0.591169 1.04569 -0.91902
H: -4.37083 0.76005 -0.18509
125
gcm: 0.591406 1.04571 -0.912497
H: -4.06357 0.667316 -1.61438
126
gcm: 0.591288 1.04585 -0.906038
H: -4.97061 0.878727 -0.732325
127
gcm: 0.591022 1.04621 -0.899695
H: -6.53165 0.861382 -0.110095
128
gcm: 0.590836 1.0468 -0.892678
H: -4.54287 0.672973 -0.398745
129
gcm: 0.590677 1.04703 -0.884975
H: -2.40854 0.512217 -0.0792544
130
gcm: 0.590429 1.04681 -0.877513
H: -3.08593 0.266412 -0.345164
131
gcm: 0.590154 1.04631 -0.869847
H: -2.23263 0.137444 -1.44668
132
gcm: 0.590245 1.04593 -0.861999
H: -2.0748 0.0639383 -2.34264
133
gcm: 0.59089 1.04524 -0.853822
H: -2.67437 -0.0408563 -2.66943
134
gcm: 0.590938 1.0444 -0.845617
H: -2.02417 0.0816058 -1.62457
135
gcm: 0.590023 1.04406 -0.838129
H: -2.30186 0.0630089 -0.594801
136
gcm: 0.589237 1.0432 -0.830503
H: -2.08408 0.028659 -0.264827
137
gcm: 0.588756 1.04146 -0.822199
H: -0.31778 0.32808 0.583705
138
gcm: 0.58804 1.04045 -0.813985
H: 0.801285 0.298118 1.05525
139
gcm: 0.586981 1.04002 -0.805832
H: 1.07082 0.194192 0.785096
140
gcm: 0.586227 1.03886 -0.797297
H: 1.99738 0.391007 0.113434
141
gcm: 0.585669 1.03743 -0.788782
H: 2.3298 0.268318 0.223343
142
gcm: 0.584796 1.03651 -0.780369
H: 1.93925 0.178539 1.04863
143
gcm: 0.583955 1.03608 -0.771452
H: 3.1407 0.375406 1.12667
144
gcm: 0.583178 1.03542 -0.762433
H: 3.98936 0.266719 0.780884
145
gcm: 0.582189 1.03438 -0.753384
H: 3.97152 0.215827 1.22118
146
gcm: 0.580969 1.03442 -0.744151
H: 3.52841 0.317422 2.09878
147
gcm: 0.579716 1.0351 -0.735071
H: 3.39538 0.164395 1.60702
148
gcm: 0.5784 1.03498 -0.725791
H: 4.54903 0.172889 1.05089
149
gcm: 0.576666 1.03483 -0.716596
H: 4.94302 0.299693 1.8873
150
gcm: 0.574604 1.03466 -0.707837
H: 3.90221 0.253133 2.42742
151
gcm: 0.572993 1.03424 -0.698655
H: 4.23975 0.13534 1.68837
152
gcm: 0.571906 1.03448 -0.689013
H: 4.9011 0.0604668 0.67705
153
gcm: 0.57041 1.03518 -0.679647
H: 3.88006 0.179704 1.00815
154
gcm: 0.56843 1.03542 -0.670453
H: 3.55555 0.349172 1.90883
155
gcm: 0.566766 1.03541 -0.661189
H: 3.84322 0.204023 1.25377
156
gcm: 0.565422 1.03605 -0.651831
H: 3.67522 -0.0208444 -0.0193003
157
gcm: 0.563856 1.03756 -0.642652
H: 3.48437 0.0101963 0.26451
158
gcm: 0.562281 1.03926 -0.633995
H: 3.073 -0.0294102 0.348728
159
gcm: 0.560539 1.04034 -0.625472
H: 3.04326 0.13321 0.182702
160
gcm: 0.55852 1.04124 -0.616634
H: 3.73639 0.432278 0.911601
161
gcm: 0.557185 1.04164 -0.606428
H: 7.89168 0.269417 1.25493
162
gcm: 0.555902 1.04218 -0.596127
H: 7.78866 0.271605 2.05262
163
gcm: 0.554436 1.0433 -0.586265
H: 5.94174 0.406224 2.42024
164
gcm: 0.553189 1.04435 -0.576611
H: 6.58461 0.35862 1.15051
165
gcm: 0.551864 1.04532 -0.567638
H: 6.3051 0.373173 0.570695
166
gcm: 0.550378 1.0467 -0.558714
H: 4.99952 0.505863 1.32867
167
gcm: 0.548795 1.0484 -0.549668
H: 4.07398 0.549046 1.66944
168
gcm: 0.547477 1.04972 -0.540703
H: 3.40222 0.171725 1.67333
169
gcm: 0.546607 1.05072 -0.532005
H: 4.04192 0.090836 0.671319
170
gcm: 0.545798 1.05227 -0.523548
H: 3.27716 0.184995 -0.535774
171
gcm: 0.544739 1.05367 -0.515062
H: 2.72307 0.067941 -0.0679516
172
gcm: 0.543742 1.05442 -0.506761
H: -3.02353 -1.12735 1.89575
173
gcm: 0.543137 1.05554 -0.498552
H: 5.1564 0.438697 -1.6489
174
gcm: 0.542455 1.05708 -0.490358
H: -1.32813 -0.725254 0.691479
175
gcm: 0.541578 1.05895 -0.482108
H: 0.727801 -0.182401 0.608207
176
gcm: 0.541236 1.06041 -0.473902
H: -1.18631 -0.814566 -0.0739127
177
gcm: 0.541014 1.06084 -0.465812
H: 0.931531 -0.298621 -1.05367
178
gcm: 0.540444 1.06131 -0.457785
H: -2.12709 -0.953142 0.453495
179
gcm: 0.539842 1.06215 -0.449987
H: -1.10489 -0.900095 0.0411357
180
gcm: 0.539139 1.06296 -0.442204
H: 0.223391 -0.481315 0.097357
181
gcm: 0.538347 1.0636 -0.434506
H: -0.138106 -0.438643 0.730819
182
gcm: 0.537567 1.0637 -0.426897
H: -2.50626 -0.96099 1.57603
183
gcm: 0.53719 1.0637 -0.41919
H: 0.618237 -0.565125 -0.854041
184
gcm: 0.537215 1.06402 -0.411446
H: -1.86237 -1.24941 -0.70294
185
gcm: 0.537087 1.06403 -0.403579
H: 0.589892 -0.723472 -0.938047
186
gcm: 0.536791 1.06375 -0.395608
H: -1.75608 -0.920038 -0.22282
187
gcm: 0.536623 1.0637 -0.387961
H: -3.60084 -1.24847 -0.21355
188
gcm: 0.536374 1.06364 -0.380444
H: -2.51074 -1.15745 0.072921
189
gcm: 0.535823 1.06325 -0.372921
H: -2.08903 -0.981101 0.409091
190
gcm: 0.535551 1.06238 -0.36556
H: -2.6737 -1.16543 -0.52346
191
gcm: 0.535948 1.06128 -0.357862
H: -2.25892 -1.35509 -1.68951
192
gcm: 0.536355 1.06031 -0.349893
H: -2.07294 -1.20706 -0.99327
193
gcm: 0.536274 1.05997 -0.342207
H: -1.62447 -0.854533 -0.33149
194
gcm: 0.536087 1.06011 -0.334575
H: -2.18129 -0.819957 -0.452969
195
gcm: 0.536058 1.0596 -0.326814
H: -3.11277 -1.14941 0.13167
196
gcm: 0.536085 1.05924 -0.319169
H: -2.72534 -1.34753 -0.232883
197
gcm: 0.536162 1.05909 -0.31179
H: -3.61032 -1.32318 -0.614025
198
gcm: 0.536299 1.05894 -0.304423
H: -5.20038 -1.30132 0.0422327
199
gcm: 0.536421 1.06055 -0.296793
H: -4.25758 -1.33881 -0.263245
200
gcm: 0.536496 1.06211 -0.289137
H: -2.72564 -1.1839 -0.545151
201
gcm: 0.536689 1.06206 -0.281491
H: -2.86996 -1.09855 -0.432205
202
gcm: 0.537012 1.06194 -0.273958
H: -4.3521 -1.24203 -0.197785
203
gcm: 0.537049 1.06161 -0.26666
H: -5.47768 -1.132 0.971785
204
gcm: 0.537293 1.06153 -0.259385
H: -4.79975 -1.14996 0.00935293
205
gcm: 0.537869 1.06212 -0.252135
H: -4.09911 -1.33264 -1.33002
206
gcm: 0.538 1.06237 -0.244682
H: -4.30512 -1.23607 -0.00170001
207
gcm: 0.538093 1.06206 -0.236991
H: -4.20953 -1.09707 0.153101
208
gcm: 0.53861 1.06165 -0.229534
H: -4.13555 -1.11292 -0.207546
209
gcm: 0.539254 1.06161 -0.222159
H: -4.12467 -1.13181 0.222314
210
gcm: 0.539633 1.06218 -0.214638
H: -3.76296 -1.01039 -0.0890407
211
gcm: 0.539872 1.06273 -0.206974
H: -4.19888 -0.920177 0.152744
212
gcm: 0.540391 1.06197 -0.19965
H: -3.61941 -1.02483 0.11837
213
gcm: 0.541044 1.06062 -0.192315
H: -2.97135 -1.01395 0.242576
214
gcm: 0.541742 1.06005 -0.184637
H: -3.89304 -0.955226 0.432013
215
gcm: 0.542588 1.05999 -0.176937
H: -4.33656 -0.977605 -0.416913
216
gcm: 0.543362 1.05978 -0.169422
H: -2.82176 -0.872972 -0.971019
217
gcm: 0.544314 1.05916 -0.162
H: -2.14675 -0.857643 -0.559714
218
gcm: 0.545578 1.05858 -0.154336
H: -2.63761 -0.940532 -0.72852
219
gcm: 0.546391 1.05808 -0.146059
H: -2.16976 -0.355928 1.03981
220
gcm: 0.547427 1.0578 -0.138347
H: -2.43201 -0.291413 0.454706
221
gcm: 0.548117 1.05676 -0.131207
H: -1.73969 -0.350502 1.40625
222
gcm: 0.549105 1.05591 -0.123653
H: -1.72372 -0.511456 -0.443411
223
gcm: 0.55024 1.05648 -0.116075
H: -1.40907 -0.502399 -1.21163
224
gcm: 0.551171 1.05661 -0.108137
H: 0.232721 -0.198392 0.756113
225
gcm: 0.552525 1.05556 -0.099971
H: -0.271557 -0.207328 0.423796
226
gcm: 0.554079 1.05513 -0.0919114
H: -1.20967 -0.327299 -0.872889
227
gcm: 0.555157 1.05455 -0.0833245
H: 0.844476 -0.236001 -0.364385
228
gcm: 0.556566 1.0539 -0.0746028
H: 1.721 -0.324328 -0.937327
229
gcm: 0.558549 1.05368 -0.0658329
H: 1.05551 -0.220481 -1.48365
230
gcm: 0.56007 1.0533 -0.0573204
H: 1.06119 0.0117148 -0.0365627
231
gcm: 0.561395 1.05283 -0.0486285
H: 2.35167 0.065146 0.041031
232
gcm: 0.563232 1.05222 -0.0393813
H: 3.15357 -0.100447 -1.02791
233
gcm: 0.565164 1.05119 -0.0298491
H: 3.62826 -0.0755639 -1.0002
234
gcm: 0.566964 1.05073 -0.0205246
H: 4.40564 -0.0289381 -1.07886
235
gcm: 0.568855 1.05159 -0.0114296
H: 4.43066 -0.00731031 -0.729208
236
gcm: 0.571 1.05241 -0.00208543
H: 4.12644 -0.148461 -0.41556
237
gcm: 0.573133 1.05269 0.00757308
H: 4.14509 -0.06738 -0.8515
238
gcm: 0.575426 1.05336 0.0175059
H: 4.39655 0.085276 -1.31831
239
gcm: 0.578401 1.05461 0.0275861
H: 4.59946 -0.114121 -1.84495
240
gcm: 0.581254 1.05579 0.0372902
H: 3.77887 -0.431795 -1.40874
241
gcm: 0.583429 1.05659 0.047101
H: 3.41207 -0.41075 -0.33081
242
gcm: 0.584916 1.0559 0.0557578
H: 5.79222 -0.269105 0.552471
243
gcm: 0.586838 1.0557 0.0650326
H: 5.86088 -0.143442 0.322928
244
gcm: 0.589523 1.05638 0.0759151
H: 6.74957 -0.206091 -1.76475
245
gcm: 0.591726 1.05769 0.0854711
H: 5.38794 -0.229604 0.04143
246
gcm: 0.593935 1.05859 0.0945181
H: 4.86423 -0.227963 0.116245
247
gcm: 0.596159 1.05898 0.103702
H: 5.18683 -0.276937 -0.532242
248
gcm: 0.598301 1.05986 0.113163
H: 5.77265 -0.27374 -0.838377
249
gcm: 0.600557 1.06152 0.122679
H: 5.1015 -0.201065 -1.37715
250
gcm: 0.602884 1.06311 0.131979
H: 4.19915 -0.447124 -0.809896
251
gcm: 0.605209 1.06472 0.141191
H: 3.93094 -0.507747 -0.495289
252
gcm: 0.607431 1.06669 0.150063
H: 3.60712 -0.367842 -1.39064
253
gcm: 0.609425 1.06845 0.158715
H: 3.32806 -0.227982 -0.91867
254
gcm: 0.611372 1.06961 0.167321
H: 3.19022 -0.167072 -0.242732
255
gcm: 0.613215 1.07061 0.175616
H: 2.55375 -0.0455772 -0.508303
256
gcm: 0.614891 1.07225 0.183959
H: 2.22599 -0.275557 -0.332659
257
gcm: 0.6166 1.07415 0.192529
H: 1.89907 -0.0828744 0.0984741
258
gcm: 0.618164 1.07526 0.200625
H: 0.695745 0.386415 0.846587
259
gcm: 0.619524 1.07553 0.208418
H: 0.273946 0.598301 1.0005
260
gcm: 0.620966 1.07637 0.216656
H: 0.890813 0.438242 0.243197
261
gcm: 0.622395 1.07798 0.22539
H: 1.37793 0.354006 0.145378
262
gcm: 0.623498 1.07895 0.233765
H: 0.469159 0.54524 1.20536
263
gcm: 0.624507 1.07959 0.241504
H: -1.40502 0.797067 0.949031
264
gcm: 0.625745 1.08063 0.249251
H: -0.903075 0.538057 -0.212107
265
gcm: 0.627112 1.08201 0.257037
H: -1.18251 0.58113 -0.638893
266
gcm: 0.628517 1.08302 0.265036
H: -1.17467 0.627021 -0.399697
267
gcm: 0.629807 1.08294 0.273159
H: -0.78418 0.697173 -0.0755084
268
gcm: 0.631183 1.08246 0.281183
H: -1.66206 0.847379 -0.479147
269
gcm: 0.632357 1.08251 0.289016
H: -1.66404 0.937403 0.0509937
270
gcm: 0.633298 1.08287 0.29682
H: -0.906506 0.882386 0.886709
271
gcm: 0.634545 1.08278 0.304635
H: -1.27921 0.717646 -0.581639
272
gcm: 0.635807 1.08223 0.312233
H: -2.29208 0.760826 -1.37337
273
gcm: 0.636898 1.08176 0.319732
H: -2.7524 0.941722 -0.528858
274
gcm: 0.638257 1.08124 0.327458
H: -2.25631 0.726729 -1.28192
275
gcm: 0.639382 1.08035 0.335613
H: -2.06327 0.841274 0.202138
276
gcm: 0.640722 1.07916 0.343446
H: -2.59586 0.732419 -0.941074
277
gcm: 0.641113 1.0781 0.351311
H: -1.80512 1.25301 1.93768
278
gcm: 0.641699 1.07693 0.359076
H: -1.99652 1.11645 0.508607
279
gcm: 0.642567 1.07633 0.366859
H: -2.91427 0.992809 -0.149932
280
gcm: 0.643401 1.07605 0.374621
H: -3.15623 0.933218 0.464839
281
gcm: 0.644174 1.07523 0.382356
H: -2.86383 0.904939 -0.0574167
282
gcm: 0.645313 1.07419 0.38983
H: -3.43389 0.675615 -2.17958
283
gcm: 0.645538 1.07381 0.397693
H: -2.95128 1.18571 1.8954
284
gcm: 0.646314 1.07337 0.405429
H: -3.43075 0.852169 -0.241728
285
gcm: 0.646983 1.0735 0.413062
H: -4.05481 0.920037 -0.20183
286
gcm: 0.647349 1.07384 0.420631
H: -4.00755 1.03345 0.750577
287
gcm: 0.647916 1.0738 0.428433
H: -3.13668 0.826467 -0.354455
288
gcm: 0.649004 1.07442 0.43618
H: -3.21811 0.51935 -1.94642
289
gcm: 0.649107 1.07521 0.443691
H: -4.4091 1.09678 1.07259
290
gcm: 0.649408 1.07541 0.451203
H: -4.49054 1.01995 0.307998
291
gcm: 0.649952 1.07585 0.458903
H: -4.5146 0.969472 -0.0480914
292
gcm: 0.650528 1.0759 0.466634
H: -4.66411 0.978696 0.0925581
293
gcm: 0.650989 1.07634 0.47433
H: -4.03276 0.88875 -0.00771355
294
gcm: 0.650933 1.0772 0.482213
H: -3.54733 0.955677 0.828519
295
gcm: 0.651846 1.07727 0.489791
H: -4.10877 0.563383 -2.11741
296
gcm: 0.650974 1.07726 0.49523
H: -7.31271 1.29228 2.48276
297
gcm: 0.653379 1.07786 0.504238
H: -2.7629 0.0638935 -5.43601
298
gcm: 0.653147 1.07889 0.51159
H: -4.49131 0.879622 0.691953
299
gcm: 0.653339 1.07929 0.517912
H: -7.57395 0.635502 -1.51963
300
gcm: 0.653652 1.07913 0.525283
H: -5.28852 0.294228 -1.78031
301
gcm: 0.654197 1.07907 0.534177
H: -1.25941 0.241185 -1.25861
302
gcm: 0.654768 1.07874 0.542693
H: -1.51861 0.333326 -1.61011
303
gcm: 0.65483 1.07824 0.550222
H: -3.02032 0.221536 -1.81289
304
gcm: 0.654765 1.07785 0.557998
H: -4.42416 -0.298857 -2.62893
305
gcm: 0.654729 1.07724 0.565952
H: -3.5553 0.177921 -1.1178
306
gcm: 0.654501 1.07657 0.574172
H: -1.82828 0.332178 0.192886
307
gcm: 0.654129 1.07577 0.582581
H: -0.718305 0.291466 0.510497
308
gcm: 0.654325 1.07447 0.590937
H: 0.671278 0.217902 -1.10272
309
gcm: 0.654321 1.07302 0.599128
H: 1.49662 0.51381 -0.34531
310
gcm: 0.653652 1.07236 0.607505
H: -0.949934 0.210019 0.834711
311
gcm: 0.652904 1.07139 0.61647
H: 2.0434 0.856279 2.59307
312
gcm: 0.652403 1.06989 0.625834
H: 3.00391 0.766671 1.95558
313
gcm: 0.652167 1.06836 0.63486
H: 2.57411 0.169452 0.453949
314
gcm: 0.651754 1.06697 0.643518
H: 1.19191 0.224072 0.466989
315
gcm: 0.650838 1.06575 0.652567
H: 1.97742 0.445556 1.88803
316
gcm: 0.650101 1.06483 0.661985
H: 2.73671 0.372044 1.47071
317
gcm: 0.649937 1.06341 0.671243
H: 3.01932 0.147642 0.246643
318
gcm: 0.649555 1.06145 0.680411
H: 3.25992 0.230253 0.442978
319
gcm: 0.648895 1.06014 0.689907
H: 3.61636 0.286661 1.11467
320
gcm: 0.648127 1.05918 0.699609
H: 4.26776 0.287466 1.39441
321
gcm: 0.647039 1.05821 0.70931
H: 4.70701 0.0710743 2.17735
322
gcm: 0.646232 1.0576 0.719661
H: 5.09822 0.376018 1.29475
323
gcm: 0.645575 1.05763 0.73017
H: 5.19242 0.410361 0.36719
324
gcm: 0.644385 1.05802 0.740291
H: 4.34386 0.0542047 1.20972
325
gcm: 0.642839 1.05804 0.750399
H: 4.59716 0.113895 2.00495
326
gcm: 0.641433 1.05776 0.760296
H: 5.19756 0.209491 1.81213
327
gcm: 0.640384 1.05747 0.770388
H: 4.56248 0.210572 0.595353
328
gcm: 0.639181 1.05733 0.780648
H: 3.69816 0.377815 0.753938
329
gcm: 0.638007 1.05741 0.790569
H: 3.82618 0.25336 0.992485
330
gcm: 0.637082 1.05786 0.80041
H: 5.6119 0.462843 0.392063
331
gcm: 0.635752 1.05818 0.809534
H: 5.00482 0.143137 0.929845
332
gcm: 0.634323 1.05834 0.819258
H: 3.74411 0.162092 0.624617
333
gcm: 0.633255 1.05895 0.829077
H: 4.11942 0.29376 -0.727855
334
gcm: 0.632811 1.05851 0.840293
H: 10.6114 0.383304 0.115301
335
gcm: 0.632071 1.05896 0.851209
H: 7.94655 0.191384 0.879168
336
gcm: 0.631152 1.06049 0.861837
H: 6.38165 0.133091 1.27092
337
gcm: 0.630162 1.06176 0.871814
H: 5.71073 0.301954 1.39846
338
gcm: 0.629318 1.06262 0.881187
H: 5.17036 0.391939 1.23547
339
gcm: 0.628561 1.06355 0.890736
H: 4.29697 0.330756 1.15329
340
gcm: 0.627644 1.06524 0.900614
H: 3.73191 0.340352 1.20655
341
gcm: 0.626588 1.0674 0.910421
H: 4.22845 0.449107 1.32099
342
gcm: 0.625438 1.06859 0.91922
H: 3.51395 0.641923 1.53293
343
gcm: 0.624536 1.06863 0.927009
H: 2.58502 0.509908 0.531951
344
gcm: 0.624415 1.06959 0.935788
H: 2.90402 0.00511624 -1.6176
345
gcm: 0.624767 1.07181 0.945809
H: 1.3922 -0.551498 -2.06015
346
gcm: 0.624719 1.07414 0.955429
H: 1.3734 -0.185709 -1.15865
347
gcm: 0.624209 1.07643 0.964479
H: -0.886566 -0.474252 0.210997
348
gcm: 0.623812 1.07759 0.973444
H: 0.461657 -0.426279 -0.947017
349
gcm: 0.623747 1.07826 0.982178
H: 0.0463958 -0.532858 -1.13495
350
gcm: 0.623594 1.0795 0.990597
H: -1.18085 -0.601851 0.0565468
351
gcm: 0.623179 1.08059 0.998746
H: -1.05751 -0.476091 0.364358
352
gcm: 0.622777 1.082 1.00698
H: 0.244184 -0.298396 -0.122765
353
gcm: 0.622516 1.08332 1.01571
H: -2.25483 -0.727327 0.880913
354
gcm: 0.622499 1.08475 1.02453
H: -1.38293 -0.973483 -0.353612
355
gcm: 0.622503 1.08579 1.03266
H: -0.101507 -1.31742 -3.38164
356
gcm: 0.622141 1.08573 1.04083
H: -2.37135 -1.05562 0.774641
357
gcm: 0.621904 1.08579 1.04892
H: -3.00613 -0.890774 1.37892
358
gcm: 0.621841 1.08633 1.0568
H: -3.21272 -1.11164 -0.134015
359
gcm: 0.621711 1.08674 1.06539
H: -1.50373 -1.17687 -1.76706
360
gcm: 0.621551 1.0868 1.07397
H: -0.30858 -1.13442 -2.05839
361
gcm: 0.621439 1.08649 1.08165
H: -3.20111 -1.04469 0.429191
362
gcm: 0.621432 1.08672 1.08952
H: -5.21486 -1.08665 1.1964
363
gcm: 0.621458 1.08662 1.09778
H: -2.15303 -1.33734 -1.09916
364
gcm: 0.621611 1.08624 1.10545
H: -1.79378 -1.45869 -2.60537
365
gcm: 0.621953 1.08616 1.11386
H: -2.06507 -1.25907 -1.2081
366
gcm: 0.62183 1.08584 1.1222
H: -4.37361 -1.02066 0.961348
367
gcm: 0.621509 1.08537 1.13008
H: -3.80146 -0.981426 1.40166
368
gcm: 0.621421 1.08516 1.13807
H: -2.56184 -1.1601 -0.324428
369
gcm: 0.621596 1.08511 1.14582
H: -3.76746 -1.35999 -1.11604
370
gcm: 0.621785 1.08514 1.15364
H: -4.48811 -1.32976 -0.27062
371
gcm: 0.622029 1.08569 1.16208
H: -4.93458 -1.31527 -0.466049
372
gcm: 0.622316 1.08625 1.17025
H: -4.79336 -1.31219 -0.773241
373
gcm: 0.622482 1.08655 1.17824
H: -4.05275 -1.17224 -0.25735
374
gcm: 0.622453 1.08703 1.18658
H: -3.89811 -1.0403 0.330954
375
gcm: 0.62247 1.08801 1.19419
H: -5.63314 -1.18024 0.23219
376
gcm: 0.622504 1.08918 1.20204
H: -5.16483 -1.31254 0.263774
377
gcm: 0.622392 1.08923 1.20938
H: -5.28658 -1.30315 0.205109
378
gcm: 0.622665 1.08835 1.21675
H: -5.69222 -1.23394 -0.745671
379
gcm: 0.622971 1.08723 1.2247
H: -6.14294 -0.925398 1.02138
380
gcm: 0.622938 1.08601 1.23256
H: -4.663 -1.13176 0.788083
381
gcm: 0.623532 1.08636 1.24049
H: -4.17605 -1.17224 -0.902669
382
gcm: 0.624549 1.08659 1.2485
H: -4.41482 -1.24078 -2.36103
383
gcm: 0.625005 1.08564 1.2564
H: -5.27737 -1.00354 -0.497734
384
gcm: 0.62504 1.08546 1.26405
H: -5.60966 -0.829938 1.20915
385
gcm: 0.625318 1.08616 1.27134
H: -4.59324 -0.72454 0.811786
386
gcm: 0.62584 1.08667 1.27879
H: -4.14207 -0.613963 0.201824
387
gcm: 0.626008 1.08695 1.28579
H: -5.84507 -0.44714 1.10596
388
gcm: 0.626337 1.08699 1.29474
H: -2.41273 -0.134076 1.59826
389
gcm: 0.626899 1.08637 1.30241
H: -2.99447 -0.246708 1.10532
390
gcm: 0.627308 1.08591 1.30986
H: -2.8203 -5.8762e-05 1.76537
391
gcm: 0.627361 1.08544 1.3175
H: -2.67882 0.0866129 2.90736
392
gcm: 0.628153 1.08513 1.32527
H: -2.56048 -0.130692 1.6102
393
gcm: 0.629408 1.0856 1.33404
H: -1.64011 -0.164669 -0.397148
394
gcm: 0.629741 1.08486 1.34125
H: -1.02049 0.388285 2.46015
395
gcm: 0.630483 1.08372 1.34992
H: 0.533213 0.116088 1.36663
396
gcm: 0.631479 1.08267 1.35892
H: 0.8621 -0.327022 -0.689627
397
gcm: 0.632508 1.08186 1.36794
H: 2.30661 -0.650462 -1.64462
398
gcm: 0.633453 1.08074 1.37616
H: 2.17856 -0.709285 -2.12844
399
gcm: 0.63441 1.07986 1.38437
H: -3.1676 -0.0657592 2.4348
400
gcm: 0.635374 1.07871 1.39263
H: 2.53085 -0.382902 -2.19183
401
gcm: 0.636813 1.07693 1.40233
H: 4.02235 -0.31994 -0.859354
402
gcm: 0.638362 1.07555 1.41223
H: 3.18339 -0.106798 -0.165804
403
gcm: 0.639622 1.07473 1.42088
H: 2.01045 0.00390745 -1.08207
404
gcm: 0.640832 1.07473 1.43047
H: 6.2152 -0.0871452 -1.9081
405
gcm: 0.642266 1.0756 1.44101
H: 10.282 -0.358051 -2.05972
406
gcm: 0.643383 1.07655 1.45154
H: 3.92914 0.0772678 0.257593
407
gcm: 0.645659 1.07736 1.46162
H: 5.03815 -0.381504 -3.71127
408
gcm: 0.647495 1.07797 1.47195
H: 4.7574 0.00907724 1.1613
409
gcm: 0.649069 1.07853 1.48006
H: 1.87445 0.0508405 -1.1206
410
gcm: 0.650944 1.07897 1.49084
H: 6.45643 -0.26584 -1.19619
411
gcm: 0.652534 1.07965 1.49945
H: 2.9971 -0.338355 -1.43688
412
gcm: 0.654426 1.08066 1.50962
H: 3.88172 -0.291277 -1.09205
413
gcm: 0.656041 1.08165 1.5185
H: 1.85339 -0.311868 -0.282569
414
gcm: 0.65753 1.08289 1.52874
H: 3.24073 -0.178312 1.39931
415
gcm: 0.659386 1.08363 1.53965
H: 8.40656 -0.134137 0.508586
416
gcm: 0.661329 1.08471 1.55047
H: 5.81173 -0.201378 -0.340363
417
gcm: 0.66318 1.0857 1.56058
H: 10.0779 -0.713116 -3.87462
418
gcm: 0.664997 1.0862 1.57059
H: 6.53988 -0.245319 -0.934509
419
gcm: 0.667284 1.08777 1.58175
H: 8.23697 -0.438552 -2.09995
420
gcm: 0.668887 1.08948 1.59145
H: 5.72302 -0.243422 -0.752899
421
gcm: 0.670138 1.09112 1.60018
H: 1.31238 0.0693191 1.68686
422
gcm: 0.672387 1.09206 1.61028
H: 4.56671 -0.650799 -1.76873
423
gcm: 0.673607 1.09304 1.61792
H: 3.11716 -0.282621 2.06216
424
gcm: 0.677113 1.09519 1.62978
H: 7.43389 -0.767566 -6.34607
425
gcm: 0.677863 1.09801 1.63813
H: 3.45919 -0.192201 2.05671
426
gcm: 0.679096 1.09906 1.64658
H: 5.35767 -0.553495 -0.517721
427
gcm: 0.680177 1.1011 1.6567
H: 1.52794 0.44056 0.262833
428
gcm: 0.680731 1.10099 1.665
H: -0.760032 0.47349 3.56685
429
gcm: 0.683424 1.10149 1.67546
H: 4.12074 -0.328416 -4.45716
430
gcm: 0.683391 1.10261 1.68167
H: -3.54281 0.90931 5.96444
431
gcm: 0.684884 1.10444 1.69059
H: 1.42895 0.326923 -2.01275
432
gcm: 0.686047 1.10731 1.6996
H: 0.714605 0.478279 -1.33193
433
gcm: 0.685448 1.10809 1.70892
H: 0.262569 0.898667 3.85231
434
gcm: 0.686851 1.10675 1.71518
H: -0.295096 0.32509 -0.642645
435
gcm: 0.688296 1.11038 1.72573
H: 2.20976 0.201674 -2.92408
436
gcm: 0.689505 1.10957 1.73234
H: -0.899686 0.275229 -1.07556
437
gcm: 0.689745 1.11096 1.74071
H: -0.439417 0.910038 0.923343
438
gcm: 0.692403 1.11059 1.74916
H: -0.393238 -0.0117891 -7.48452
439
gcm: 0.691075 1.11228 1.75597
H: 4.27499 1.32662 3.90264
440
gcm: 0.692008 1.11351 1.76567
H: -9.36718 1.13988 3.17873
441
gcm: 0.692983 1.11388 1.77294
H: 0.556401 0.773517 -1.73784
442
gcm: 0.693636 1.11348 1.78176
H: -3.97616 1.18065 1.96181
443
gcm: 0.694131 1.11289 1.78881
H: -3.42921 1.3057 2.68904
444
gcm: 0.694727 1.11266 1.79684
H: -1.76042 1.00568 0.197851
445
gcm: 0.695859 1.11206 1.80557
H: -2.6953 0.827 -1.1413
446
gcm: 0.696615 1.11068 1.81315
H: -0.794495 0.951324 -0.937065
447
gcm: 0.697149 1.10995 1.82181
H: -3.60116 1.1186 1.34011
448
gcm: 0.697529 1.10875 1.82974
H: -1.33262 0.881193 0.773611
448
gcm: 0.697529 1.10875 1.82974
H: 0 0 0
