:metadata
 
Skeleton: /Network/Servers/duerer/Volumes/duerer/laturnus/workspace/new_acm/asf/07-walk.asf
Motion: /Network/Servers/duerer/Volumes/duerer/laturnus/workspace/new_acm/amc/07_08-walk.amc
Mass Distribution: /Network/Servers/duerer/Volumes/duerer/laturnus/workspace/new_acm/amd/clauser1969 _point.amd
 
Inital skeleton translation: 0 0 0
Initial skeleton rotation: 0 0 0
 
:data
1
gcm: 0.45457 1.01016 -2.04804
H: -4.91835 -1.00304 0.323759
2
gcm: 0.454913 1.01134 -2.03715
H: -4.49145 -1.10412 -0.926043
3
gcm: 0.455173 1.01202 -2.02624
H: -4.44795 -1.08884 -0.643232
4
gcm: 0.455353 1.01251 -2.01538
H: -4.62918 -1.07982 0.0677669
5
gcm: 0.455518 1.01291 -2.00439
H: -4.61315 -1.12202 0.174272
6
gcm: 0.455785 1.01285 -1.99323
H: -4.47628 -1.122 -0.245694
7
gcm: 0.456275 1.01286 -1.98215
H: -4.1628 -1.11523 -1.01681
8
gcm: 0.456573 1.01293 -1.97129
H: -5.01974 -1.04724 -0.417171
9
gcm: 0.456574 1.0122 -1.96045
H: -5.58164 -0.979793 0.791967
10
gcm: 0.456845 1.01124 -1.94953
H: -5.1594 -1.00209 0.54622
11
gcm: 0.457189 1.01108 -1.93873
H: -5.20043 -1.14531 -0.488539
12
gcm: 0.457703 1.01083 -1.92794
H: -4.98159 -1.01827 -0.128077
13
gcm: 0.458525 1.00972 -1.91679
H: -4.5645 -0.959839 -0.334444
14
gcm: 0.459255 1.00823 -1.90568
H: -4.26036 -0.944454 -0.84375
15
gcm: 0.459346 1.00716 -1.89502
H: -4.20972 -0.864406 -0.0800456
16
gcm: 0.460408 1.00546 -1.88357
H: -3.42301 -1.06074 -0.0180163
17
gcm: 0.461259 1.00354 -1.87229
H: -4.30466 -0.635376 0.5015
18
gcm: 0.461987 1.00246 -1.86126
H: -4.03014 -0.625607 0.562247
19
gcm: 0.462793 1.00129 -1.85025
H: -2.73353 -0.600713 0.138971
20
gcm: 0.463628 0.999818 -1.83909
H: -2.01965 -0.404888 0.531782
21
gcm: 0.46439 0.998923 -1.82769
H: -1.85741 -0.234467 1.60269
22
gcm: 0.465406 0.998242 -1.81636
H: -1.84455 -0.188591 1.37913
23
gcm: 0.466618 0.99711 -1.8051
H: -2.3763 -0.0909047 0.966088
24
gcm: 0.467667 0.996241 -1.794
H: -3.51788 -0.0105087 1.36699
25
gcm: 0.468876 0.995382 -1.78183
H: 0.276224 -0.151607 0.467709
26
gcm: 0.470486 0.993798 -1.76943
H: 1.50161 -0.418563 -0.964796
27
gcm: 0.472467 0.990771 -1.75698
H: 1.25676 -0.52112 0.189212
28
gcm: 0.47541 0.990752 -1.74337
H: 2.45406 -1.11341 -2.04989
29
gcm: 0.476366 0.990404 -1.73057
H: 2.68109 -0.503796 -0.307599
30
gcm: 0.477966 0.98947 -1.71722
H: 4.36227 -0.458896 -0.631778
31
gcm: 0.479822 0.988626 -1.70363
H: 6.92196 -0.239463 -0.996396
32
gcm: 0.481932 0.98826 -1.68993
H: 7.80289 -0.314906 -0.837326
33
gcm: 0.484329 0.988328 -1.676
H: 7.50425 -0.308398 -0.224328
34
gcm: 0.48668 0.988022 -1.66216
H: 6.4884 -0.0793439 0.0487905
35
gcm: 0.489026 0.98723 -1.64856
H: 5.96182 -0.0818267 0.218656
36
gcm: 0.491514 0.986603 -1.63498
H: 5.7664 -0.271067 -0.26495
37
gcm: 0.493966 0.986632 -1.62124
H: 6.39055 -0.631131 -0.543478
38
gcm: 0.496266 0.986911 -1.60745
H: 6.55563 -0.763595 -0.587087
39
gcm: 0.498651 0.987107 -1.59352
H: 6.13985 -0.790431 -0.39588
40
gcm: 0.501076 0.986268 -1.57768
H: 12.4462 -1.27894 0.374854
41
gcm: 0.503664 0.98651 -1.56327
H: 8.6597 -1.12715 0.093232
42
gcm: 0.506369 0.987329 -1.54939
H: 7.25757 -0.808464 -0.958508
43
gcm: 0.508774 0.988597 -1.53518
H: 7.11484 -0.570075 -0.396589
44
gcm: 0.511244 0.989831 -1.52097
H: 7.25261 -0.724117 -0.196367
45
gcm: 0.513741 0.990784 -1.50739
H: 6.89972 -1.0132 -0.0922784
46
gcm: 0.516043 0.991918 -1.49422
H: 6.43716 -0.976772 -0.30288
47
gcm: 0.518189 0.993486 -1.48091
H: 5.8551 -0.883042 -0.292272
48
gcm: 0.520355 0.995051 -1.46749
H: 5.44345 -1.07717 0.279009
49
gcm: 0.522494 0.996691 -1.45438
H: 4.86234 -1.07042 0.384024
50
gcm: 0.5241 0.998406 -1.44168
H: 3.56185 -0.414508 0.191302
51
gcm: 0.525632 1.00023 -1.42912
H: 2.22836 0.0658694 0.00496519
52
gcm: 0.527217 1.00244 -1.41647
H: 1.72179 0.328424 -0.00581562
53
gcm: 0.52831 1.00499 -1.40364
H: 1.82698 0.63146 0.0935187
54
gcm: 0.529662 1.00745 -1.39213
H: -0.350988 0.56207 0.713748
55
gcm: 0.530972 1.00952 -1.3802
H: -0.128145 0.587867 0.432458
56
gcm: 0.53212 1.01162 -1.36827
H: -0.0682882 0.735215 -0.0584897
57
gcm: 0.533361 1.01431 -1.35633
H: -0.247233 0.758838 -0.112592
58
gcm: 0.534399 1.0173 -1.34454
H: -0.845981 0.834436 -0.0493772
59
gcm: 0.535234 1.02032 -1.33305
H: -1.50024 0.878628 0.355909
60
gcm: 0.536043 1.02292 -1.32156
H: -1.13969 0.859132 0.572018
61
gcm: 0.536674 1.0251 -1.31013
H: -1.5149 0.986982 0.424235
62
gcm: 0.537617 1.0273 -1.29873
H: -3.06299 1.1625 -0.0842351
63
gcm: 0.538548 1.02943 -1.28747
H: -3.28909 1.3349 0.228757
64
gcm: 0.539251 1.03154 -1.27605
H: -2.3744 1.24913 0.308864
65
gcm: 0.540202 1.03335 -1.26442
H: -1.83539 0.986289 -0.358251
66
gcm: 0.540875 1.03479 -1.25318
H: -2.16276 1.02632 0.157329
67
gcm: 0.541304 1.03541 -1.24225
H: -2.90164 1.16504 0.577094
68
gcm: 0.542056 1.03695 -1.23098
H: -3.29711 1.17291 -0.0779515
69
gcm: 0.543028 1.03787 -1.21952
H: -3.48745 1.04947 -0.361242
70
gcm: 0.543956 1.038 -1.20809
H: -3.53835 1.03516 0.142311
71
gcm: 0.544728 1.0381 -1.19685
H: -3.1577 1.14822 0.109397
72
gcm: 0.545365 1.03827 -1.18582
H: -3.49696 1.0538 -0.48361
73
gcm: 0.545802 1.03827 -1.1747
H: -4.02968 1.02823 -0.217415
74
gcm: 0.546328 1.0376 -1.16364
H: -4.17069 1.01437 0.045923
75
gcm: 0.547166 1.03731 -1.15248
H: -4.2275 0.801265 -0.666915
76
gcm: 0.548013 1.03831 -1.14106
H: -4.01511 0.843093 -0.692518
77
gcm: 0.54861 1.03908 -1.12959
H: -4.58915 1.07557 0.304985
78
gcm: 0.549061 1.03907 -1.11822
H: -6.00224 1.13072 0.499761
79
gcm: 0.549431 1.03893 -1.10706
H: -6.18695 0.9678 -0.0763229
80
gcm: 0.54967 1.03907 -1.09595
H: -5.20649 0.844503 -0.533195
81
gcm: 0.549878 1.0399 -1.0848
H: -4.74605 0.888604 -0.401134
82
gcm: 0.550132 1.0403 -1.07381
H: -5.41184 0.819872 0.125401
83
gcm: 0.550425 1.03956 -1.06278
H: -5.58729 0.824638 -0.00422425
84
gcm: 0.550712 1.03881 -1.0516
H: -5.64618 0.957803 0.159442
85
gcm: 0.550958 1.03844 -1.04043
H: -6.31991 0.899962 0.23574
86
gcm: 0.551294 1.03815 -1.0296
H: -6.44738 0.785432 -0.526947
87
gcm: 0.551574 1.03782 -1.01884
H: -6.66781 0.783881 -0.49147
88
gcm: 0.551563 1.03815 -1.00811
H: -7.88721 0.715121 0.0314488
89
gcm: 0.551516 1.03865 -0.998194
H: -9.44714 0.646824 -0.593473
90
gcm: 0.551983 1.03714 -0.986653
H: -3.70792 0.336579 -1.71371
91
gcm: 0.552515 1.03514 -0.974918
H: -3.57848 0.0992741 -2.19615
92
gcm: 0.55284 1.0339 -0.962946
H: -2.83659 -0.0666814 -1.59192
93
gcm: 0.5529 1.03275 -0.951148
H: -2.52847 -0.276853 -1.86665
94
gcm: 0.552948 1.03114 -0.939538
H: -2.86882 -0.440586 -2.20543
95
gcm: 0.553091 1.02911 -0.927729
H: -2.47973 -0.420567 -1.93698
96
gcm: 0.552987 1.02725 -0.915843
H: -1.02721 -0.233312 -1.54953
97
gcm: 0.552431 1.02579 -0.903698
H: 0.575416 0.286127 0.0653039
98
gcm: 0.551564 1.02459 -0.891312
H: 1.8255 0.707076 1.67526
99
gcm: 0.55067 1.02248 -0.878982
H: 2.64105 0.751804 1.64037
100
gcm: 0.549839 1.01939 -0.86658
H: 2.68772 0.756593 1.21541
101
gcm: 0.548586 1.01714 -0.853924
H: 2.5647 0.783022 1.82631
102
gcm: 0.547003 1.01478 -0.841126
H: 3.48793 0.820039 2.07007
103
gcm: 0.545861 1.01181 -0.828307
H: 4.83837 0.723211 1.48719
104
gcm: 0.544883 1.00941 -0.815038
H: 6.44751 0.809079 1.96949
105
gcm: 0.543794 1.00805 -0.801201
H: 7.80072 0.948417 2.287
106
gcm: 0.542991 1.00806 -0.787121
H: 6.24383 0.490642 1.13414
107
gcm: 0.54207 1.00749 -0.773179
H: 4.70905 0.265538 0.649897
108
gcm: 0.540597 1.00591 -0.759778
H: 5.5234 0.582921 1.26458
109
gcm: 0.53885 1.00551 -0.746716
H: 6.04873 0.740239 1.47342
110
gcm: 0.537179 1.00523 -0.733341
H: 6.51597 0.577647 1.04352
111
gcm: 0.53569 1.00415 -0.719457
H: 6.8451 0.62808 0.343105
112
gcm: 0.534152 1.00401 -0.705659
H: 6.477 0.857552 -0.234381
113
gcm: 0.532657 1.00439 -0.692378
H: 6.26309 0.744 -0.635175
114
gcm: 0.531149 1.00452 -0.679373
H: 6.31471 0.847812 -0.186262
115
gcm: 0.530162 1.00321 -0.663749
H: 14.8085 1.34326 -0.0779215
116
gcm: 0.528838 1.00374 -0.649276
H: 10.0252 0.956541 0.0835138
117
gcm: 0.527309 1.00516 -0.63505
H: 8.08381 0.915497 1.192
118
gcm: 0.525781 1.00655 -0.620877
H: 7.61262 0.979524 1.39779
119
gcm: 0.524461 1.00817 -0.607393
H: 6.8739 0.70179 0.531289
120
gcm: 0.523 1.01017 -0.594572
H: 5.36804 0.623379 0.865004
121
gcm: 0.521561 1.01214 -0.581525
H: 5.18711 0.831744 0.997722
122
gcm: 0.520789 1.01388 -0.568616
H: 0.446492 -0.404694 0.698662
123
gcm: 0.520495 1.01589 -0.556149
H: 3.13677 0.237803 -1.29263
124
gcm: 0.520179 1.01814 -0.543826
H: -1.43045 -0.733391 -0.327672
125
gcm: 0.519784 1.02073 -0.531797
H: 0.543195 -0.267493 -1.10916
126
gcm: 0.519212 1.02379 -0.519632
H: 2.42456 0.0129763 -1.05198
127
gcm: 0.5185 1.02664 -0.507524
H: 1.28282 -0.25471 -0.342444
128
gcm: 0.51796 1.02892 -0.496025
H: -0.873506 -0.714375 -0.0261992
129
gcm: 0.517784 1.0314 -0.484222
H: -1.85535 -1.18604 -0.200695
130
gcm: 0.517847 1.03401 -0.472096
H: -1.29552 -1.32523 -1.2435
131
gcm: 0.517737 1.03642 -0.460475
H: -0.285831 -0.811756 -0.990322
132
gcm: 0.517307 1.0386 -0.449342
H: -0.497229 -0.537472 0.420828
133
gcm: 0.516978 1.04084 -0.43821
H: -4.07192 -1.45709 1.07621
134
gcm: 0.51671 1.04308 -0.426821
H: -2.53762 -1.04706 0.0136737
135
gcm: 0.516172 1.04503 -0.415506
H: -1.70822 -0.569465 0.33618
136
gcm: 0.515752 1.04694 -0.404409
H: -1.53618 -0.57386 -0.0584726
137
gcm: 0.515683 1.04869 -0.393292
H: -2.51142 -1.03026 -1.03021
138
gcm: 0.515612 1.04973 -0.382043
H: -3.31534 -1.19502 -0.764003
139
gcm: 0.515467 1.05084 -0.37058
H: -3.05307 -1.06565 -0.301166
140
gcm: 0.515579 1.05231 -0.359298
H: -3.18811 -1.1527 -0.759192
141
gcm: 0.51585 1.05309 -0.348286
H: -3.54269 -1.07702 -0.852018
142
gcm: 0.515962 1.05294 -0.337061
H: -3.50281 -0.995954 -0.118181
143
gcm: 0.516039 1.05283 -0.325711
H: -3.70808 -1.01271 0.294851
144
gcm: 0.516089 1.05361 -0.314574
H: -4.1912 -1.09673 0.405378
145
gcm: 0.51605 1.05417 -0.303617
H: -4.08271 -1.0747 0.469498
146
gcm: 0.516299 1.05417 -0.292346
H: -3.70005 -1.12048 -0.344578
147
gcm: 0.516772 1.05529 -0.280778
H: -3.71916 -1.22608 -0.942906
148
gcm: 0.516951 1.05732 -0.269406
H: -4.44111 -1.1745 -0.368922
149
gcm: 0.51668 1.05792 -0.258556
H: -5.3964 -0.985549 0.417726
150
gcm: 0.516523 1.05701 -0.24816
H: -5.89375 -0.966082 0.340583
151
gcm: 0.516807 1.05734 -0.237267
H: -5.30317 -1.15844 -0.287106
152
gcm: 0.517174 1.05806 -0.226039
H: -4.8655 -1.23369 -0.376145
153
gcm: 0.517365 1.05805 -0.215244
H: -5.18436 -1.2029 -0.176159
154
gcm: 0.517301 1.05794 -0.204372
H: -5.27748 -1.10911 0.177682
155
gcm: 0.517045 1.0576 -0.193476
H: -5.72363 -0.97957 0.883108
156
gcm: 0.517588 1.05778 -0.182578
H: -5.18666 -1.19749 -0.732937
157
gcm: 0.518259 1.05768 -0.171255
H: -4.78911 -1.24641 -1.03652
158
gcm: 0.518598 1.0569 -0.160233
H: -5.41915 -0.970549 0.172442
159
gcm: 0.518803 1.05677 -0.149343
H: -4.9913 -0.921395 0.0054445
160
gcm: 0.519092 1.05662 -0.138741
H: -4.27777 -1.01472 -0.715719
161
gcm: 0.519121 1.05515 -0.127808
H: -4.20691 -0.654877 1.75383
162
gcm: 0.519327 1.05394 -0.116714
H: -4.17442 -0.317969 1.63194
163
gcm: 0.519611 1.05334 -0.106055
H: -4.69603 -0.148701 1.62669
164
gcm: 0.520044 1.05222 -0.0956479
H: -3.35666 -0.502856 1.00625
165
gcm: 0.520603 1.05077 -0.0849678
H: -2.95426 -0.470085 0.982931
166
gcm: 0.521235 1.04908 -0.074001
H: -2.48574 -0.376389 1.22974
167
gcm: 0.521917 1.04774 -0.0631824
H: -3.55569 -0.317063 1.45037
168
gcm: 0.522814 1.04649 -0.0521006
H: -3.07253 -0.204816 1.17521
169
gcm: 0.524112 1.04468 -0.0402309
H: 0.516048 -0.457571 -0.369145
170
gcm: 0.525247 1.04252 -0.028168
H: 2.05223 -0.730142 -0.72986
171
gcm: 0.525886 1.0417 -0.015924
H: 1.89089 -0.602998 0.284648
172
gcm: 0.526948 1.04036 -0.00351423
H: 2.01884 -0.713264 -0.0191686
173
gcm: 0.528571 1.03827 0.00878077
H: 2.55174 -0.918118 -1.35088
174
gcm: 0.530209 1.03679 0.0212471
H: 3.01391 -0.798618 -1.41477
175
gcm: 0.531921 1.03491 0.0342874
H: 3.3066 -0.658258 -0.736588
176
gcm: 0.533461 1.03256 0.047656
H: 3.30462 -0.47496 0.266701
177
gcm: 0.534835 1.0302 0.0608428
H: 3.49351 -0.419291 0.539442
178
gcm: 0.53628 1.02784 0.0739508
H: 4.24904 -0.431837 0.149999
179
gcm: 0.537583 1.02596 0.0873497
H: 6.05218 -0.0785754 1.01967
180
gcm: 0.539116 1.02586 0.101086
H: 6.78229 -0.459042 0.236091
181
gcm: 0.541158 1.02668 0.11506
H: 6.92295 -0.792882 -1.03923
182
gcm: 0.543307 1.02637 0.128898
H: 6.10724 -0.765309 -0.701628
183
gcm: 0.545794 1.0255 0.14264
H: 6.01367 -0.597596 -0.687672
184
gcm: 0.548407 1.02573 0.156588
H: 6.42076 -0.589537 -1.30722
185
gcm: 0.550667 1.02601 0.170441
H: 6.65853 -0.883835 -0.635927
186
gcm: 0.552832 1.02561 0.183817
H: 6.78751 -1.27458 -0.0576883
187
gcm: 0.555167 1.02459 0.198722
H: 12.1603 -1.5104 -0.527596
188
gcm: 0.55757 1.02447 0.213576
H: 10.5001 -1.1953 -0.335459
189
gcm: 0.560019 1.02494 0.22837
H: 9.44669 -0.98351 -0.405111
190
gcm: 0.562513 1.02555 0.242926
H: 8.99863 -1.1832 -0.738301
191
gcm: 0.564773 1.02575 0.256515
H: 8.08199 -1.12444 -0.707661
192
gcm: 0.566817 1.02671 0.269282
H: 5.9391 -0.639002 -1.30907
193
gcm: 0.568916 1.0288 0.282435
H: 5.32653 -0.457499 -1.97962
194
gcm: 0.571097 1.03015 0.295801
H: 5.64848 -0.589714 -1.41829
195
gcm: 0.573092 1.03044 0.308431
H: 5.23635 -0.773821 -1.2782
196
gcm: 0.574809 1.03177 0.32083
H: 3.6598 -0.652827 -0.831415
197
gcm: 0.576298 1.03365 0.333341
H: 1.69755 -0.177722 0.401192
198
gcm: 0.57761 1.03465 0.345598
H: 1.00021 0.276476 -0.167636
199
gcm: 0.578837 1.03671 0.357782
H: 1.00359 0.372761 -0.70564
200
gcm: 0.579882 1.03939 0.369547
H: 0.583519 0.453309 -0.0651015
201
gcm: 0.580951 1.0414 0.380991
H: -0.000146266 0.659971 0.311849
202
gcm: 0.581947 1.04271 0.392446
H: -0.552647 0.77716 0.796697
203
gcm: 0.582769 1.04457 0.404012
H: -1.16596 0.976978 0.529767
204
gcm: 0.583885 1.04745 0.415609
H: -1.12795 1.08731 -0.410524
205
gcm: 0.585078 1.04996 0.426853
H: -1.38666 1.11318 -0.326995
206
gcm: 0.586162 1.05225 0.437829
H: -2.26594 1.13856 -0.349205
207
gcm: 0.587144 1.05505 0.449128
H: -2.48387 1.22312 -0.303959
208
gcm: 0.588142 1.05711 0.460424
H: -2.43356 1.42495 -0.16541
209
gcm: 0.588951 1.05912 0.471371
H: -3.26796 1.55854 0.323355
210
gcm: 0.589705 1.06205 0.481918
H: -3.09305 1.20466 0.590007
211
gcm: 0.590529 1.06485 0.492872
H: -3.61213 1.39593 0.214496
212
gcm: 0.591323 1.06641 0.503996
H: -2.95145 1.37289 0.269872
213
gcm: 0.592032 1.06699 0.514856
H: -2.40533 1.3345 0.428094
214
gcm: 0.5928 1.06817 0.525891
H: -2.45236 1.30428 0.490244
215
gcm: 0.593616 1.06945 0.536655
H: -2.66411 1.30991 0.162298
216
gcm: 0.594183 1.07043 0.547192
H: -2.79813 1.21432 0.573748
217
gcm: 0.594599 1.07065 0.557729
H: -3.37341 1.24917 0.91563
218
gcm: 0.595118 1.07164 0.568643
H: -3.41139 1.20844 0.608566
219
gcm: 0.595786 1.0727 0.579838
H: -3.1061 1.16268 0.353868
220
gcm: 0.596576 1.07309 0.590651
H: -3.61647 1.06031 0.0758228
221
gcm: 0.5972 1.07323 0.601325
H: -3.63269 1.07924 0.410127
222
gcm: 0.597688 1.07341 0.61216
H: -3.40674 1.12509 0.430542
223
gcm: 0.597118 1.07292 0.621743
H: -4.88014 1.60003 2.32507
224
gcm: 0.598421 1.07364 0.632619
H: -3.76921 0.780349 -1.97649
225
gcm: 0.599228 1.0748 0.643967
H: -3.61201 0.902626 -0.443454
226
gcm: 0.5996 1.07585 0.654407
H: -4.39277 1.02301 0.542325
227
gcm: 0.599821 1.07673 0.665202
H: -4.20221 1.00849 0.544018
228
gcm: 0.600368 1.07693 0.676226
H: -4.46921 0.867596 -0.0100397
229
gcm: 0.601086 1.07658 0.686663
H: -5.15049 0.806721 -0.136685
230
gcm: 0.601393 1.07689 0.697573
H: -4.41271 0.950376 0.376586
231
gcm: 0.601702 1.07717 0.708594
H: -3.93669 0.820459 0.115253
232
gcm: 0.602097 1.07678 0.718921
H: -4.74003 0.805043 0.188358
233
gcm: 0.602387 1.07621 0.729287
H: -4.77499 0.758874 0.0739767
234
gcm: 0.602654 1.07578 0.739896
H: -4.88636 0.759595 0.0620995
235
gcm: 0.602884 1.07514 0.750369
H: -5.16293 0.776058 0.166341
236
gcm: 0.603205 1.07422 0.760809
H: -5.25347 0.820315 -0.74824
237
gcm: 0.603627 1.0739 0.77145
H: -5.53803 0.785049 -0.887788
238
gcm: 0.604025 1.07378 0.781893
H: -5.97743 0.525399 -0.874555
239
gcm: 0.60395 1.07347 0.791583
H: -8.09075 0.511985 -0.93677
240
gcm: 0.603877 1.07245 0.803072
H: -3.07478 0.28747 -0.499663
241
gcm: 0.604244 1.07118 0.814158
H: -3.36917 -0.0761969 -1.67913
242
gcm: 0.604684 1.06982 0.825282
H: -2.9294 -0.300269 -2.08439
243
gcm: 0.604573 1.06826 0.837039
H: -2.30047 -0.356141 -1.55336
244
gcm: 0.60469 1.06621 0.848981
H: -2.14786 -0.542836 -2.23271
245
gcm: 0.604935 1.064 0.860411
H: -2.14602 -0.491078 -2.4859
246
gcm: 0.604843 1.0622 0.871822
H: -1.2267 -0.345068 -1.83462
247
gcm: 0.604481 1.06017 0.883609
H: -0.123387 -0.0735386 -1.23381
248
gcm: 0.603618 1.05774 0.895486
H: 0.756258 0.26795 -0.000902478
249
gcm: 0.602465 1.05559 0.907836
H: 0.546874 0.489293 1.4553
250
gcm: 0.601336 1.0537 0.920385
H: 0.44707 0.827502 2.25851
251
gcm: 0.60047 1.0518 0.932792
H: 2.43953 1.08416 1.99568
252
gcm: 0.599892 1.04932 0.945468
H: 4.13041 0.979093 0.777908
253
gcm: 0.598898 1.04657 0.958665
H: 4.06295 0.752408 1.12441
254
gcm: 0.597521 1.04422 0.97209
H: 4.0278 0.637568 2.17227
255
gcm: 0.596543 1.04187 0.985436
H: 4.10117 0.644524 1.21101
256
gcm: 0.595802 1.03912 0.998942
H: 4.33553 0.652181 0.473336
257
gcm: 0.594962 1.03659 1.01272
H: 5.57466 0.516639 0.838034
258
gcm: 0.5944 1.03588 1.02662
H: 6.26472 0.421397 0.420559
259
gcm: 0.59374 1.03619 1.04065
H: 6.29924 0.450457 0.630154
260
gcm: 0.592218 1.03557 1.05472
H: 6.76232 0.606347 1.77362
261
gcm: 0.59052 1.0344 1.06867
H: 6.1222 0.784892 1.77725
262
gcm: 0.589274 1.03331 1.08239
H: 5.85608 0.867642 1.05593
263
gcm: 0.588004 1.03283 1.09619
H: 7.25365 1.11429 0.459877
264
gcm: 0.586514 1.03328 1.11033
H: 6.81367 1.10965 0.42971
265
gcm: 0.585067 1.03363 1.12406
H: 4.53594 0.802218 0.771592
266
gcm: 0.583563 1.03347 1.13709
H: 3.80706 0.723756 0.372617
267
gcm: 0.581942 1.03286 1.14983
H: 4.67619 0.877382 -0.22396
268
gcm: 0.580851 1.03209 1.16352
H: 7.78505 0.970997 -0.17651
269
gcm: 0.580459 1.0318 1.17915
H: 13.075 0.843652 0.300196
270
gcm: 0.579263 1.03272 1.19352
H: 8.63805 0.791633 0.988016
271
gcm: 0.577665 1.03384 1.20756
H: 7.09995 0.809675 1.8614
272
gcm: 0.576121 1.03514 1.22117
H: 6.36465 0.738134 1.44853
273
gcm: 0.574864 1.03665 1.2345
H: 6.08233 0.70188 0.338458
274
gcm: 0.574268 1.03887 1.2477
H: 5.07233 0.658708 -0.55161
275
gcm: 0.573762 1.04116 1.26034
H: -0.48484 -0.218284 0.438605
276
gcm: 0.573067 1.04319 1.27278
H: 3.44433 0.0895625 -1.10663
277
gcm: 0.572414 1.04553 1.28559
H: 2.87078 0.48889 -0.207121
278
gcm: 0.571724 1.04825 1.29815
H: -0.306311 -0.236472 -0.140155
279
gcm: 0.571239 1.05085 1.31057
H: -0.203216 -0.408762 -0.0567856
280
gcm: 0.570869 1.05341 1.32266
H: -0.0524429 -0.564614 -0.129254
281
gcm: 0.570315 1.05578 1.33452
H: 0.85532 -0.542026 -0.355033
282
gcm: 0.569741 1.05756 1.3459
H: 1.63807 -0.57065 -1.15304
283
gcm: 0.569548 1.06042 1.35778
H: -3.85878 -0.683269 0.548976
284
gcm: 0.569267 1.06298 1.36908
H: 1.07338 -1.09793 -2.88647
285
gcm: 0.568952 1.06522 1.38057
H: -1.62309 -1.05652 -0.206757
286
gcm: 0.569432 1.06833 1.39148
H: -2.69085 -1.23185 -0.947001
287
gcm: 0.56946 1.07073 1.40501
H: -5.46376 -1.09109 3.54114
288
gcm: 0.568728 1.07298 1.41483
H: -1.32799 -0.958634 -1.15881
289
gcm: 0.569365 1.07489 1.42743
H: 2.12264 -1.36683 -2.83051
290
gcm: 0.569073 1.07622 1.43762
H: -4.70397 -1.16446 -0.140894
291
gcm: 0.568595 1.07739 1.44923
H: -3.21639 -1.28244 -0.210063
292
gcm: 0.568553 1.07885 1.4609
H: -5.14488 -1.11925 1.16028
293
gcm: 0.568965 1.07955 1.4739
H: 0.637138 -1.25926 -1.05005
294
gcm: 0.568425 1.07994 1.48351
H: -3.89707 -0.947674 0.339764
295
gcm: 0.567963 1.08059 1.49361
H: -3.42664 -1.0744 -0.542555
296
gcm: 0.567719 1.08117 1.50562
H: -3.37154 -1.03328 0.589266
297
gcm: 0.567521 1.0816 1.51771
H: -3.8769 -1.11947 0.563428
298
gcm: 0.567849 1.08215 1.52841
H: -4.76985 -1.2048 -0.199441
299
gcm: 0.56833 1.08227 1.53936
H: -4.02804 -1.25152 -1.07012
300
gcm: 0.568448 1.08223 1.55297
H: -1.479 -1.13141 -0.727748
301
gcm: 0.568127 1.08229 1.5645
H: -3.72169 -0.98565 0.646884
302
gcm: 0.567978 1.0828 1.57406
H: -5.0965 -1.05677 0.246651
303
gcm: 0.568398 1.08383 1.58659
H: -3.59134 -1.25741 -0.866553
304
gcm: 0.568815 1.085 1.59813
H: -5.55657 -1.34959 -0.545735
305
gcm: 0.568664 1.08565 1.6106
H: -3.12196 -1.06213 0.175098
306
gcm: 0.568448 1.08531 1.61928
H: -7.59424 -1.08296 0.636336
307
gcm: 0.568995 1.08442 1.63203
H: -2.81789 -1.18724 -0.157662
308
gcm: 0.569146 1.08394 1.64177
H: -8.02946 -1.25469 -0.275205
309
gcm: 0.569424 1.08369 1.65354
H: -4.18645 -1.24289 -0.810621
310
gcm: 0.569482 1.08347 1.66347
H: -6.48028 -1.28287 -0.6544
311
gcm: 0.569691 1.08336 1.67617
H: -4.13637 -1.11821 -0.322541
312
gcm: 0.569856 1.08254 1.68813
H: -5.5397 -1.10057 0.0759788
313
gcm: 0.569982 1.08113 1.69876
H: -4.45955 -1.13332 -0.116622
314
gcm: 0.570443 1.07989 1.70973
H: -4.90497 -1.08681 0.0962417
315
gcm: 0.571091 1.07954 1.72168
H: -3.97669 -0.863327 -0.00562979
316
gcm: 0.57156 1.07894 1.73364
H: -3.85081 -0.586057 0.409449
317
gcm: 0.571631 1.07767 1.74517
H: -4.22459 -0.43043 1.26441
318
gcm: 0.57164 1.07688 1.755
H: -3.59172 -0.233309 1.88272
319
gcm: 0.572379 1.07626 1.76693
H: -3.40967 -0.0705539 0.837759
320
gcm: 0.573514 1.07544 1.77922
H: -1.45474 -0.0702218 0.888801
321
gcm: 0.57374 1.07405 1.78915
H: -3.60193 -0.00127973 2.5843
322
gcm: 0.573901 1.07148 1.80066
H: 0.772287 -0.115499 2.9056
323
gcm: 0.575361 1.07101 1.81122
H: -8.19286 -0.317512 -0.241113
324
gcm: 0.576567 1.07037 1.82224
H: 2.04984 -0.614046 -0.945077
325
gcm: 0.576288 1.06921 1.83465
H: 1.05022 -1.19215 1.0169
326
gcm: 0.577545 1.06588 1.847
H: 2.68209 -0.785902 -0.0884452
327
gcm: 0.57928 1.06526 1.86027
H: 1.59246 -0.277073 -0.589713
328
gcm: 0.580552 1.06371 1.87229
H: 4.14012 -0.946707 -0.0495324
329
gcm: 0.581648 1.06087 1.8855
H: 4.45527 -0.00217117 -0.794992
330
gcm: 0.583221 1.05913 1.89912
H: 7.27431 -0.457698 -0.238957
331
gcm: 0.584897 1.05838 1.9141
H: 9.8222 -0.667774 -0.974712
332
gcm: 0.586502 1.0582 1.93098
H: 11.1009 -0.737855 -1.06071
333
gcm: 0.587912 1.05813 1.94519
H: 7.47601 -0.444259 0.388761
334
gcm: 0.590367 1.05782 1.9577
H: 9.2507 -0.827085 -0.0162843
335
gcm: 0.592073 1.05767 1.9724
H: 3.60255 -0.42391 -0.564993
336
gcm: 0.594474 1.05801 1.98699
H: 4.07404 -0.674623 -1.67402
337
gcm: 0.596638 1.0581 1.99997
H: 8.88015 -1.25434 -0.294825
338
gcm: 0.598371 1.05703 2.01442
H: 6.82536 -1.17676 -0.336908
339
gcm: 0.601159 1.05646 2.0275
H: 9.84206 -1.34831 -0.833928
340
gcm: 0.602437 1.05687 2.04275
H: 7.11139 -0.580288 0.303785
341
gcm: 0.604034 1.05773 2.05533
H: 6.36762 -0.689228 0.311533
342
gcm: 0.605639 1.05834 2.0715
H: 11.4619 -0.945278 -0.138183
343
gcm: 0.607899 1.05929 2.08568
H: 8.00467 -0.906173 -0.916375
344
gcm: 0.610119 1.06108 2.1
H: 5.80633 -0.567714 -1.24355
345
gcm: 0.611833 1.06288 2.11211
H: 5.46991 -0.856731 -0.284104
346
gcm: 0.614382 1.06463 2.12708
H: 7.72838 -0.863187 -2.27841
347
gcm: 0.616797 1.0673 2.14033
H: 7.64509 -1.2241 -1.70589
348
gcm: 0.618615 1.07028 2.15432
H: -0.535144 -0.535598 0.391017
349
gcm: 0.61921 1.0727 2.1669
H: 2.67649 -0.711573 0.374305
350
gcm: 0.620654 1.07528 2.17885
H: 2.00244 -0.286542 0.71838
351
gcm: 0.621329 1.0783 2.1911
H: 1.56526 -0.053911 0.0909319
352
gcm: 0.623907 1.08114 2.20351
H: 0.326583 0.318322 2.06137
353
gcm: 0.630459 1.08344 2.2163
H: -0.55329 0.743394 5.28388
354
gcm: 0.630471 1.08709 2.22672
H: 1.13364 0.261886 -0.537949
355
gcm: 0.633295 1.08992 2.23935
H: -0.556513 0.611359 1.67395
356
gcm: 0.633156 1.09297 2.2507
H: -0.940121 0.386414 -0.497412
357
gcm: 0.633662 1.09621 2.26153
H: -1.29878 0.527874 -0.213812
358
gcm: 0.635299 1.09894 2.27219
H: -1.78245 0.800956 1.1672
359
gcm: 0.628363 1.10342 2.2875
H: -3.81609 -0.115968 -7.91978
360
gcm: 0.630702 1.10586 2.29852
H: -2.47518 0.876313 -0.0714353
361
gcm: 0.632032 1.10812 2.30944
H: -1.6393 0.927261 0.153182
362
gcm: 0.632032 1.10812 2.30944
H: 0 0 0
363
gcm: 0.632032 1.10812 2.30944
H: 0 0 0
364
gcm: 0.632032 1.10812 2.30944
H: 0 0 0
365
gcm: 0.632032 1.10812 2.30944
H: 0 0 0
366
gcm: 0.632032 1.10812 2.30944
H: 0 0 0
367
gcm: 0.632032 1.10812 2.30944
H: 0 0 0
368
gcm: 0.632032 1.10812 2.30944
H: 0 0 0
369
gcm: 0.632032 1.10812 2.30944
H: 0 0 0
370
gcm: 0.632032 1.10812 2.30944
H: 0 0 0
371
gcm: 0.632032 1.10812 2.30944
H: 0 0 0
372
gcm: 0.632032 1.10812 2.30944
H: 0 0 0
373
gcm: 0.632032 1.10812 2.30944
H: 0 0 0
374
gcm: 0.632032 1.10812 2.30944
H: 0 0 0
375
gcm: 0.632032 1.10812 2.30944
H: 0 0 0
376
gcm: 0.632032 1.10812 2.30944
H: 0 0 0
377
gcm: 0.632032 1.10812 2.30944
H: 0 0 0
378
gcm: 0.632032 1.10812 2.30944
H: 0 0 0
379
gcm: 0.632032 1.10812 2.30944
H: 0 0 0
380
gcm: 0.632032 1.10812 2.30944
H: 0 0 0
381
gcm: 0.632032 1.10812 2.30944
H: 0 0 0
382
gcm: 0.632032 1.10812 2.30944
H: 0 0 0
383
gcm: 0.632032 1.10812 2.30944
H: 0 0 0
384
gcm: 0.632032 1.10812 2.30944
H: 0 0 0
385
gcm: 0.632032 1.10812 2.30944
H: 0 0 0
386
gcm: 0.632032 1.10812 2.30944
H: 0 0 0
387
gcm: 0.632032 1.10812 2.30944
H: 0 0 0
388
gcm: 0.632032 1.10812 2.30944
H: 0 0 0
389
gcm: 0.632032 1.10812 2.30944
H: 0 0 0
390
gcm: 0.632032 1.10812 2.30944
H: 0 0 0
391
gcm: 0.632032 1.10812 2.30944
H: 0 0 0
392
gcm: 0.632032 1.10812 2.30944
H: 0 0 0
393
gcm: 0.632032 1.10812 2.30944
H: 0 0 0
394
gcm: 0.632032 1.10812 2.30944
H: 0 0 0
395
gcm: 0.632032 1.10812 2.30944
H: 0 0 0
396
gcm: 0.632032 1.10812 2.30944
H: 0 0 0
397
gcm: 0.632032 1.10812 2.30944
H: 0 0 0
398
gcm: 0.632032 1.10812 2.30944
H: 0 0 0
399
gcm: 0.632032 1.10812 2.30944
H: 0 0 0
400
gcm: 0.632032 1.10812 2.30944
H: 0 0 0
401
gcm: 0.632032 1.10812 2.30944
H: 0 0 0
402
gcm: 0.632032 1.10812 2.30944
H: 0 0 0
403
gcm: 0.632032 1.10812 2.30944
H: 0 0 0
404
gcm: 0.632032 1.10812 2.30944
H: 0 0 0
405
gcm: 0.632032 1.10812 2.30944
H: 0 0 0
406
gcm: 0.632032 1.10812 2.30944
H: 0 0 0
407
gcm: 0.632032 1.10812 2.30944
H: 0 0 0
408
gcm: 0.632032 1.10812 2.30944
H: 0 0 0
409
gcm: 0.632032 1.10812 2.30944
H: 0 0 0
410
gcm: 0.632032 1.10812 2.30944
H: 0 0 0
411
gcm: 0.632032 1.10812 2.30944
H: 0 0 0
412
gcm: 0.632032 1.10812 2.30944
H: 0 0 0
413
gcm: 0.632032 1.10812 2.30944
H: 0 0 0
414
gcm: 0.632032 1.10812 2.30944
H: 0 0 0
415
gcm: 0.632032 1.10812 2.30944
H: 0 0 0
416
gcm: 0.632032 1.10812 2.30944
H: 0 0 0
416
gcm: 0.632032 1.10812 2.30944
H: 0 0 0
