:metadata
 
Skeleton: /Network/Servers/duerer/Volumes/duerer/laturnus/workspace/new_acm/mocapPlayer/mocapPlayer/07-walk.asf
Motion: /Network/Servers/duerer/Volumes/duerer/laturnus/workspace/new_acm/amc/07_04-walk.amc
Mass Distribution: /Network/Servers/duerer/Volumes/duerer/laturnus/workspace/new_acm/amd/pointmass.amd
 
Inital skeleton translation: 0 0 0
Initial skeleton rotation: 0 0 0
 
:data
1
gcm: 0.512704 0.87263 -1.87488
H: 3.42892 0.594949 -0.498193
2
gcm: 0.512291 0.873007 -1.86658
H: -0.105745 -0.493438 1.02036
3
gcm: 0.51162 0.873203 -1.85784
H: -3.1856 -0.603089 0.372831
4
gcm: 0.511023 0.873356 -1.84931
H: 0.321534 0.983769 -1.78685
5
gcm: 0.511123 0.873037 -1.84218
H: 9.73775 1.42252 -3.16563
6
gcm: 0.5119 0.873701 -1.83327
H: -15.7376 -3.74011 6.32806
7
gcm: 0.511862 0.873468 -1.82481
H: 2.49155 0.360158 -0.113484
8
gcm: 0.511126 0.872916 -1.81637
H: -1.26219 -0.297273 0.29581
9
gcm: 0.510669 0.872641 -1.80805
H: -3.31135 -0.46015 -0.398549
10
gcm: 0.510863 0.872508 -1.79948
H: -0.28021 0.0739667 -0.895076
11
gcm: 0.511048 0.872055 -1.79067
H: 1.09374 0.1232 -0.321669
12
gcm: 0.511332 0.871325 -1.78223
H: -1.08329 -0.249231 -0.254729
13
gcm: 0.511722 0.870572 -1.77393
H: -2.39868 -0.436181 -0.652776
14
gcm: 0.511825 0.869965 -1.76521
H: -2.0238 -0.366315 -0.282375
15
gcm: 0.511806 0.869703 -1.75641
H: -0.427398 -0.134669 -0.34912
16
gcm: 0.512004 0.869457 -1.74814
H: 2.44537 0.278271 -1.53126
17
gcm: 0.512129 0.869471 -1.73997
H: -7.6902 -0.944471 2.11579
18
gcm: 0.512092 0.869506 -1.73149
H: -5.83074 -0.645447 1.42865
19
gcm: 0.512335 0.868993 -1.72276
H: -2.29242 -0.440067 0.413866
20
gcm: 0.512548 0.869001 -1.7144
H: 1.12834 -0.180385 -0.688899
21
gcm: 0.512517 0.870306 -1.70596
H: 0.54556 -0.267511 -0.684638
22
gcm: 0.512635 0.87118 -1.69725
H: -0.443362 -0.398912 0.0563829
23
gcm: 0.5128 0.8708 -1.68893
H: -0.155219 -0.270039 0.390158
24
gcm: 0.512985 0.87062 -1.6806
H: -0.704638 -0.185873 0.00283289
25
gcm: 0.513195 0.871316 -1.67203
H: -0.753339 -0.337391 0.203052
26
gcm: 0.513101 0.872242 -1.66386
H: -0.519864 -0.400567 0.69534
27
gcm: 0.513303 0.873092 -1.65604
H: -1.08364 -0.313602 0.708481
28
gcm: 0.513775 0.873421 -1.64805
H: -2.48715 -0.273008 0.366443
29
gcm: 0.513625 0.873159 -1.63994
H: -1.20195 -0.348377 -0.25136
30
gcm: 0.513799 0.872976 -1.63174
H: 0.531767 -0.400151 -0.41972
31
gcm: 0.51445 0.87301 -1.62351
H: -0.50443 -0.304762 0.215825
32
gcm: 0.514446 0.873908 -1.61579
H: -0.842591 -0.341284 0.40789
33
gcm: 0.514311 0.875312 -1.60819
H: -1.56057 -0.227163 -0.27501
34
gcm: 0.514668 0.875975 -1.60039
H: -2.58435 -0.0149891 -0.360824
35
gcm: 0.515103 0.876297 -1.59279
H: -2.53336 -0.128871 0.243454
36
gcm: 0.51529 0.876933 -1.58523
H: -1.05758 -0.349316 -0.069991
37
gcm: 0.516104 0.877525 -1.57853
H: 1.19551 0.331128 -0.294346
38
gcm: 0.516944 0.877807 -1.57183
H: -0.5402 0.292112 0.516968
39
gcm: 0.516907 0.877959 -1.56392
H: -2.02861 0.031599 1.16123
40
gcm: 0.516883 0.878037 -1.556
H: -1.44428 -0.034751 0.455742
41
gcm: 0.517268 0.877991 -1.54912
H: -0.636865 0.288765 0.0829063
42
gcm: 0.517803 0.878558 -1.54245
H: 0.813083 0.235743 0.400568
43
gcm: 0.518012 0.878618 -1.5355
H: 0.0836996 0.484548 0.516927
44
gcm: 0.518146 0.878509 -1.52883
H: -0.671513 0.342025 0.716706
45
gcm: 0.518727 0.878396 -1.52246
H: 0.902262 -0.288442 0.6615
46
gcm: 0.519671 0.877841 -1.51539
H: 0.715611 -0.145041 -0.630316
47
gcm: 0.520351 0.877334 -1.508
H: 0.0435896 -0.0835689 -1.00262
48
gcm: 0.520948 0.876351 -1.50118
H: 0.0432556 -0.0719084 -0.205197
49
gcm: 0.521992 0.8753 -1.49445
H: -1.41905 0.0433793 0.433989
50
gcm: 0.523074 0.874393 -1.48712
H: -0.730232 -0.175603 0.00257554
51
gcm: 0.523488 0.874273 -1.48014
H: 1.82776 -0.365366 -0.0407777
52
gcm: 0.523676 0.87408 -1.47339
H: 2.5539 -0.219354 -0.304617
53
gcm: 0.524464 0.872026 -1.46612
H: 0.83806 -0.187949 -1.05355
54
gcm: 0.525205 0.870351 -1.45913
H: -0.520503 -0.274361 -0.8426
55
gcm: 0.526055 0.868507 -1.45248
H: -0.568261 -0.0731226 0.0164247
56
gcm: 0.527258 0.866565 -1.44542
H: -0.715947 0.0412109 -0.017496
57
gcm: 0.528181 0.865734 -1.43812
H: -0.321165 0.0926533 -0.110355
58
gcm: 0.529213 0.866064 -1.4309
H: 1.66693 0.0792312 0.365756
59
gcm: 0.530636 0.86648 -1.42319
H: 4.35953 -0.198405 -0.38656
60
gcm: 0.532128 0.866478 -1.41482
H: 3.85805 -0.0904616 -1.27424
61
gcm: 0.533615 0.866031 -1.40672
H: 1.04249 0.179029 -0.830342
62
gcm: 0.535058 0.865337 -1.39938
H: 1.05502 -0.0235141 -0.151158
63
gcm: 0.536459 0.864471 -1.39232
H: 2.81013 -0.297477 -0.00280989
64
gcm: 0.537852 0.863827 -1.38507
H: 4.52626 -0.44601 0.064319
65
gcm: 0.539081 0.863767 -1.37751
H: 3.50516 -0.317721 -0.0540014
66
gcm: 0.540329 0.86372 -1.36958
H: -1.01465 0.126401 -0.567449
67
gcm: 0.541663 0.863707 -1.36151
H: 0.0678503 0.0834175 -0.586976
68
gcm: 0.542938 0.864234 -1.35364
H: 3.48991 -0.218031 -0.472228
69
gcm: 0.544456 0.865199 -1.3459
H: 2.99768 -0.25026 -0.283524
70
gcm: 0.546302 0.86599 -1.33751
H: 1.79444 -0.0873014 -0.278904
71
gcm: 0.548101 0.866663 -1.32947
H: 1.53424 -0.296713 0.281086
72
gcm: 0.549661 0.867185 -1.32156
H: 1.09855 -0.101949 -0.126017
73
gcm: 0.551048 0.867629 -1.31384
H: 1.07959 0.143346 -0.199283
74
gcm: 0.552751 0.868172 -1.30591
H: 3.13417 -0.235492 0.131119
75
gcm: 0.554568 0.869181 -1.29754
H: 3.91381 -0.619421 0.306795
76
gcm: 0.556315 0.870537 -1.28941
H: 2.86098 -0.506705 0.478932
77
gcm: 0.557779 0.872044 -1.2819
H: 2.40357 -0.257773 0.553694
78
gcm: 0.558933 0.872922 -1.27478
H: 2.41956 -0.151424 0.559444
79
gcm: 0.560312 0.873567 -1.26741
H: 2.20984 -0.250625 0.474047
80
gcm: 0.561622 0.87521 -1.25939
H: 1.64458 -0.32584 0.5111
81
gcm: 0.562808 0.877078 -1.25101
H: 1.51698 -0.321249 0.958874
82
gcm: 0.564198 0.878522 -1.24272
H: 0.733779 -0.207896 0.83817
83
gcm: 0.565369 0.879916 -1.23471
H: 1.32466 -0.478685 0.731266
84
gcm: 0.566385 0.881283 -1.22668
H: 1.10622 -0.432519 0.466962
85
gcm: 0.56778 0.882531 -1.21821
H: -1.3363 0.187519 -0.144704
86
gcm: 0.569263 0.883749 -1.20979
H: -0.517545 0.0063945 -0.101523
87
gcm: 0.57059 0.885066 -1.20149
H: 1.13498 -0.360246 0.219208
88
gcm: 0.571709 0.886465 -1.19274
H: 0.203527 -0.120368 0.44049
89
gcm: 0.57251 0.887847 -1.18398
H: -2.79443 0.356593 0.211971
90
gcm: 0.573328 0.889231 -1.17544
H: -2.66068 0.284324 0.0354593
91
gcm: 0.574205 0.890476 -1.1669
H: 0.517676 -0.498188 0.257038
92
gcm: 0.574978 0.891357 -1.15801
H: 0.111503 -0.438081 0.294946
93
gcm: 0.575856 0.892326 -1.14888
H: -0.740528 0.463488 0.204556
94
gcm: 0.576842 0.893133 -1.14018
H: -0.479544 0.00335457 -0.066176
95
gcm: 0.577624 0.893572 -1.1307
H: -2.78661 0.667253 -0.716145
96
gcm: 0.578343 0.894908 -1.12079
H: -3.5516 0.326943 -0.320961
97
gcm: 0.578416 0.8954 -1.11275
H: 0.469787 -0.193371 0.132991
98
gcm: 0.578896 0.895672 -1.10428
H: 2.6836 -0.427612 0.723494
99
gcm: 0.579339 0.895959 -1.0953
H: -1.43293 0.101124 -0.654964
100
gcm: 0.579933 0.89599 -1.08647
H: -5.89883 0.86249 -1.70012
101
gcm: 0.581042 0.895336 -1.07722
H: -3.54981 0.881868 -0.923103
102
gcm: 0.582417 0.895143 -1.06788
H: 0.0896383 0.483762 -0.00710921
103
gcm: 0.582973 0.894615 -1.05931
H: -0.871048 0.394988 0.193849
104
gcm: 0.58274 0.894154 -1.05068
H: -1.60087 0.255862 0.356963
105
gcm: 0.582588 0.893994 -1.04151
H: -0.943174 -0.422692 0.392208
106
gcm: 0.582918 0.893682 -1.03208
H: -1.86331 -0.0492841 -0.426519
107
gcm: 0.58361 0.893413 -1.02237
H: -2.38535 0.0426082 0.371448
108
gcm: 0.584185 0.892818 -1.01317
H: -0.557381 0.0573097 0.622749
109
gcm: 0.584616 0.892265 -1.0041
H: -0.74828 0.164532 0.0115281
110
gcm: 0.584881 0.891938 -0.995151
H: -2.06826 0.219266 -0.29987
111
gcm: 0.584729 0.891501 -0.986418
H: -0.140109 0.193011 -0.323472
112
gcm: 0.584758 0.89146 -0.97735
H: 0.356363 0.125979 0.517912
113
gcm: 0.585236 0.891852 -0.968237
H: -3.0562 0.089502 0.374736
114
gcm: 0.585506 0.892011 -0.959432
H: -1.87625 0.160175 -0.357297
115
gcm: 0.585425 0.892045 -0.950916
H: 1.18018 0.423462 0.186368
116
gcm: 0.585605 0.892305 -0.942263
H: -0.0968538 0.474292 0.0241848
117
gcm: 0.585837 0.893013 -0.933785
H: -6.12179 0.244536 -1.93522
118
gcm: 0.585617 0.89367 -0.925528
H: 0.811331 -0.241844 1.36417
119
gcm: 0.584716 0.893914 -0.917207
H: -0.250646 0.158102 -0.176261
120
gcm: 0.584962 0.893842 -0.908723
H: -0.588449 0.319441 0.0175862
121
gcm: 0.585595 0.894037 -0.900353
H: -3.82775 0.401721 -0.015047
122
gcm: 0.584501 0.894834 -0.892464
H: -1.19398 0.52095 -0.238066
123
gcm: 0.583808 0.895762 -0.8844
H: -0.0812789 0.294035 0.489645
124
gcm: 0.584124 0.896357 -0.876212
H: -3.21407 -0.0550397 0.0129528
125
gcm: 0.584522 0.896881 -0.868051
H: -2.64013 0.291384 0.511963
126
gcm: 0.584113 0.897476 -0.860453
H: -0.462296 0.427535 1.21396
127
gcm: 0.583462 0.89839 -0.853699
H: 0.256862 -0.239488 -0.303587
128
gcm: 0.583074 0.899527 -0.846416
H: -0.451955 -0.364191 -0.662273
129
gcm: 0.582494 0.900316 -0.838248
H: -1.69395 0.238867 0.0829647
130
gcm: 0.581611 0.900728 -0.830593
H: -3.49836 0.02331 -0.671894
131
gcm: 0.580703 0.900761 -0.822957
H: -1.93764 -0.0858644 -0.720331
132
gcm: 0.580443 0.900718 -0.815205
H: 0.497962 0.204789 -0.484626
133
gcm: 0.581055 0.900521 -0.807484
H: -1.47381 0.130884 -0.100934
134
gcm: 0.581036 0.900273 -0.799852
H: -1.71797 0.0777559 0.159956
135
gcm: 0.579713 0.900404 -0.793027
H: -1.20247 -0.220699 -0.988474
136
gcm: 0.578289 0.900046 -0.785991
H: -2.11385 -0.297222 -1.22612
137
gcm: 0.577279 0.898618 -0.777985
H: -0.576131 0.190292 0.223054
138
gcm: 0.576437 0.897598 -0.770262
H: 0.878155 -0.117815 0.496094
139
gcm: 0.575366 0.897114 -0.762914
H: 0.550264 -0.273046 0.857079
140
gcm: 0.574191 0.89566 -0.755211
H: 0.419485 0.539595 1.15574
141
gcm: 0.573242 0.893753 -0.747748
H: 0.22273 0.455662 0.304382
142
gcm: 0.572383 0.892491 -0.740644
H: 0.695646 0.0910886 0.688484
143
gcm: 0.571381 0.891643 -0.733402
H: 1.64701 0.22754 0.644022
144
gcm: 0.570295 0.890313 -0.725973
H: 1.12833 0.157912 0.0846012
145
gcm: 0.569287 0.88843 -0.718085
H: 0.747966 0.141092 0.995536
146
gcm: 0.568154 0.887767 -0.71017
H: 0.332943 0.0647118 1.25983
147
gcm: 0.566889 0.887834 -0.702567
H: -0.492803 -0.127089 0.00585322
148
gcm: 0.565464 0.886703 -0.694463
H: 2.83565 0.178723 0.422721
149
gcm: 0.563832 0.885453 -0.686616
H: 4.90049 0.343624 1.09991
150
gcm: 0.562128 0.88461 -0.679907
H: 1.30912 -0.122568 0.327125
151
gcm: 0.560683 0.883505 -0.672525
H: -0.0408972 -0.272157 0.395822
152
gcm: 0.559559 0.882521 -0.664196
H: 1.0875 0.0630148 0.802535
153
gcm: 0.558356 0.8821 -0.656537
H: 1.08295 0.165192 0.514783
154
gcm: 0.556939 0.881486 -0.64935
H: 1.40764 0.0682185 0.0923451
155
gcm: 0.555685 0.880517 -0.642052
H: 2.4851 0.0424604 0.0356468
156
gcm: 0.554794 0.880124 -0.634719
H: 3.13666 0.283316 0.135837
157
gcm: 0.553752 0.880746 -0.627415
H: 2.4759 0.290987 -0.165626
158
gcm: 0.552654 0.88175 -0.620617
H: 0.985595 -0.212639 -0.247118
159
gcm: 0.551422 0.882049 -0.613907
H: -0.237418 -0.269875 -0.0453558
160
gcm: 0.549737 0.881938 -0.606725
H: 1.95445 0.358495 -0.369209
161
gcm: 0.54837 0.881888 -0.598806
H: 4.06673 0.463803 -0.131128
162
gcm: 0.547324 0.882385 -0.590517
H: 2.03918 0.20571 0.563547
163
gcm: 0.546257 0.883432 -0.582483
H: 1.94538 0.314088 0.263348
164
gcm: 0.545094 0.884419 -0.574845
H: 6.44093 1.1025 -1.80681
165
gcm: 0.543757 0.885319 -0.567584
H: 8.48568 1.61138 -2.4651
166
gcm: 0.542404 0.886766 -0.560028
H: 3.37472 0.83552 -0.726155
167
gcm: 0.541055 0.88846 -0.552277
H: 1.96062 0.864559 -0.610519
168
gcm: 0.539923 0.889804 -0.544563
H: -1.61676 -0.240282 0.570138
169
gcm: 0.539212 0.890861 -0.536924
H: 2.48757 0.446308 -0.165406
170
gcm: 0.538603 0.892563 -0.529127
H: 4.18774 1.17011 -1.06634
171
gcm: 0.538138 0.894132 -0.521247
H: 3.40332 0.844736 -1.37728
172
gcm: 0.537481 0.89553 -0.512739
H: -12.8153 -3.30145 3.282
173
gcm: 0.536947 0.896665 -0.505546
H: 16.1182 3.84727 -4.55925
174
gcm: 0.536848 0.898701 -0.497499
H: -6.83997 -1.68193 2.09939
175
gcm: 0.536235 0.900833 -0.489762
H: -0.649617 -0.372711 0.390772
176
gcm: 0.536498 0.902607 -0.480904
H: -1.36546 -0.0868276 0.431085
177
gcm: 0.536346 0.903226 -0.472676
H: 2.07679 0.925347 -0.631934
178
gcm: 0.535946 0.904104 -0.464293
H: -4.22006 -1.06139 1.07103
179
gcm: 0.535596 0.905295 -0.456271
H: -3.27912 -1.00983 0.621906
180
gcm: 0.534943 0.906235 -0.448551
H: 1.69413 0.277111 -0.572757
181
gcm: 0.534464 0.906942 -0.44075
H: 3.30385 0.667642 -0.542636
182
gcm: 0.534149 0.9073 -0.432304
H: -4.70719 -1.21858 1.6228
183
gcm: 0.534023 0.907141 -0.424367
H: 4.56386 0.94313 -1.15025
184
gcm: 0.534173 0.907537 -0.416082
H: -2.74926 -0.774017 1.07663
185
gcm: 0.534193 0.907539 -0.407598
H: 3.38531 0.79839 -2.49712
186
gcm: 0.534087 0.907195 -0.399021
H: -2.32027 -0.152038 -0.42391
187
gcm: 0.534218 0.907218 -0.391006
H: -4.77908 -0.961871 1.39714
188
gcm: 0.534296 0.907225 -0.382911
H: -2.85654 -0.678839 1.00988
189
gcm: 0.534332 0.906959 -0.374265
H: -1.0838 -0.365407 0.0967828
190
gcm: 0.53464 0.906395 -0.365964
H: -0.774473 -0.566372 -0.342376
191
gcm: 0.53527 0.905493 -0.35756
H: -0.0815866 -0.282023 -1.12185
192
gcm: 0.535915 0.904487 -0.348717
H: 1.45764 0.353411 -1.71901
193
gcm: 0.536122 0.90387 -0.340587
H: -2.49463 -0.138732 0.768603
194
gcm: 0.535964 0.903677 -0.332749
H: 1.35064 0.705475 -0.288496
195
gcm: 0.536066 0.903116 -0.324278
H: -2.11657 -0.322022 0.631851
196
gcm: 0.536526 0.902744 -0.315849
H: 0.11119 -0.447956 -0.204957
197
gcm: 0.537087 0.902664 -0.30771
H: 0.401905 -0.320661 -0.560981
198
gcm: 0.537669 0.902735 -0.299253
H: -4.28535 -0.621937 0.377507
199
gcm: 0.538326 0.904371 -0.290643
H: -3.35372 -0.418691 -0.0390444
200
gcm: 0.538898 0.905788 -0.282198
H: 1.41802 0.0681476 -0.868448
201
gcm: 0.539446 0.905706 -0.273553
H: 1.40324 -0.0726604 -0.262897
202
gcm: 0.540128 0.905705 -0.264964
H: -2.49692 -0.512653 0.617994
203
gcm: 0.540452 0.905629 -0.256814
H: -4.03591 -0.461174 0.595942
204
gcm: 0.540796 0.905766 -0.24866
H: -3.56819 -0.430378 0.400921
205
gcm: 0.541624 0.906467 -0.240481
H: -2.0741 -0.537312 0.799122
206
gcm: 0.54212 0.9069 -0.232268
H: -0.523 -0.464748 0.722069
207
gcm: 0.542477 0.906816 -0.223688
H: -1.52888 -0.214015 -0.631146
208
gcm: 0.543267 0.906613 -0.215061
H: -1.81286 -0.214599 -0.886025
209
gcm: 0.544085 0.906811 -0.206646
H: -1.0529 -0.320767 -0.0849185
210
gcm: 0.544516 0.907699 -0.198488
H: -2.77986 -0.239725 0.3065
211
gcm: 0.544746 0.90859 -0.190255
H: -2.35314 -0.274402 0.199847
212
gcm: 0.545256 0.908076 -0.182111
H: 1.73912 -0.327328 -0.705112
213
gcm: 0.545999 0.907005 -0.173926
H: 1.26238 -0.24618 -0.809466
214
gcm: 0.546746 0.906878 -0.16567
H: -0.0749544 -0.256094 -0.537351
215
gcm: 0.54752 0.907274 -0.157594
H: -1.14885 -0.321641 -0.18844
216
gcm: 0.54828 0.907427 -0.149653
H: -3.25 -0.154395 0.67851
217
gcm: 0.549073 0.907091 -0.141799
H: -0.852639 -0.269669 0.459036
218
gcm: 0.55005 0.906803 -0.133716
H: -0.303342 -0.37923 -0.46634
219
gcm: 0.550831 0.906584 -0.125451
H: -2.92098 0.057245 0.621181
220
gcm: 0.551903 0.906603 -0.118169
H: -2.86698 0.145877 1.4791
221
gcm: 0.552657 0.905853 -0.110978
H: -0.341225 -0.0543792 -0.386958
222
gcm: 0.553314 0.905189 -0.103532
H: 0.98929 -0.212425 -1.73388
223
gcm: 0.554229 0.905755 -0.0956282
H: 0.447302 -0.238522 -0.0792318
224
gcm: 0.5549 0.905729 -0.0875188
H: -0.587246 0.0214053 0.968306
225
gcm: 0.555939 0.904331 -0.0793904
H: 1.14183 0.17083 -0.353361
226
gcm: 0.557317 0.903565 -0.0714834
H: -0.218296 0.0249255 -0.0273658
227
gcm: 0.558091 0.902974 -0.0634662
H: 1.91481 -0.2056 -0.838078
228
gcm: 0.559169 0.902166 -0.0554304
H: -0.999894 -0.0875768 0.288211
229
gcm: 0.560729 0.901762 -0.0477831
H: -0.824473 0.0477472 -0.0986572
230
gcm: 0.562037 0.901202 -0.0402037
H: -0.639502 0.177844 -0.312866
231
gcm: 0.563163 0.900497 -0.0324513
H: -0.83377 0.161247 0.0276995
232
gcm: 0.564458 0.899572 -0.0245397
H: -1.60156 0.0824277 -0.0567146
233
gcm: 0.565609 0.898145 -0.0163699
H: 0.959091 -0.0712406 -0.877822
234
gcm: 0.56712 0.897177 -0.00795803
H: 5.76573 -0.28165 -1.89212
235
gcm: 0.569017 0.897412 0.000395814
H: 4.29067 0.0997341 -1.0465
236
gcm: 0.5713 0.897692 0.00941843
H: 0.09267 0.106508 0.0189697
237
gcm: 0.573294 0.897541 0.0181579
H: -1.05821 0.226689 -0.334565
238
gcm: 0.575078 0.897801 0.0263663
H: 1.69027 0.0899644 -1.04704
239
gcm: 0.577407 0.898346 0.0347085
H: 4.10208 -0.415333 0.0927357
240
gcm: 0.57979 0.898935 0.0431504
H: 2.66909 -0.737571 1.46257
241
gcm: 0.581861 0.899271 0.0521645
H: 3.29199 -0.727123 1.13262
242
gcm: 0.584035 0.898311 0.0605645
H: 3.26661 -0.168155 -0.472892
243
gcm: 0.58609 0.898017 0.0687948
H: 0.239888 0.2916 -1.28008
244
gcm: 0.588432 0.898768 0.0775971
H: 0.0881682 0.0520232 -0.433369
245
gcm: 0.590684 0.899909 0.0861323
H: -0.0799911 -0.113828 1.0776
246
gcm: 0.593004 0.900516 0.0943222
H: 0.860461 -0.096405 0.546911
247
gcm: 0.595181 0.900669 0.10254
H: 3.36636 -0.484039 0.0824729
248
gcm: 0.597286 0.901414 0.111593
H: 3.1035 -0.565195 0.352996
249
gcm: 0.599561 0.903016 0.120529
H: 1.72054 -0.185408 0.131932
250
gcm: 0.602014 0.904605 0.128856
H: 2.60113 -0.69315 0.572796
251
gcm: 0.604334 0.906379 0.137825
H: 2.19905 -0.668675 0.471476
252
gcm: 0.606771 0.90857 0.146652
H: 0.690248 -0.201207 0.199206
253
gcm: 0.608959 0.910459 0.155278
H: 1.47971 -0.463375 1.13107
254
gcm: 0.610893 0.911774 0.164001
H: 1.75911 -0.52195 0.900514
255
gcm: 0.612725 0.91317 0.172634
H: -0.553507 0.0391293 0.289222
256
gcm: 0.614629 0.915324 0.180746
H: 0.858252 -0.769975 1.15187
257
gcm: 0.616581 0.917648 0.189725
H: 2.91142 -0.873739 1.03254
258
gcm: 0.618478 0.919055 0.198755
H: -1.99926 0.417927 -0.150678
259
gcm: 0.620123 0.919615 0.207364
H: -3.13441 0.726461 -0.0870358
260
gcm: 0.621706 0.9207 0.216235
H: -0.0654313 -0.0773896 0.549029
261
gcm: 0.623119 0.92252 0.225552
H: 0.283134 -0.380154 0.572913
262
gcm: 0.624272 0.923612 0.234566
H: 0.901841 -0.136859 -0.0585125
263
gcm: 0.625062 0.924572 0.242997
H: -0.029432 0.0658456 0.164493
264
gcm: 0.626397 0.925804 0.251982
H: -0.265859 0.0784887 -0.0918246
265
gcm: 0.627606 0.927306 0.260798
H: -0.329447 0.0323561 0.349758
266
gcm: 0.628887 0.928393 0.269756
H: -0.289666 -0.0837702 0.221972
267
gcm: 0.62989 0.928351 0.279184
H: -0.922988 0.145866 -0.495254
268
gcm: 0.631192 0.927993 0.288699
H: -3.079 0.713029 -0.645062
269
gcm: 0.632628 0.928111 0.298
H: -2.36134 0.520876 0.167953
270
gcm: 0.63369 0.92836 0.307325
H: 0.540719 -0.0430876 0.670039
271
gcm: 0.634874 0.928269 0.31663
H: 0.173016 -0.110818 0.45357
272
gcm: 0.636027 0.927827 0.32567
H: -1.34485 0.165927 -0.274742
273
gcm: 0.636779 0.927393 0.334383
H: -1.46926 0.376722 -0.587388
274
gcm: 0.637804 0.92696 0.343046
H: -1.11374 0.186458 -0.446375
275
gcm: 0.638959 0.92615 0.352521
H: -0.436469 -0.0479612 0.00210978
276
gcm: 0.640093 0.924897 0.361835
H: -0.687079 0.153275 -0.0947058
277
gcm: 0.640246 0.923683 0.370875
H: 0.157618 0.395388 -0.951091
278
gcm: 0.64068 0.922448 0.380032
H: 1.14472 0.274389 -0.886914
279
gcm: 0.641491 0.921997 0.389324
H: -1.54494 0.274459 0.492222
280
gcm: 0.642191 0.921862 0.398257
H: -1.78316 0.0917727 0.489338
281
gcm: 0.642588 0.920909 0.406991
H: 0.332071 0.0512657 0.0104654
282
gcm: 0.643353 0.919623 0.415691
H: 0.489173 0.288249 -0.607471
283
gcm: 0.643583 0.919201 0.424871
H: -0.415466 0.248447 -0.292568
284
gcm: 0.644045 0.918865 0.433561
H: -1.43748 0.0830344 0.351814
285
gcm: 0.644325 0.919137 0.442212
H: -0.69632 0.192615 -0.145517
286
gcm: 0.644652 0.919397 0.45107
H: -0.459825 0.247534 -0.823556
287
gcm: 0.645055 0.91917 0.459864
H: -2.06951 0.119632 -0.547786
288
gcm: 0.645918 0.91979 0.46878
H: -1.18023 0.0185567 -0.153324
289
gcm: 0.645846 0.920688 0.477657
H: -0.531318 0.151293 0.151569
290
gcm: 0.645936 0.921079 0.486545
H: -2.00223 0.35784 -0.509792
291
gcm: 0.646283 0.921716 0.495264
H: -2.88266 0.240736 0.249235
292
gcm: 0.64656 0.921863 0.504013
H: -2.11091 0.163855 0.575909
293
gcm: 0.646644 0.922368 0.512787
H: -1.22931 0.198244 0.0545554
294
gcm: 0.646458 0.923363 0.521401
H: -1.03811 0.174602 -0.146647
295
gcm: 0.647039 0.923587 0.529255
H: -0.33728 0.236687 -0.215341
296
gcm: 0.646267 0.923936 0.535597
H: -0.131968 0.305431 0.0959738
297
gcm: 0.648064 0.924809 0.544577
H: -1.24607 0.221127 0.0675446
298
gcm: 0.647632 0.926038 0.55282
H: 0.0966035 0.316674 -0.771525
299
gcm: 0.647678 0.926499 0.560088
H: -0.274929 0.00100227 -1.89107
300
gcm: 0.647925 0.926745 0.567602
H: -0.994011 -0.625707 -1.05567
301
gcm: 0.64824 0.927048 0.57601
H: 1.50689 -0.14985 -0.0268759
302
gcm: 0.648426 0.926892 0.584043
H: 2.04312 0.375187 0.0255762
303
gcm: 0.648081 0.92666 0.591541
H: -1.1569 -0.0159253 -1.0419
304
gcm: 0.647786 0.926819 0.59892
H: -2.68338 -0.547011 -2.08328
305
gcm: 0.647456 0.926862 0.606218
H: -1.56878 -0.138296 -0.948678
306
gcm: 0.647283 0.926416 0.613771
H: -0.910027 -0.138624 -0.544311
307
gcm: 0.646757 0.925653 0.621726
H: -1.71313 0.170279 0.175369
308
gcm: 0.646781 0.924303 0.62913
H: 0.468245 0.138537 0.438999
309
gcm: 0.646594 0.922601 0.636191
H: 1.5372 0.532188 0.761915
310
gcm: 0.645448 0.922076 0.643289
H: -0.781443 0.134066 -0.306665
311
gcm: 0.644373 0.920712 0.651573
H: 2.34032 1.13783 1.61064
312
gcm: 0.643851 0.918792 0.66003
H: -0.348147 0.825805 2.29877
313
gcm: 0.643515 0.916982 0.667638
H: -3.41451 -0.368598 0.58502
314
gcm: 0.643459 0.91516 0.674832
H: -0.349258 0.139023 0.0831257
315
gcm: 0.642611 0.913509 0.681937
H: -0.7609 -0.285547 0.33775
316
gcm: 0.641631 0.91194 0.689458
H: -0.442294 -0.115906 0.705258
317
gcm: 0.641594 0.910019 0.696676
H: 3.05532 0.574652 -0.39364
318
gcm: 0.641146 0.907553 0.704231
H: 4.45269 0.44939 1.12935
319
gcm: 0.640655 0.90567 0.712015
H: 1.76547 0.14462 1.74539
320
gcm: 0.640303 0.904006 0.719566
H: 1.18927 0.335669 -0.303186
321
gcm: 0.64 0.902161 0.726324
H: 1.03483 -1.35202 -0.268099
322
gcm: 0.639306 0.900765 0.734749
H: -0.364596 0.122175 1.59384
323
gcm: 0.638727 0.899988 0.743684
H: 2.52608 1.42805 1.56244
324
gcm: 0.637699 0.899557 0.751235
H: 4.40274 -0.0329455 0.528215
325
gcm: 0.636296 0.898808 0.758932
H: 1.88421 -0.375462 -0.133737
326
gcm: 0.6351 0.897728 0.766319
H: 1.92307 -0.366372 -0.627911
327
gcm: 0.633982 0.896731 0.774168
H: 1.99544 0.166914 0.0100832
328
gcm: 0.632791 0.896044 0.782905
H: -0.264109 0.755663 1.55774
329
gcm: 0.632031 0.895462 0.790842
H: 1.56672 0.406837 1.49631
330
gcm: 0.631246 0.895084 0.79894
H: 7.38511 1.60579 -0.385576
331
gcm: 0.630535 0.894558 0.804154
H: 7.22348 -0.562055 -0.929248
332
gcm: 0.629742 0.894198 0.811649
H: -0.177167 -0.483494 0.0872265
333
gcm: 0.629004 0.894273 0.819831
H: -1.35894 0.0797321 -3.08045
334
gcm: 0.628387 0.893874 0.827936
H: 4.6941 0.498868 -0.833005
335
gcm: 0.627687 0.894636 0.836243
H: -1.55775 -0.505744 0.309305
336
gcm: 0.626694 0.896523 0.844984
H: -2.00539 -0.572692 0.396557
337
gcm: 0.625588 0.898131 0.853186
H: 2.72729 0.382575 -0.513653
338
gcm: 0.624711 0.899283 0.860804
H: 4.83044 0.969396 -0.893528
339
gcm: 0.623803 0.900582 0.869003
H: 0.0222101 0.148652 0.171581
340
gcm: 0.622786 0.90271 0.87791
H: -2.04155 -0.254922 0.720067
341
gcm: 0.621684 0.905334 0.887313
H: 1.60748 0.582225 -0.0426412
342
gcm: 0.620543 0.907143 0.896277
H: 3.83779 1.55827 -1.13226
343
gcm: 0.619736 0.907833 0.904128
H: 2.73609 1.32752 -1.27676
344
gcm: 0.619609 0.909383 0.912377
H: 1.01982 0.323783 -0.721314
345
gcm: 0.620046 0.912248 0.922278
H: -3.22166 -0.691646 0.747144
346
gcm: 0.620071 0.915023 0.932005
H: 1.99861 0.672351 -0.288208
347
gcm: 0.61958 0.917846 0.941515
H: -3.09661 -0.529399 0.47042
348
gcm: 0.619229 0.919527 0.951145
H: -1.98779 -0.122561 -0.985497
349
gcm: 0.61925 0.920724 0.960533
H: -1.43065 0.0262582 -0.926096
350
gcm: 0.619339 0.922453 0.969787
H: -1.39458 -0.0224736 -0.293607
351
gcm: 0.619161 0.923863 0.97871
H: 0.685292 0.368235 -0.472774
352
gcm: 0.618763 0.925404 0.987455
H: 4.96243 1.09543 -1.76698
353
gcm: 0.61859 0.927207 0.998062
H: -5.08215 -0.418842 0.764119
354
gcm: 0.618785 0.928769 1.00794
H: 0.0120971 -0.445648 0.566698
355
gcm: 0.618691 0.929954 1.01749
H: -0.107984 -0.181782 -0.819907
356
gcm: 0.618298 0.930025 1.02708
H: -3.3071 -1.18772 1.4152
357
gcm: 0.618164 0.930365 1.03679
H: -1.70929 -0.498651 1.10083
358
gcm: 0.618238 0.931104 1.04578
H: 0.135652 -0.220611 -0.355313
359
gcm: 0.618069 0.931607 1.05568
H: -1.20178 -0.238725 -1.61701
360
gcm: 0.617948 0.931801 1.06606
H: -1.59134 -0.241215 -1.38737
361
gcm: 0.618095 0.931662 1.07514
H: -1.67369 -0.290941 0.303575
362
gcm: 0.618262 0.932056 1.0842
H: -3.37896 -0.414714 0.579942
363
gcm: 0.618311 0.932093 1.09402
H: -1.53898 -0.230762 -0.637567
364
gcm: 0.618583 0.93167 1.10366
H: 0.992143 -0.0449658 -1.00362
365
gcm: 0.619017 0.931569 1.11318
H: 2.53095 -0.1118 0.570123
366
gcm: 0.618949 0.931428 1.1227
H: -3.67829 -0.37464 -0.185706
367
gcm: 0.618786 0.931026 1.1323
H: -1.07311 -0.231894 0.710069
368
gcm: 0.618986 0.930799 1.14232
H: -0.649405 -0.117424 -0.919576
369
gcm: 0.619404 0.930683 1.15254
H: -1.51319 -0.280273 -1.00681
370
gcm: 0.619782 0.93072 1.16213
H: 2.09406 -0.469184 2.30105
371
gcm: 0.620163 0.931412 1.17143
H: -3.9201 -0.461224 0.566196
372
gcm: 0.620666 0.931945 1.18114
H: -1.72285 -0.198587 -0.0179519
373
gcm: 0.620971 0.932134 1.19176
H: -0.173926 -0.0806188 -0.405949
374
gcm: 0.62114 0.932569 1.20299
H: -1.38956 -0.111845 -0.518894
375
gcm: 0.621303 0.933772 1.21136
H: -4.20933 -0.406883 -0.0918158
376
gcm: 0.62141 0.935144 1.22039
H: -5.63319 -0.775913 1.57132
377
gcm: 0.621367 0.93531 1.22925
H: -2.28751 -0.68521 1.19405
378
gcm: 0.621849 0.93476 1.23796
H: -2.38552 -0.31007 0.419859
379
gcm: 0.622728 0.934225 1.24696
H: -6.32221 -0.184683 2.20659
380
gcm: 0.622488 0.933227 1.25669
H: 3.50205 -0.21824 -3.1432
381
gcm: 0.622883 0.933839 1.26648
H: 0.0374646 -0.200323 -1.17096
382
gcm: 0.623873 0.934538 1.27624
H: -0.967625 -0.349012 0.122559
383
gcm: 0.624406 0.934145 1.28548
H: -1.74142 -0.0653334 -0.296772
384
gcm: 0.624577 0.934601 1.29372
H: -1.92759 -0.135438 -0.126106
385
gcm: 0.625132 0.935737 1.30196
H: 0.691166 -0.278733 0.303733
386
gcm: 0.626096 0.936589 1.31142
H: -0.0366054 -0.0159576 0.648698
387
gcm: 0.626634 0.93755 1.31826
H: -2.56945 0.0626139 1.01932
388
gcm: 0.627131 0.938145 1.32808
H: -2.28971 0.167351 0.981364
389
gcm: 0.62779 0.937926 1.33685
H: -0.758512 0.155723 0.355392
390
gcm: 0.628084 0.937755 1.34505
H: -0.908701 0.248784 0.390138
391
gcm: 0.628203 0.937516 1.35391
H: -0.00230102 0.189211 0.580315
392
gcm: 0.629269 0.937467 1.36173
H: 1.15271 0.0483882 0.676633
393
gcm: 0.630397 0.937833 1.37081
H: 1.9968 0.0374279 0.917717
394
gcm: 0.630836 0.937339 1.37703
H: 2.13473 0.14207 0.801237
395
gcm: 0.631777 0.936448 1.386
H: -1.47812 0.238566 0.353764
396
gcm: 0.632974 0.935675 1.39434
H: -2.30049 0.0825121 -0.644268
397
gcm: 0.634006 0.93488 1.4024
H: 1.10927 -0.339938 -1.33814
398
gcm: 0.634761 0.933669 1.4098
H: 2.924 -0.541692 -1.99807
399
gcm: 0.635833 0.932675 1.41656
H: -0.544273 0.0598853 0.985513
400
gcm: 0.636523 0.931279 1.42246
H: 1.49498 -0.226118 -1.41861
401
gcm: 0.637724 0.929062 1.43148
H: 2.13823 -0.367136 -0.40162
402
gcm: 0.639248 0.927318 1.4403
H: 0.726376 -0.157715 0.806659
403
gcm: 0.640441 0.926176 1.44585
H: -0.174728 0.0275812 -0.102704
404
gcm: 0.641543 0.92534 1.45493
H: 2.24261 -0.00309614 -1.73679
405
gcm: 0.643371 0.925433 1.46662
H: 6.64717 -0.420426 -3.13498
406
gcm: 0.644324 0.925904 1.47606
H: -0.244759 0.211296 0.718875
407
gcm: 0.646174 0.926125 1.48214
H: 2.87313 -0.127095 -0.717389
408
gcm: 0.648096 0.925791 1.49305
H: 3.1755 0.0056541 -0.245723
409
gcm: 0.649629 0.925679 1.49627
H: 3.60678 -0.0599479 -0.948977
410
gcm: 0.651522 0.925324 1.50693
H: 1.27808 -0.146505 0.0582647
411
gcm: 0.652905 0.925359 1.51262
H: 4.12863 -0.470549 -0.873097
412
gcm: 0.654502 0.925622 1.52244
H: 3.46771 -0.266915 -0.713637
413
gcm: 0.655858 0.925846 1.52813
H: 2.1941 -0.567857 0.548562
414
gcm: 0.657448 0.926236 1.53803
H: 3.29915 -0.49873 1.14659
415
gcm: 0.659288 0.92665 1.54708
H: 5.25456 -0.332302 0.224537
416
gcm: 0.660751 0.927428 1.55457
H: 2.98001 -0.291187 0.508898
417
gcm: 0.662405 0.928131 1.56257
H: 2.57684 -0.357146 -1.87649
418
gcm: 0.664376 0.928356 1.57094
H: 2.1925 -0.298761 0.690119
419
gcm: 0.666517 0.929558 1.58207
H: 4.02279 -0.782762 1.24415
420
gcm: 0.667939 0.931051 1.59128
H: 2.58419 -0.443555 0.205791
421
gcm: 0.669124 0.932771 1.59812
H: 1.7577 -0.27359 1.18274
422
gcm: 0.671185 0.933807 1.60734
H: 4.53637 -1.06676 1.41304
423
gcm: 0.672394 0.934689 1.6143
H: 4.08285 -0.876625 1.69213
424
gcm: 0.675976 0.936875 1.62558
H: -0.191664 -0.0106336 -0.822087
425
gcm: 0.677258 0.93962 1.63435
H: 3.98146 -0.980334 0.939244
426
gcm: 0.678512 0.94089 1.64218
H: 8.63644 -2.09916 2.28414
427
gcm: 0.680062 0.943261 1.65182
H: -4.25807 1.14222 -0.447937
428
gcm: 0.68093 0.943498 1.65961
H: -0.271291 0.0142424 1.07483
429
gcm: 0.683185 0.944357 1.6702
H: -1.20609 -0.191596 0.849932
430
gcm: 0.683388 0.945501 1.6775
H: -1.70306 0.042325 1.41129
431
gcm: 0.684786 0.947582 1.6871
H: -2.51448 0.376714 0.37566
432
gcm: 0.686006 0.950767 1.69579
H: -3.19654 0.533749 -0.334987
433
gcm: 0.685682 0.951675 1.70509
H: -2.08247 0.284566 0.0526763
434
gcm: 0.686734 0.950347 1.71326
H: 1.77802 -0.380263 0.163697
435
gcm: 0.687963 0.954157 1.72344
H: 1.89607 -0.329314 -0.206407
436
gcm: 0.68925 0.953248 1.73118
H: 0.937111 -1.13741 -0.0072698
437
gcm: 0.689406 0.954719 1.74053
H: -0.393358 0.112008 -0.134876
438
gcm: 0.691369 0.954493 1.74873
H: -0.277491 0.445017 -0.989137
439
gcm: 0.690561 0.955502 1.7611
H: 0.0497052 0.367163 -0.237597
440
gcm: 0.691439 0.957236 1.76757
H: -1.78531 -0.131198 0.509712
441
gcm: 0.692207 0.957643 1.77711
H: -1.98402 0.658375 -1.27611
442
gcm: 0.692766 0.957357 1.78585
H: -1.78777 0.575329 -0.137777
443
gcm: 0.693281 0.956526 1.79547
H: -1.8399 0.578423 0.434496
444
gcm: 0.693875 0.956308 1.80507
H: -2.24907 0.353857 -0.242126
445
gcm: 0.694695 0.956001 1.81387
H: -1.8758 0.257186 -0.368331
446
gcm: 0.695469 0.954658 1.82415
H: -1.96752 0.812065 0.370341
447
gcm: 0.696035 0.954077 1.83283
H: -1.04283 0.464038 -0.172021
448
gcm: 0.696439 0.952812 1.84189
H: -0.114872 -0.55816 -0.268084
448
gcm: 0.696439 0.952812 1.84189
H: 0 0 0
