:metadata
 
Skeleton: /Network/Servers/duerer/Volumes/duerer/laturnus/workspace/new_acm/asf/07-walk.asf
Motion: /Network/Servers/duerer/Volumes/duerer/laturnus/workspace/new_acm/amc/07_04-walk.amc
Mass Distribution: /Network/Servers/duerer/Volumes/duerer/laturnus/workspace/new_acm/amd/cylinder.amd
 
Inital skeleton translation: 0 0 0
Initial skeleton rotation: 0 0 0
 
:data
1
gcm: 0.512704 0.87263 -1.87488
H: 3.42172 0.566184 -0.479743
2
gcm: 0.512291 0.873007 -1.86658
H: -0.113572 -0.534495 1.04924
3
gcm: 0.51162 0.873203 -1.85784
H: -3.19468 -0.643463 0.388759
4
gcm: 0.511023 0.873356 -1.84931
H: 0.297591 0.949324 -1.7716
5
gcm: 0.511123 0.873037 -1.84218
H: 9.72546 1.38236 -3.18515
6
gcm: 0.5119 0.873701 -1.83327
H: -15.8125 -3.79094 6.28909
7
gcm: 0.511862 0.873468 -1.82481
H: 2.45353 0.308284 -0.122151
8
gcm: 0.511126 0.872916 -1.81637
H: -1.30785 -0.343675 0.322932
9
gcm: 0.510669 0.872641 -1.80805
H: -3.35678 -0.512068 -0.395575
10
gcm: 0.510863 0.872508 -1.79948
H: -0.314663 0.0171632 -0.909112
11
gcm: 0.511048 0.872055 -1.79067
H: 1.05752 0.0694762 -0.336841
12
gcm: 0.511332 0.871325 -1.78223
H: -1.14252 -0.303282 -0.277573
13
gcm: 0.511722 0.870572 -1.77393
H: -2.47033 -0.492234 -0.665277
14
gcm: 0.511825 0.869965 -1.76521
H: -2.08819 -0.424918 -0.284647
15
gcm: 0.511806 0.869703 -1.75641
H: -0.489942 -0.193048 -0.355709
16
gcm: 0.512004 0.869457 -1.74814
H: 2.37201 0.224141 -1.53669
17
gcm: 0.512129 0.869471 -1.73997
H: -7.78542 -0.998164 2.12226
18
gcm: 0.512092 0.869506 -1.73149
H: -5.91355 -0.701966 1.43771
19
gcm: 0.512335 0.868993 -1.72276
H: -2.37688 -0.499723 0.423676
20
gcm: 0.512548 0.869001 -1.7144
H: 1.03495 -0.24138 -0.693292
21
gcm: 0.512517 0.870306 -1.70596
H: 0.456227 -0.32627 -0.713535
22
gcm: 0.512635 0.87118 -1.69725
H: -0.536783 -0.454292 0.0432629
23
gcm: 0.5128 0.8708 -1.68893
H: -0.26318 -0.326971 0.420392
24
gcm: 0.512985 0.87062 -1.6806
H: -0.810523 -0.243781 0.0290418
25
gcm: 0.513195 0.871316 -1.67203
H: -0.84097 -0.390855 0.184481
26
gcm: 0.513101 0.872242 -1.66386
H: -0.611995 -0.452937 0.69767
27
gcm: 0.513303 0.873092 -1.65604
H: -1.19092 -0.365177 0.735761
28
gcm: 0.513775 0.873421 -1.64805
H: -2.59687 -0.324171 0.355345
29
gcm: 0.513625 0.873159 -1.63994
H: -1.30458 -0.403828 -0.242667
30
gcm: 0.513799 0.872976 -1.63174
H: 0.427841 -0.455758 -0.386539
31
gcm: 0.51445 0.87301 -1.62351
H: -0.613087 -0.353864 0.226018
32
gcm: 0.514446 0.873908 -1.61579
H: -0.945014 -0.389629 0.421442
33
gcm: 0.514311 0.875312 -1.60819
H: -1.65893 -0.274497 -0.245192
34
gcm: 0.514668 0.875975 -1.60039
H: -2.67979 -0.0533293 -0.323652
35
gcm: 0.515103 0.876297 -1.59279
H: -2.63332 -0.161131 0.27233
36
gcm: 0.51529 0.876933 -1.58523
H: -1.15406 -0.379869 -0.0479681
37
gcm: 0.516104 0.877525 -1.57853
H: 1.12979 0.313468 -0.276843
38
gcm: 0.516944 0.877807 -1.57183
H: -0.60595 0.284438 0.549509
39
gcm: 0.516907 0.877959 -1.56392
H: -2.09439 0.020855 1.20929
40
gcm: 0.516883 0.878037 -1.556
H: -1.5116 -0.0479831 0.5017
41
gcm: 0.517268 0.877991 -1.54912
H: -0.702673 0.286166 0.134612
42
gcm: 0.517803 0.878558 -1.54245
H: 0.759967 0.239447 0.444796
43
gcm: 0.518012 0.878618 -1.5355
H: 0.0264436 0.492194 0.564599
44
gcm: 0.518146 0.878509 -1.52883
H: -0.73632 0.353048 0.777545
45
gcm: 0.518727 0.878396 -1.52246
H: 0.846586 -0.277512 0.690543
46
gcm: 0.519671 0.877841 -1.51539
H: 0.717467 -0.151699 -0.638723
47
gcm: 0.520351 0.877334 -1.508
H: 0.0561382 -0.0892954 -1.01226
48
gcm: 0.520948 0.876351 -1.50118
H: 0.063581 -0.0724174 -0.212689
49
gcm: 0.521992 0.8753 -1.49445
H: -1.40702 0.0453877 0.405105
50
gcm: 0.523074 0.874393 -1.48712
H: -0.702351 -0.174838 -0.0559425
51
gcm: 0.523488 0.874273 -1.48014
H: 1.88342 -0.358102 -0.0938321
52
gcm: 0.523676 0.87408 -1.47339
H: 2.61199 -0.204848 -0.333195
53
gcm: 0.524464 0.872026 -1.46612
H: 0.889166 -0.177938 -1.09047
54
gcm: 0.525205 0.870351 -1.45913
H: -0.475203 -0.268333 -0.872761
55
gcm: 0.526055 0.868507 -1.45248
H: -0.520758 -0.0587534 -0.0145533
56
gcm: 0.527258 0.866565 -1.44542
H: -0.661594 0.0592835 -0.0651353
57
gcm: 0.528181 0.865734 -1.43812
H: -0.262259 0.110205 -0.111545
58
gcm: 0.529213 0.866064 -1.4309
H: 1.72754 0.10089 0.381197
59
gcm: 0.530636 0.86648 -1.42319
H: 4.41894 -0.178903 -0.425864
60
gcm: 0.532128 0.866478 -1.41482
H: 3.91721 -0.0767063 -1.32685
61
gcm: 0.533615 0.866031 -1.40672
H: 1.1014 0.191566 -0.845683
62
gcm: 0.535058 0.865337 -1.39938
H: 1.10447 -0.00891744 -0.184739
63
gcm: 0.536459 0.864471 -1.39232
H: 2.85971 -0.277127 -0.0875753
64
gcm: 0.537852 0.863827 -1.38507
H: 4.59079 -0.423078 -0.014178
65
gcm: 0.539081 0.863767 -1.37751
H: 3.57026 -0.296537 -0.0883289
66
gcm: 0.540329 0.86372 -1.36958
H: -0.957618 0.146562 -0.591915
67
gcm: 0.541663 0.863707 -1.36151
H: 0.135028 0.104452 -0.615403
68
gcm: 0.542938 0.864234 -1.35364
H: 3.56861 -0.192675 -0.476515
69
gcm: 0.544456 0.865199 -1.3459
H: 3.06759 -0.222982 -0.299211
70
gcm: 0.546302 0.86599 -1.33751
H: 1.97753 -0.103975 -0.353344
71
gcm: 0.548101 0.866663 -1.32947
H: 1.68263 -0.300771 0.181518
72
gcm: 0.549661 0.867185 -1.32156
H: 1.22368 -0.101872 -0.191274
73
gcm: 0.551048 0.867629 -1.31384
H: 1.18737 0.144646 -0.229573
74
gcm: 0.552751 0.868172 -1.30591
H: 3.25575 -0.237399 0.0449392
75
gcm: 0.554568 0.869181 -1.29754
H: 4.03235 -0.623941 0.156077
76
gcm: 0.556315 0.870537 -1.28941
H: 2.95376 -0.511292 0.362538
77
gcm: 0.557779 0.872044 -1.2819
H: 2.49864 -0.257592 0.486522
78
gcm: 0.558933 0.872922 -1.27478
H: 2.53403 -0.152721 0.512676
79
gcm: 0.560312 0.873567 -1.26741
H: 2.32558 -0.254861 0.439121
80
gcm: 0.561622 0.87521 -1.25939
H: 1.74148 -0.324998 0.498498
81
gcm: 0.562808 0.877078 -1.25101
H: 1.60929 -0.317041 0.962227
82
gcm: 0.564198 0.878522 -1.24272
H: 0.82145 -0.200374 0.80386
83
gcm: 0.565369 0.879916 -1.23471
H: 1.39069 -0.472884 0.672529
84
gcm: 0.566385 0.881283 -1.22668
H: 1.16239 -0.430762 0.445862
85
gcm: 0.56778 0.882531 -1.21821
H: -1.28764 0.189583 -0.14828
86
gcm: 0.569263 0.883749 -1.20979
H: -0.47897 0.00933377 -0.126255
87
gcm: 0.57059 0.885066 -1.20149
H: 1.17566 -0.358027 0.189759
88
gcm: 0.571709 0.886465 -1.19274
H: 0.243379 -0.117838 0.431118
89
gcm: 0.57251 0.887847 -1.18398
H: -2.77498 0.367097 0.207079
90
gcm: 0.573328 0.889231 -1.17544
H: -2.64979 0.303972 0.0313868
91
gcm: 0.574205 0.890476 -1.1669
H: 0.538574 -0.479897 0.268445
92
gcm: 0.574978 0.891357 -1.15801
H: 0.124462 -0.422933 0.297334
93
gcm: 0.575856 0.892326 -1.14888
H: -0.760518 0.48307 0.196134
94
gcm: 0.576842 0.893133 -1.14018
H: -0.502327 0.0266894 -0.0480046
95
gcm: 0.577624 0.893572 -1.1307
H: -2.78812 0.704303 -0.682929
96
gcm: 0.578343 0.894908 -1.12079
H: -3.55365 0.355473 -0.292776
97
gcm: 0.578416 0.8954 -1.11275
H: 0.420047 -0.151089 0.144616
98
gcm: 0.578896 0.895672 -1.10428
H: 2.65043 -0.38867 0.722271
99
gcm: 0.579339 0.895959 -1.0953
H: -1.44626 0.142903 -0.685044
100
gcm: 0.579933 0.89599 -1.08647
H: -5.93071 0.910318 -1.73249
101
gcm: 0.581042 0.895336 -1.07722
H: -3.5897 0.934462 -0.913074
102
gcm: 0.582417 0.895143 -1.06788
H: 0.041889 0.543459 0.0255502
103
gcm: 0.582973 0.894615 -1.05931
H: -0.921644 0.45381 0.205315
104
gcm: 0.58274 0.894154 -1.05068
H: -1.62744 0.305831 0.359484
105
gcm: 0.582588 0.893994 -1.04151
H: -0.964078 -0.377818 0.387793
106
gcm: 0.582918 0.893682 -1.03208
H: -1.91213 0.00121495 -0.415098
107
gcm: 0.58361 0.893413 -1.02237
H: -2.46056 0.0973074 0.391924
108
gcm: 0.584185 0.892818 -1.01317
H: -0.627202 0.111957 0.634256
109
gcm: 0.584616 0.892265 -1.0041
H: -0.80863 0.217737 0.0186373
110
gcm: 0.584881 0.891938 -0.995151
H: -2.1339 0.275231 -0.322534
111
gcm: 0.584729 0.891501 -0.986418
H: -0.20528 0.252246 -0.344047
112
gcm: 0.584758 0.89146 -0.97735
H: 0.278294 0.185968 0.540966
113
gcm: 0.585236 0.891852 -0.968237
H: -3.16194 0.150353 0.387346
114
gcm: 0.585506 0.892011 -0.959432
H: -1.9715 0.214656 -0.374557
115
gcm: 0.585425 0.892045 -0.950916
H: 1.09304 0.467714 0.173078
116
gcm: 0.585605 0.892305 -0.942263
H: -0.192117 0.518313 -0.00261036
117
gcm: 0.585837 0.893013 -0.933785
H: -6.22951 0.296402 -1.97408
118
gcm: 0.585617 0.89367 -0.925528
H: 0.706421 -0.184201 1.36009
119
gcm: 0.584716 0.893914 -0.917207
H: -0.362831 0.208269 -0.200112
120
gcm: 0.584962 0.893842 -0.908723
H: -0.700111 0.355233 -0.0204962
121
gcm: 0.585595 0.894037 -0.900353
H: -3.94041 0.439473 -0.0611668
122
gcm: 0.584501 0.894834 -0.892464
H: -1.31065 0.565466 -0.291928
123
gcm: 0.583808 0.895762 -0.8844
H: -0.1996 0.337598 0.500158
124
gcm: 0.584124 0.896357 -0.876212
H: -3.34061 -0.0151466 0.00438412
125
gcm: 0.584522 0.896881 -0.868051
H: -2.75096 0.31979 0.448815
126
gcm: 0.584113 0.897476 -0.860453
H: -0.586968 0.446206 1.16988
127
gcm: 0.583462 0.89839 -0.853699
H: 0.0923395 -0.23805 -0.323978
128
gcm: 0.583074 0.899527 -0.846416
H: -0.566619 -0.352303 -0.694013
129
gcm: 0.582494 0.900316 -0.838248
H: -1.75325 0.272602 0.0590817
130
gcm: 0.581611 0.900728 -0.830593
H: -3.56037 0.0508074 -0.713663
131
gcm: 0.580703 0.900761 -0.822957
H: -1.97458 -0.0608062 -0.797872
132
gcm: 0.580443 0.900718 -0.815205
H: 0.457536 0.223688 -0.583221
133
gcm: 0.581055 0.900521 -0.807484
H: -1.51853 0.15297 -0.219916
134
gcm: 0.581036 0.900273 -0.799852
H: -1.74532 0.102584 0.0793921
135
gcm: 0.579713 0.900404 -0.793027
H: -1.23613 -0.208087 -1.01599
136
gcm: 0.578289 0.900046 -0.785991
H: -2.14009 -0.284185 -1.23916
137
gcm: 0.577279 0.898618 -0.777985
H: -0.572069 0.20832 0.225147
138
gcm: 0.576437 0.897598 -0.770262
H: 0.895837 -0.108047 0.537087
139
gcm: 0.575366 0.897114 -0.762914
H: 0.572259 -0.269272 0.909627
140
gcm: 0.574191 0.89566 -0.755211
H: 0.462071 0.53985 1.15687
141
gcm: 0.573242 0.893753 -0.747748
H: 0.281152 0.44791 0.300897
142
gcm: 0.572383 0.892491 -0.740644
H: 0.758067 0.0820374 0.723499
143
gcm: 0.571381 0.891643 -0.733402
H: 1.71721 0.221463 0.676546
144
gcm: 0.570295 0.890313 -0.725973
H: 1.19832 0.145348 0.106713
145
gcm: 0.569287 0.88843 -0.718085
H: 0.82578 0.122577 1.03618
146
gcm: 0.568154 0.887767 -0.71017
H: 0.390061 0.0541104 1.33487
147
gcm: 0.566889 0.887834 -0.702567
H: -0.450824 -0.136606 0.0579874
148
gcm: 0.565464 0.886703 -0.694463
H: 2.90851 0.158589 0.450852
149
gcm: 0.563832 0.885453 -0.686616
H: 4.97499 0.320411 1.17529
150
gcm: 0.562128 0.88461 -0.679907
H: 1.37006 -0.139128 0.41806
151
gcm: 0.560683 0.883505 -0.672525
H: 0.0378824 -0.28797 0.463994
152
gcm: 0.559559 0.882521 -0.664196
H: 1.17656 0.0404468 0.844785
153
gcm: 0.558356 0.8821 -0.656537
H: 1.15212 0.1434 0.559133
154
gcm: 0.556939 0.881486 -0.64935
H: 1.4646 0.0457413 0.164413
155
gcm: 0.555685 0.880517 -0.642052
H: 2.55517 0.0096976 0.0816115
156
gcm: 0.554794 0.880124 -0.634719
H: 3.21405 0.250689 0.153074
157
gcm: 0.553752 0.880746 -0.627415
H: 2.54553 0.264385 -0.109706
158
gcm: 0.552654 0.88175 -0.620617
H: 1.03726 -0.238336 -0.184498
159
gcm: 0.551422 0.882049 -0.613907
H: -0.197512 -0.294928 -0.00556591
160
gcm: 0.549737 0.881938 -0.606725
H: 2.0189 0.32888 -0.312061
161
gcm: 0.54837 0.881888 -0.598806
H: 4.27203 0.482469 -0.0498262
162
gcm: 0.547324 0.882385 -0.590517
H: 2.24498 0.244287 0.679341
163
gcm: 0.546257 0.883432 -0.582483
H: 2.09627 0.336229 0.393537
164
gcm: 0.545094 0.884419 -0.574845
H: 6.59468 1.12097 -1.71445
165
gcm: 0.543757 0.885319 -0.567584
H: 8.61838 1.62939 -2.38806
166
gcm: 0.542404 0.886766 -0.560028
H: 3.48773 0.852105 -0.62805
167
gcm: 0.541055 0.88846 -0.552277
H: 2.06194 0.875754 -0.516568
168
gcm: 0.539923 0.889804 -0.544563
H: -1.51501 -0.232029 0.651675
169
gcm: 0.539212 0.890861 -0.536924
H: 2.58675 0.457894 -0.104628
170
gcm: 0.538603 0.892563 -0.529127
H: 4.25605 1.17777 -1.05036
171
gcm: 0.538138 0.894132 -0.521247
H: 3.48413 0.842547 -1.33755
172
gcm: 0.537481 0.89553 -0.512739
H: -12.7754 -3.30626 3.33385
173
gcm: 0.536947 0.896665 -0.505546
H: 16.204 3.846 -4.56134
174
gcm: 0.536848 0.898701 -0.497499
H: -6.7968 -1.68834 2.11411
175
gcm: 0.536235 0.900833 -0.489762
H: -0.622197 -0.390682 0.414907
176
gcm: 0.536498 0.902607 -0.480904
H: -1.3503 -0.0997131 0.424017
177
gcm: 0.536346 0.903226 -0.472676
H: 2.10144 0.909353 -0.676892
178
gcm: 0.535946 0.904104 -0.464293
H: -4.2229 -1.08843 1.07272
179
gcm: 0.535596 0.905295 -0.456271
H: -3.2653 -1.03776 0.64426
180
gcm: 0.534943 0.906235 -0.448551
H: 1.71624 0.251905 -0.561169
181
gcm: 0.534464 0.906942 -0.44075
H: 3.29312 0.644617 -0.522872
182
gcm: 0.534149 0.9073 -0.432304
H: -4.73626 -1.25089 1.65709
183
gcm: 0.534023 0.907141 -0.424367
H: 4.56436 0.907174 -1.16698
184
gcm: 0.534173 0.907537 -0.416082
H: -2.76302 -0.817622 1.03845
185
gcm: 0.534193 0.907539 -0.407598
H: 3.37964 0.750109 -2.50185
186
gcm: 0.534087 0.907195 -0.399021
H: -2.34897 -0.20166 -0.430337
187
gcm: 0.534218 0.907218 -0.391006
H: -4.82752 -1.00917 1.3687
188
gcm: 0.534296 0.907225 -0.382911
H: -2.89556 -0.727142 1.00706
189
gcm: 0.534332 0.906959 -0.374265
H: -1.12637 -0.417579 0.116162
190
gcm: 0.53464 0.906395 -0.365964
H: -0.833328 -0.618999 -0.350516
191
gcm: 0.53527 0.905493 -0.35756
H: -0.134834 -0.3354 -1.17796
192
gcm: 0.535915 0.904487 -0.348717
H: 1.41507 0.294805 -1.76204
193
gcm: 0.536122 0.90387 -0.340587
H: -2.54337 -0.194232 0.763637
194
gcm: 0.535964 0.903677 -0.332749
H: 1.29259 0.657206 -0.294449
195
gcm: 0.536066 0.903116 -0.324278
H: -2.1812 -0.372026 0.6444
196
gcm: 0.536526 0.902744 -0.315849
H: 0.0426905 -0.504805 -0.195296
197
gcm: 0.537087 0.902664 -0.30771
H: 0.308834 -0.384362 -0.57739
198
gcm: 0.537669 0.902735 -0.299253
H: -4.39326 -0.686123 0.369425
199
gcm: 0.538326 0.904371 -0.290643
H: -3.45352 -0.476344 -0.0334413
200
gcm: 0.538898 0.905788 -0.282198
H: 1.33186 0.0106333 -0.859503
201
gcm: 0.539446 0.905706 -0.273553
H: 1.32576 -0.128049 -0.256392
202
gcm: 0.540128 0.905705 -0.264964
H: -2.59851 -0.566724 0.622627
203
gcm: 0.540452 0.905629 -0.256814
H: -4.15912 -0.515781 0.631482
204
gcm: 0.540796 0.905766 -0.24866
H: -3.68985 -0.481966 0.408
205
gcm: 0.541624 0.906467 -0.240481
H: -2.19338 -0.587403 0.772051
206
gcm: 0.54212 0.9069 -0.232268
H: -0.62283 -0.514194 0.750113
207
gcm: 0.542477 0.906816 -0.223688
H: -1.61727 -0.264242 -0.590376
208
gcm: 0.543267 0.906613 -0.215061
H: -1.91399 -0.264523 -0.859166
209
gcm: 0.544085 0.906811 -0.206646
H: -1.15906 -0.369051 -0.0523488
210
gcm: 0.544516 0.907699 -0.198488
H: -2.87023 -0.283598 0.320312
211
gcm: 0.544746 0.90859 -0.190255
H: -2.43418 -0.314997 0.212157
212
gcm: 0.545256 0.908076 -0.182111
H: 1.64429 -0.371026 -0.68514
213
gcm: 0.545999 0.907005 -0.173926
H: 1.16807 -0.290912 -0.772997
214
gcm: 0.546746 0.906878 -0.16567
H: -0.160072 -0.297393 -0.496732
215
gcm: 0.54752 0.907274 -0.157594
H: -1.23322 -0.358317 -0.186715
216
gcm: 0.54828 0.907427 -0.149653
H: -3.3197 -0.186611 0.673707
217
gcm: 0.549073 0.907091 -0.141799
H: -0.915064 -0.296662 0.463011
218
gcm: 0.55005 0.906803 -0.133716
H: -0.370694 -0.404058 -0.47763
219
gcm: 0.550831 0.906584 -0.125451
H: -2.9461 0.0438287 0.685057
220
gcm: 0.551903 0.906603 -0.118169
H: -2.90768 0.140141 1.50496
221
gcm: 0.552657 0.905853 -0.110978
H: -0.399341 -0.0633216 -0.319741
222
gcm: 0.553314 0.905189 -0.103532
H: 0.93326 -0.219942 -1.73747
223
gcm: 0.554229 0.905755 -0.0956282
H: 0.402828 -0.23757 -0.120573
224
gcm: 0.5549 0.905729 -0.0875188
H: -0.606521 0.0324301 1.00319
225
gcm: 0.555939 0.904331 -0.0793904
H: 1.12067 0.188134 -0.330467
226
gcm: 0.557317 0.903565 -0.0714834
H: -0.246864 0.0459152 -0.0474261
227
gcm: 0.558091 0.902974 -0.0634662
H: 1.94432 -0.205164 -0.847047
228
gcm: 0.559169 0.902166 -0.0554304
H: -0.964287 -0.0859522 0.25269
229
gcm: 0.560729 0.901762 -0.0477831
H: -0.797947 0.0547058 -0.16983
230
gcm: 0.562037 0.901202 -0.0402037
H: -0.602223 0.19153 -0.316808
231
gcm: 0.563163 0.900497 -0.0324513
H: -0.785608 0.175481 0.0385072
232
gcm: 0.564458 0.899572 -0.0245397
H: -1.54422 0.0991934 -0.0824871
233
gcm: 0.565609 0.898145 -0.0163699
H: 1.02335 -0.0571644 -0.910867
234
gcm: 0.56712 0.897177 -0.00795803
H: 5.82659 -0.271863 -1.91148
235
gcm: 0.569017 0.897412 0.000395814
H: 4.34346 0.110523 -1.05172
236
gcm: 0.5713 0.897692 0.00941843
H: 0.142391 0.117789 0.012073
237
gcm: 0.573294 0.897541 0.0181579
H: -0.993618 0.242382 -0.367
238
gcm: 0.575078 0.897801 0.0263663
H: 1.77703 0.112086 -1.11588
239
gcm: 0.577407 0.898346 0.0347085
H: 4.20584 -0.393238 -0.0108173
240
gcm: 0.57979 0.898935 0.0431504
H: 2.74445 -0.722114 1.38332
241
gcm: 0.581861 0.899271 0.0521645
H: 3.34224 -0.71543 1.10962
242
gcm: 0.584035 0.898311 0.0605645
H: 3.38694 -0.191718 -0.491993
243
gcm: 0.58609 0.898017 0.0687948
H: 0.375607 0.270556 -1.29629
244
gcm: 0.588432 0.898768 0.0775971
H: 0.251472 0.0421731 -0.510284
245
gcm: 0.590684 0.899909 0.0861323
H: 0.0427877 -0.116515 1.03662
246
gcm: 0.593004 0.900516 0.0943222
H: 0.971171 -0.0952765 0.506068
247
gcm: 0.595181 0.900669 0.10254
H: 3.48191 -0.485211 0.0347833
248
gcm: 0.597286 0.901414 0.111593
H: 3.21868 -0.569118 0.291459
249
gcm: 0.599561 0.903016 0.120529
H: 1.82856 -0.187744 0.0504792
250
gcm: 0.602014 0.904605 0.128856
H: 2.69768 -0.707341 0.509952
251
gcm: 0.604334 0.906379 0.137825
H: 2.27921 -0.679789 0.409715
252
gcm: 0.606771 0.90857 0.146652
H: 0.763775 -0.20811 0.11119
253
gcm: 0.608959 0.910459 0.155278
H: 1.54856 -0.47409 1.0597
254
gcm: 0.610893 0.911774 0.164001
H: 1.82561 -0.530843 0.852828
255
gcm: 0.612725 0.91317 0.172634
H: -0.494959 0.0390254 0.243085
256
gcm: 0.614629 0.915324 0.180746
H: 0.922018 -0.776808 1.12691
257
gcm: 0.616581 0.917648 0.189725
H: 2.97927 -0.868741 1.01907
258
gcm: 0.618478 0.919055 0.198755
H: -1.96661 0.431787 -0.1298
259
gcm: 0.620123 0.919615 0.207364
H: -3.11225 0.74168 -0.0508397
260
gcm: 0.621706 0.9207 0.216235
H: -0.0253996 -0.0636188 0.557602
261
gcm: 0.623119 0.92252 0.225552
H: 0.327412 -0.363285 0.568141
262
gcm: 0.624272 0.923612 0.234566
H: 0.938476 -0.114263 -0.0180882
263
gcm: 0.625062 0.924572 0.242997
H: -0.0577432 0.0853174 0.187169
264
gcm: 0.626397 0.925804 0.251982
H: -0.280769 0.106219 -0.0870338
265
gcm: 0.627606 0.927306 0.260798
H: -0.334688 0.058022 0.321217
266
gcm: 0.628887 0.928393 0.269756
H: -0.293678 -0.0550329 0.208786
267
gcm: 0.62989 0.928351 0.279184
H: -0.925519 0.180483 -0.482717
268
gcm: 0.631192 0.927993 0.288699
H: -3.09015 0.753477 -0.653752
269
gcm: 0.632628 0.928111 0.298
H: -2.38253 0.563634 0.171714
270
gcm: 0.63369 0.92836 0.307325
H: 0.52957 -9.20134e-05 0.703379
271
gcm: 0.634874 0.928269 0.31663
H: 0.161685 -0.0683932 0.441176
272
gcm: 0.636027 0.927827 0.32567
H: -1.38201 0.211238 -0.305502
273
gcm: 0.636779 0.927393 0.334383
H: -1.51681 0.422814 -0.609949
274
gcm: 0.637804 0.92696 0.343046
H: -1.14732 0.225547 -0.497245
275
gcm: 0.638959 0.92615 0.352521
H: -0.469459 -0.00488917 0.0139645
276
gcm: 0.640093 0.924897 0.361835
H: -0.741126 0.202088 -0.143119
277
gcm: 0.640246 0.923683 0.370875
H: 0.117895 0.447864 -0.880603
278
gcm: 0.64068 0.922448 0.380032
H: 1.1096 0.329473 -0.85676
279
gcm: 0.641491 0.921997 0.389324
H: -1.58631 0.334596 0.480329
280
gcm: 0.642191 0.921862 0.398257
H: -1.84352 0.147173 0.501269
281
gcm: 0.642588 0.920909 0.406991
H: 0.267072 0.106366 0.00293524
282
gcm: 0.643353 0.919623 0.415691
H: 0.406212 0.342614 -0.70232
283
gcm: 0.643583 0.919201 0.424871
H: -0.476251 0.300187 -0.220265
284
gcm: 0.644045 0.918865 0.433561
H: -1.50758 0.135371 0.347912
285
gcm: 0.644325 0.919137 0.442212
H: -0.784339 0.251052 -0.150965
286
gcm: 0.644652 0.919397 0.45107
H: -0.562547 0.297327 -0.800982
287
gcm: 0.645055 0.91917 0.459864
H: -2.1535 0.163946 -0.563998
288
gcm: 0.645918 0.91979 0.46878
H: -1.25121 0.0709788 -0.216311
289
gcm: 0.645846 0.920688 0.477657
H: -0.63675 0.198416 0.175764
290
gcm: 0.645936 0.921079 0.486545
H: -2.10483 0.406956 -0.514174
291
gcm: 0.646283 0.921716 0.495264
H: -2.98224 0.292626 0.22173
292
gcm: 0.64656 0.921863 0.504013
H: -2.22055 0.210433 0.546542
293
gcm: 0.646644 0.922368 0.512787
H: -1.33481 0.238987 0.0341796
294
gcm: 0.646458 0.923363 0.521401
H: -1.13248 0.221942 -0.128374
295
gcm: 0.647039 0.923587 0.529255
H: -0.416979 0.266628 -0.304065
296
gcm: 0.646267 0.923936 0.535597
H: -0.312785 0.335947 0.15353
297
gcm: 0.648064 0.924809 0.544577
H: -1.28565 0.248494 -0.17134
298
gcm: 0.647632 0.926038 0.55282
H: -0.0273963 0.336314 -0.759192
299
gcm: 0.647678 0.926499 0.560088
H: -0.489016 -0.0210039 -1.94092
300
gcm: 0.647925 0.926745 0.567602
H: -1.12363 -0.62052 -1.13352
301
gcm: 0.64824 0.927048 0.57601
H: 1.48998 -0.117479 -0.107591
302
gcm: 0.648426 0.926892 0.584043
H: 2.01408 0.405121 -0.0729356
303
gcm: 0.648081 0.92666 0.591541
H: -1.22097 0.00375232 -1.12761
304
gcm: 0.647786 0.926819 0.59892
H: -2.76888 -0.532081 -2.19313
305
gcm: 0.647456 0.926862 0.606218
H: -1.62949 -0.108394 -1.00224
306
gcm: 0.647283 0.926416 0.613771
H: -0.946249 -0.113958 -0.529028
307
gcm: 0.646757 0.925653 0.621726
H: -1.74397 0.186548 0.204981
308
gcm: 0.646781 0.924303 0.62913
H: 0.482362 0.151451 0.380627
309
gcm: 0.646594 0.922601 0.636191
H: 1.57113 0.542596 0.719666
310
gcm: 0.645448 0.922076 0.643289
H: -0.775781 0.129622 -0.265138
311
gcm: 0.644373 0.920712 0.651573
H: 2.37641 1.14402 1.69886
312
gcm: 0.643851 0.918792 0.66003
H: -0.304241 0.842217 2.35611
313
gcm: 0.643515 0.916982 0.667638
H: -3.3686 -0.368486 0.595882
314
gcm: 0.643459 0.91516 0.674832
H: -0.310164 0.132201 0.105481
315
gcm: 0.642611 0.913509 0.681937
H: -0.704572 -0.296212 0.40349
316
gcm: 0.641631 0.91194 0.689458
H: -0.365572 -0.132605 0.73341
317
gcm: 0.641594 0.910019 0.696676
H: 3.11002 0.5704 -0.380277
318
gcm: 0.641146 0.907553 0.704231
H: 4.49753 0.444257 1.13151
319
gcm: 0.640655 0.90567 0.712015
H: 1.81908 0.135471 1.767
320
gcm: 0.640303 0.904006 0.719566
H: 1.2623 0.322766 -0.254485
321
gcm: 0.64 0.902161 0.726324
H: 1.11612 -1.37279 -0.207687
322
gcm: 0.639306 0.900765 0.734749
H: -0.290097 0.105639 1.6076
323
gcm: 0.638727 0.899988 0.743684
H: 2.59119 1.41404 1.55922
324
gcm: 0.637699 0.899557 0.751235
H: 4.46799 -0.0552724 0.573989
325
gcm: 0.636296 0.898808 0.758932
H: 1.96369 -0.401036 -0.0481975
326
gcm: 0.6351 0.897728 0.766319
H: 2.00748 -0.389613 -0.552701
327
gcm: 0.633982 0.896731 0.774168
H: 2.07033 0.145202 0.0367969
328
gcm: 0.632791 0.896044 0.782905
H: -0.190389 0.731925 1.58964
329
gcm: 0.632031 0.895462 0.790842
H: 1.64708 0.38429 1.55339
330
gcm: 0.631246 0.895084 0.79894
H: 7.46634 1.58455 -0.327328
331
gcm: 0.630535 0.894558 0.804154
H: 7.32279 -0.592547 -0.864554
332
gcm: 0.629742 0.894198 0.811649
H: -0.0929458 -0.514225 0.150867
333
gcm: 0.629004 0.894273 0.819831
H: -1.28575 0.0590782 -3.04491
334
gcm: 0.628387 0.893874 0.827936
H: 4.93602 0.53427 -0.794515
335
gcm: 0.627687 0.894636 0.836243
H: -1.35011 -0.484258 0.380163
336
gcm: 0.626694 0.896523 0.844984
H: -1.82005 -0.559772 0.485792
337
gcm: 0.625588 0.898131 0.853186
H: 2.88001 0.397828 -0.420959
338
gcm: 0.624711 0.899283 0.860804
H: 4.95644 0.985358 -0.807336
339
gcm: 0.623803 0.900582 0.869003
H: 0.136644 0.163401 0.243759
340
gcm: 0.622786 0.90271 0.87791
H: -1.94338 -0.239831 0.786956
341
gcm: 0.621684 0.905334 0.887313
H: 1.70218 0.597498 0.0360999
342
gcm: 0.620543 0.907143 0.896277
H: 3.91357 1.57514 -1.04094
343
gcm: 0.619736 0.907833 0.904128
H: 2.79734 1.33915 -1.23209
344
gcm: 0.619609 0.909383 0.912377
H: 1.1065 0.32506 -0.755214
345
gcm: 0.620046 0.912248 0.922278
H: -3.13364 -0.695708 0.699851
346
gcm: 0.620071 0.915023 0.932005
H: 2.05688 0.66829 -0.298295
347
gcm: 0.61958 0.917846 0.941515
H: -3.08054 -0.534933 0.482532
348
gcm: 0.619229 0.919527 0.951145
H: -1.95654 -0.130765 -0.994642
349
gcm: 0.61925 0.920724 0.960533
H: -1.39331 0.0158452 -0.942891
350
gcm: 0.619339 0.922453 0.969787
H: -1.3851 -0.0344754 -0.280499
351
gcm: 0.619161 0.923863 0.97871
H: 0.674156 0.354475 -0.452708
352
gcm: 0.618763 0.925404 0.987455
H: 4.96211 1.07379 -1.76002
353
gcm: 0.61859 0.927207 0.998062
H: -5.0955 -0.444729 0.782961
354
gcm: 0.618785 0.928769 1.00794
H: 0.000503325 -0.474279 0.534789
355
gcm: 0.618691 0.929954 1.01749
H: -0.140241 -0.213623 -0.886296
356
gcm: 0.618298 0.930025 1.02708
H: -3.33037 -1.22428 1.40916
357
gcm: 0.618164 0.930365 1.03679
H: -1.74637 -0.539109 1.12316
358
gcm: 0.618238 0.931104 1.04578
H: 0.0819015 -0.261781 -0.349817
359
gcm: 0.618069 0.931607 1.05568
H: -1.24032 -0.2811 -1.64619
360
gcm: 0.617948 0.931801 1.06606
H: -1.6213 -0.291073 -1.41584
361
gcm: 0.618095 0.931662 1.07514
H: -1.73176 -0.337951 0.315948
362
gcm: 0.618262 0.932056 1.0842
H: -3.44679 -0.454998 0.585368
363
gcm: 0.618311 0.932093 1.09402
H: -1.56239 -0.282723 -0.673987
364
gcm: 0.618583 0.93167 1.10366
H: 0.907477 -0.103504 -1.0573
365
gcm: 0.619017 0.931569 1.11318
H: 2.46905 -0.164095 0.551148
366
gcm: 0.618949 0.931428 1.1227
H: -3.7603 -0.426276 -0.168733
367
gcm: 0.618786 0.931026 1.1323
H: -1.15752 -0.288554 0.728969
368
gcm: 0.618986 0.930799 1.14232
H: -0.730645 -0.179537 -0.910981
369
gcm: 0.619404 0.930683 1.15254
H: -1.62635 -0.345282 -1.00865
370
gcm: 0.619782 0.93072 1.16213
H: 1.99605 -0.529685 2.30153
371
gcm: 0.620163 0.931412 1.17143
H: -4.00397 -0.517687 0.549
372
gcm: 0.620666 0.931945 1.18114
H: -1.82901 -0.254139 -0.0393333
373
gcm: 0.620971 0.932134 1.19176
H: -0.287255 -0.142969 -0.408856
374
gcm: 0.62114 0.932569 1.20299
H: -1.50551 -0.175156 -0.498865
375
gcm: 0.621303 0.933772 1.21136
H: -4.33336 -0.463283 -0.0550552
376
gcm: 0.62141 0.935144 1.22039
H: -5.74887 -0.835476 1.58793
377
gcm: 0.621367 0.93531 1.22925
H: -2.42274 -0.747302 1.19362
378
gcm: 0.621849 0.93476 1.23796
H: -2.51597 -0.365505 0.39914
379
gcm: 0.622728 0.934225 1.24696
H: -6.43891 -0.230444 2.23528
380
gcm: 0.622488 0.933227 1.25669
H: 3.38543 -0.285942 -3.08242
381
gcm: 0.622883 0.933839 1.26648
H: -0.0776974 -0.252339 -1.18553
382
gcm: 0.623873 0.934538 1.27624
H: -1.07479 -0.393827 0.0664226
383
gcm: 0.624406 0.934145 1.28548
H: -1.8514 -0.115621 -0.295311
384
gcm: 0.624577 0.934601 1.29372
H: -2.04434 -0.183491 -0.0688235
385
gcm: 0.625132 0.935737 1.30196
H: 0.569179 -0.31461 0.344942
386
gcm: 0.626096 0.936589 1.31142
H: -0.161857 -0.04398 0.661565
387
gcm: 0.626634 0.93755 1.31826
H: -2.68728 0.0435405 1.07283
388
gcm: 0.627131 0.938145 1.32808
H: -2.3327 0.151113 1.0369
389
gcm: 0.62779 0.937926 1.33685
H: -0.840058 0.143341 0.385751
390
gcm: 0.628084 0.937755 1.34505
H: -0.982336 0.247746 0.446166
391
gcm: 0.628203 0.937516 1.35391
H: -0.0817446 0.191267 0.672566
392
gcm: 0.629269 0.937467 1.36173
H: 1.09337 0.0563959 0.744439
393
gcm: 0.630397 0.937833 1.37081
H: 1.95215 0.0669337 0.899037
394
gcm: 0.630836 0.937339 1.37703
H: 2.13075 0.145883 0.868966
395
gcm: 0.631777 0.936448 1.386
H: -1.46814 0.232642 0.400719
396
gcm: 0.632974 0.935675 1.39434
H: -2.28504 0.0772204 -0.641966
397
gcm: 0.634006 0.93488 1.4024
H: 1.13541 -0.343867 -1.35801
398
gcm: 0.634761 0.933669 1.4098
H: 2.92874 -0.546584 -2.0039
399
gcm: 0.635833 0.932675 1.41656
H: -0.540311 0.0691323 0.97393
400
gcm: 0.636523 0.931279 1.42246
H: 1.56013 -0.21943 -1.46358
401
gcm: 0.637724 0.929062 1.43148
H: 2.22741 -0.360939 -0.426929
402
gcm: 0.639248 0.927318 1.4403
H: 0.793321 -0.142467 0.776733
403
gcm: 0.640441 0.926176 1.44585
H: -0.125716 0.0505994 -0.138182
404
gcm: 0.641543 0.92534 1.45493
H: 2.32117 0.0147103 -1.75597
405
gcm: 0.643371 0.925433 1.46662
H: 6.73448 -0.411084 -3.10185
406
gcm: 0.644324 0.925904 1.47606
H: -0.188101 0.228865 0.69856
407
gcm: 0.646174 0.926125 1.48214
H: 2.9654 -0.104195 -0.842152
408
gcm: 0.648096 0.925791 1.49305
H: 3.23486 0.0252086 -0.254663
409
gcm: 0.649629 0.925679 1.49627
H: 3.66795 -0.0239545 -0.998747
410
gcm: 0.651522 0.925324 1.50693
H: 1.38181 -0.134985 0.00356974
411
gcm: 0.652905 0.925359 1.51262
H: 4.19404 -0.450416 -0.933478
412
gcm: 0.654502 0.925622 1.52244
H: 3.52734 -0.246937 -0.787856
413
gcm: 0.655858 0.925846 1.52813
H: 2.24747 -0.540679 0.521497
414
gcm: 0.657448 0.926236 1.53803
H: 3.36857 -0.475341 1.15783
415
gcm: 0.659288 0.92665 1.54708
H: 5.44264 -0.343998 0.179853
416
gcm: 0.660751 0.927428 1.55457
H: 3.15613 -0.293509 0.426833
417
gcm: 0.662405 0.928131 1.56257
H: 2.71731 -0.363924 -1.92034
418
gcm: 0.664376 0.928356 1.57094
H: 2.33104 -0.297606 0.632733
419
gcm: 0.666517 0.929558 1.58207
H: 4.18229 -0.788426 1.14732
420
gcm: 0.667939 0.931051 1.59128
H: 2.6871 -0.449933 0.156232
421
gcm: 0.669124 0.932771 1.59812
H: 1.83625 -0.275762 1.12492
422
gcm: 0.671185 0.933807 1.60734
H: 4.64237 -1.08052 1.28497
423
gcm: 0.672394 0.934689 1.6143
H: 4.11263 -0.886557 1.70355
424
gcm: 0.675976 0.936875 1.62558
H: -0.0427768 -0.0182211 -1.03299
425
gcm: 0.677258 0.93962 1.63435
H: 4.00981 -0.989905 0.996833
426
gcm: 0.678512 0.94089 1.64218
H: 8.73523 -2.11185 2.26347
427
gcm: 0.680062 0.943261 1.65182
H: -4.17532 1.1497 -0.485568
428
gcm: 0.68093 0.943498 1.65961
H: -0.233557 0.0191212 1.14113
429
gcm: 0.683185 0.944357 1.6702
H: -1.05153 -0.193548 0.630397
430
gcm: 0.683388 0.945501 1.6775
H: -1.78429 0.0493625 1.58184
431
gcm: 0.684786 0.947582 1.6871
H: -2.46611 0.384103 0.290086
432
gcm: 0.686006 0.950767 1.69579
H: -3.14234 0.544737 -0.371596
433
gcm: 0.685682 0.951675 1.70509
H: -2.05652 0.294947 0.187907
434
gcm: 0.686734 0.950347 1.71326
H: 1.76467 -0.369321 0.134716
435
gcm: 0.687963 0.954157 1.72344
H: 1.96444 -0.306064 -0.296583
436
gcm: 0.68925 0.953248 1.73118
H: 0.904887 -1.12747 -0.0232107
437
gcm: 0.689406 0.954719 1.74053
H: -0.387395 0.131752 -0.0740219
438
gcm: 0.691369 0.954493 1.74873
H: -0.267185 0.468668 -1.21597
439
gcm: 0.690561 0.955502 1.7611
H: 0.0387395 0.386167 -0.0292657
440
gcm: 0.691439 0.957236 1.76757
H: -1.85148 -0.0857736 0.536089
441
gcm: 0.692207 0.957643 1.77711
H: -1.99116 0.702215 -1.27725
442
gcm: 0.692766 0.957357 1.78585
H: -1.80812 0.622091 -0.0955013
443
gcm: 0.693281 0.956526 1.79547
H: -1.89101 0.625689 0.48282
444
gcm: 0.693875 0.956308 1.80507
H: -2.269 0.401423 -0.231344
445
gcm: 0.694695 0.956001 1.81387
H: -1.88938 0.305372 -0.417813
446
gcm: 0.695469 0.954658 1.82415
H: -1.99287 0.863932 0.360537
447
gcm: 0.696035 0.954077 1.83283
H: -1.08877 0.521007 -0.138782
448
gcm: 0.696439 0.952812 1.84189
H: -0.126247 -0.503407 -0.239659
448
gcm: 0.696439 0.952812 1.84189
H: 0 0 0
