:metadata
 
Skeleton: /Network/Servers/duerer/Volumes/duerer/laturnus/workspace/new_acm/asf/09-run.asf
Motion: /Network/Servers/duerer/Volumes/duerer/laturnus/workspace/new_acm/amc/09_06-run.amc
Mass Distribution: /Network/Servers/duerer/Volumes/duerer/laturnus/workspace/new_acm/amd/clauser1969 _point.amd
 
Inital skeleton translation: 0 0 0
Initial skeleton rotation: 0 0 0
 
:data
1
gcm: 0.0139151 1.06638 -2.07202
H: -3.20313 1.6005 0.139399
2
gcm: 0.013869 1.07248 -2.0421
H: -3.08343 1.63761 0.450952
3
gcm: 0.0141161 1.07842 -2.01085
H: -4.25582 1.81851 0.0663864
4
gcm: 0.014785 1.08504 -1.9791
H: -1.78944 1.76621 -1.02888
5
gcm: 0.015251 1.09198 -1.94801
H: -5.35574 1.35186 1.0027
6
gcm: 0.0157324 1.09794 -1.9152
H: -1.39206 1.79711 -0.281002
7
gcm: 0.0162961 1.10384 -1.88301
H: -1.89062 2.06113 -1.55841
8
gcm: 0.0170543 1.11178 -1.85002
H: 0.951491 2.59383 -3.3433
9
gcm: 0.017544 1.11913 -1.81874
H: -0.210298 2.7635 -2.16447
10
gcm: 0.0182351 1.12548 -1.78528
H: -0.588065 2.92045 -2.82732
11
gcm: 0.0191971 1.13177 -1.75457
H: -8.77926 1.495 -0.587429
12
gcm: 0.0207763 1.13713 -1.72135
H: -8.66215 1.76782 -1.52793
13
gcm: 0.0215672 1.14167 -1.68855
H: -9.52194 0.948412 0.681419
14
gcm: 0.0223596 1.14555 -1.65572
H: -12.6357 0.0468006 1.9539
15
gcm: 0.0230259 1.14919 -1.62325
H: -8.6735 0.527851 1.18692
16
gcm: 0.0240064 1.15167 -1.59045
H: -5.76908 1.22921 -0.299388
17
gcm: 0.0242513 1.15265 -1.55695
H: -1.49008 1.7262 -0.629534
18
gcm: 0.0243553 1.15334 -1.52334
H: -1.90013 1.6092 -0.763522
19
gcm: 0.0246203 1.15343 -1.48987
H: 6.59682 3.2572 -3.24937
20
gcm: 0.0249407 1.15295 -1.45706
H: 3.25977 2.29404 -2.55733
21
gcm: 0.0254851 1.15161 -1.4239
H: -5.46603 -0.248672 -0.102094
22
gcm: 0.0259718 1.15022 -1.39275
H: 7.36045 1.71218 -1.97432
23
gcm: 0.0262342 1.14788 -1.35997
H: 6.85809 1.36096 -1.37615
24
gcm: 0.0265439 1.14432 -1.32744
H: 7.85569 1.29083 0.000638151
25
gcm: 0.0262892 1.14004 -1.29432
H: 6.463 1.06627 0.965865
26
gcm: 0.0256863 1.13615 -1.2605
H: 5.64675 0.492189 1.43282
27
gcm: 0.0255769 1.13185 -1.22755
H: 6.64633 0.123935 1.69867
28
gcm: 0.0254789 1.12604 -1.19485
H: 10.0288 0.0961339 3.03974
29
gcm: 0.0259725 1.11921 -1.16127
H: 8.05069 0.181408 0.304418
30
gcm: 0.0264633 1.11292 -1.12808
H: 8.38538 -0.261487 -0.093484
31
gcm: 0.0268789 1.10502 -1.09577
H: 7.38617 -0.713242 -0.0262701
32
gcm: 0.0271324 1.10162 -1.06185
H: 7.11446 -0.406814 0.0237242
33
gcm: 0.0274326 1.09522 -1.02947
H: 6.88727 -0.385356 1.03556
34
gcm: 0.0276231 1.08857 -0.997704
H: 4.89713 -0.917037 2.38642
35
gcm: 0.0275355 1.08259 -0.966519
H: 1.72073 -1.38061 3.63005
36
gcm: 0.0271433 1.07782 -0.935826
H: -0.134825 -1.32668 4.46366
37
gcm: 0.0271864 1.07458 -0.904724
H: -0.803599 -1.16134 2.20515
38
gcm: 0.0275612 1.07205 -0.873819
H: -0.858377 -1.45126 -0.140189
39
gcm: 0.028198 1.07051 -0.843855
H: -2.27738 -1.80252 -1.34262
40
gcm: 0.0287609 1.07102 -0.81383
H: -4.27195 -2.05197 -0.993385
41
gcm: 0.0292707 1.07246 -0.783277
H: -2.95937 -1.88951 -0.607252
42
gcm: 0.0296781 1.07383 -0.753168
H: -3.02832 -1.79516 -0.619958
43
gcm: 0.0298119 1.0761 -0.723393
H: -2.84485 -1.59927 0.243477
44
gcm: 0.0297913 1.0808 -0.692659
H: -3.80769 -1.79541 -0.217668
45
gcm: 0.0298839 1.08824 -0.660929
H: -3.54609 -1.85041 -1.16531
46
gcm: 0.0303405 1.09481 -0.630152
H: -2.72509 -1.85527 -1.37244
47
gcm: 0.0307342 1.10048 -0.599821
H: -2.70575 -1.89652 -0.700589
48
gcm: 0.0308015 1.10778 -0.568405
H: -1.99594 -1.8201 -0.0938015
49
gcm: 0.0310826 1.11613 -0.537121
H: -3.81001 -1.60608 -0.825796
50
gcm: 0.0314274 1.12371 -0.505123
H: -6.2235 -2.40165 0.618384
51
gcm: 0.0316122 1.13082 -0.472829
H: -3.74579 -2.22056 0.41152
52
gcm: 0.032186 1.13586 -0.440599
H: 0.289812 -1.62816 -0.565737
53
gcm: 0.0324815 1.14222 -0.407825
H: -4.15957 -2.53853 0.9158
54
gcm: 0.0323894 1.14901 -0.375127
H: -5.5378 -2.312 0.853144
55
gcm: 0.0320465 1.1562 -0.34428
H: -9.27667 -2.14996 0.855541
56
gcm: 0.0317378 1.16162 -0.311888
H: -4.44208 -1.64885 0.0470464
57
gcm: 0.0313732 1.16644 -0.278662
H: -1.14256 -2.07737 0.673878
58
gcm: 0.0314452 1.1706 -0.246118
H: -5.10872 -1.46882 0.0721291
59
gcm: 0.0316748 1.1741 -0.213651
H: 1.0935 -2.65367 1.57042
60
gcm: 0.0324347 1.17539 -0.180098
H: 0.178304 -2.01579 1.11075
61
gcm: 0.0331837 1.17584 -0.147103
H: -2.57901 -1.61116 1.04067
62
gcm: 0.0337483 1.17607 -0.114573
H: -2.46164 -1.5689 1.4045
63
gcm: 0.0340712 1.17576 -0.0818288
H: -1.3497 -1.67666 2.22227
64
gcm: 0.0342995 1.17543 -0.0490809
H: 0.122198 -1.10281 1.87861
65
gcm: 0.0346802 1.17435 -0.0165205
H: 2.93547 -1.13808 2.22506
66
gcm: 0.0350257 1.17324 0.0153017
H: 3.57253 -1.2555 2.35202
67
gcm: 0.0358342 1.17083 0.0475866
H: 3.02378 -0.936331 1.12778
68
gcm: 0.0367168 1.16697 0.0805413
H: 5.24751 -1.2408 0.920307
69
gcm: 0.0377965 1.16234 0.113493
H: 6.98494 -0.950024 0.220723
70
gcm: 0.0386942 1.15728 0.146438
H: 7.44211 -0.194534 -0.758764
71
gcm: 0.0394083 1.15171 0.179286
H: 7.15662 -0.0895166 -1.89695
72
gcm: 0.040215 1.14504 0.211828
H: 7.83863 -0.0738138 -2.45373
73
gcm: 0.0409594 1.13788 0.244624
H: 7.51292 -0.0484156 -1.80675
74
gcm: 0.041427 1.13092 0.277786
H: 5.52744 0.336178 -0.382108
75
gcm: 0.0420223 1.12356 0.310405
H: 5.4762 0.846045 -0.0222033
76
gcm: 0.0425702 1.11496 0.342499
H: 5.95792 0.993756 -0.46658
77
gcm: 0.0428754 1.10642 0.374671
H: 4.27662 0.974223 1.19139
78
gcm: 0.04273 1.09942 0.405747
H: 2.0802 0.8782 1.12712
79
gcm: 0.0439021 1.09634 0.439787
H: 3.9045 0.955425 -1.17133
80
gcm: 0.0444445 1.0901 0.470721
H: 2.63361 0.996203 -2.30678
81
gcm: 0.0451704 1.08555 0.502007
H: 0.634651 1.15909 -2.6862
82
gcm: 0.0459208 1.08214 0.532495
H: -0.200258 1.16381 -2.55907
83
gcm: 0.0457784 1.07891 0.561941
H: -1.05983 1.45375 -0.144783
84
gcm: 0.0451297 1.07633 0.59146
H: -2.08627 1.79339 2.02731
85
gcm: 0.0452462 1.07663 0.62201
H: -2.59686 1.9053 1.225
86
gcm: 0.0458888 1.07909 0.653009
H: -3.18665 1.87836 -0.159404
87
gcm: 0.0464475 1.08187 0.683972
H: -3.34873 1.64813 0.160783
88
gcm: 0.0463523 1.08465 0.714327
H: -2.84705 1.47468 0.303797
89
gcm: 0.0462111 1.08863 0.745026
H: -3.10706 1.5401 0.0623396
90
gcm: 0.0464099 1.0947 0.776543
H: -2.69888 1.47894 -0.315586
91
gcm: 0.0465142 1.10179 0.808124
H: -2.81479 1.56759 0.0321112
92
gcm: 0.0464399 1.10731 0.838707
H: -3.67595 1.57537 -0.174616
93
gcm: 0.0463776 1.1126 0.869631
H: -2.85768 1.43329 -0.301439
94
gcm: 0.0465891 1.11859 0.901682
H: -1.63363 1.42309 -1.08582
95
gcm: 0.0466795 1.1247 0.933875
H: -2.35007 1.73943 -1.19785
96
gcm: 0.0462973 1.13036 0.96555
H: -3.0922 2.19968 -0.445345
97
gcm: 0.0459973 1.13548 0.997096
H: -3.77956 2.224 -1.13577
98
gcm: 0.0459967 1.14058 1.02897
H: -4.06815 2.12492 -1.76352
99
gcm: 0.0460557 1.1458 1.06087
H: -5.28681 2.10186 -1.61477
100
gcm: 0.0461613 1.15078 1.09271
H: -7.98074 1.60846 -0.698336
101
gcm: 0.0465974 1.15469 1.12508
H: -6.94858 0.751502 0.26521
102
gcm: 0.0470657 1.15846 1.15786
H: -4.50387 1.40782 -0.910916
103
gcm: 0.0474439 1.16155 1.1913
H: -5.61311 1.21331 -0.795856
104
gcm: 0.0475148 1.16382 1.22484
H: -5.39907 1.17777 -0.316033
105
gcm: 0.0472559 1.16595 1.25783
H: -6.16994 0.910244 0.789858
106
gcm: 0.0472138 1.16781 1.29007
H: -7.44571 0.610575 0.618281
107
gcm: 0.0468369 1.16719 1.32417
H: -1.11837 1.20574 -0.90969
108
gcm: 0.0466827 1.16593 1.35943
H: 2.9927 2.04189 -2.76426
109
gcm: 0.0468301 1.16409 1.39319
H: 3.3237 1.80203 -3.1552
110
gcm: 0.0469863 1.16141 1.4269
H: 2.3804 1.31347 -2.72838
111
gcm: 0.0465792 1.15901 1.45975
H: 4.41389 0.711742 -0.217792
112
gcm: 0.0456229 1.15628 1.49137
H: 4.85845 0.920584 0.699601
113
gcm: 0.0452675 1.15252 1.52353
H: 5.9413 1.04502 0.29175
114
gcm: 0.0447743 1.14745 1.55637
H: 6.74488 1.26118 0.874411
115
gcm: 0.0438823 1.14116 1.5889
H: 8.34041 1.24206 1.72361
116
gcm: 0.0430251 1.13441 1.62172
H: 10.5687 0.992689 3.53361
117
gcm: 0.0424274 1.12818 1.65535
H: 8.30858 0.403215 3.33498
118
gcm: 0.0422165 1.12163 1.6887
H: 7.87622 0.123879 1.32501
119
gcm: 0.0420723 1.11389 1.72117
H: 7.9279 -0.117638 -0.00232698
120
gcm: 0.0422298 1.10655 1.75415
H: 6.9282 -0.499722 -0.242904
121
gcm: 0.0420683 1.0998 1.78711
H: 5.81197 -0.731606 0.72503
122
gcm: 0.0417755 1.09413 1.82031
H: 5.15061 -0.932997 1.3552
123
gcm: 0.0417409 1.08707 1.8523
H: 3.64298 -1.15774 1.24718
124
gcm: 0.0412536 1.08085 1.88382
H: 1.94795 -1.15687 3.35863
125
gcm: 0.0404177 1.07541 1.91429
H: 0.0027727 -1.36632 3.69466
126
gcm: 0.0404347 1.07146 1.9444
H: -2.05867 -1.8318 -0.466937
127
gcm: 0.0407727 1.06893 1.97459
H: -3.22565 -2.08644 -2.75037
128
gcm: 0.0406484 1.06685 2.00432
H: -4.48423 -2.13091 -1.9991
129
gcm: 0.0402949 1.06756 2.03684
H: 1.11597 -0.913625 1.43655
130
gcm: 0.0400535 1.068 2.0674
H: -2.34721 -1.80598 0.504193
131
gcm: 0.0397458 1.06967 2.09843
H: -1.48385 -1.85999 -0.271065
132
gcm: 0.0393206 1.07225 2.12912
H: -1.49059 -1.69033 -0.622113
133
gcm: 0.0390674 1.07417 2.159
H: -2.35738 -1.63044 0.92177
134
gcm: 0.0387473 1.08016 2.18998
H: -3.30505 -2.02959 -0.343624
135
gcm: 0.0382205 1.08608 2.22173
H: -2.67257 -1.75612 -0.426523
136
gcm: 0.0377809 1.09234 2.25324
H: -2.39551 -1.69733 -0.286296
137
gcm: 0.0374578 1.09919 2.28557
H: -3.78252 -1.94065 -0.603035
138
gcm: 0.0370669 1.10481 2.31582
H: -3.96908 -2.25093 -0.221116
139
gcm: 0.0354554 1.1123 2.34884
H: -2.20741 -1.01608 1.33805
140
gcm: 0.0350714 1.11887 2.38056
H: -3.041 -2.43903 -0.674539
140
gcm: 0.0350714 1.11887 2.38056
H: 0 0 0
