:metadata
 
Skeleton: /Network/Servers/duerer/Volumes/duerer/laturnus/workspace/new_acm/asf/07-walk.asf
Motion: /Network/Servers/duerer/Volumes/duerer/laturnus/workspace/new_acm/amc/07_05-walk.amc
Mass Distribution: /Network/Servers/duerer/Volumes/duerer/laturnus/workspace/new_acm/amd/clauser1969.amd
 
Inital skeleton translation: 0 0 0
Initial skeleton rotation: 0 0 0
 
:data
1
gcm: 0.461251 1.01573 -2.17058
H: -2.446 -0.977303 -0.997731
2
gcm: 0.461357 1.01523 -2.16399
H: -2.78251 -0.917697 -0.131595
3
gcm: 0.461043 1.01498 -2.15732
H: -2.71703 -0.504702 0.681693
4
gcm: 0.461428 1.01497 -2.15001
H: -1.9648 -0.651345 0.373983
5
gcm: 0.462125 1.0151 -2.1426
H: -2.65655 -0.849142 -0.257518
6
gcm: 0.462819 1.01576 -2.13533
H: -2.88374 -0.811376 -0.170867
7
gcm: 0.463248 1.01563 -2.12826
H: -3.72932 -0.541566 -0.0971987
8
gcm: 0.46365 1.01458 -2.12128
H: -2.19643 -0.597206 0.022899
9
gcm: 0.463911 1.01451 -2.11417
H: -2.77614 -0.578425 0.666569
10
gcm: 0.464276 1.01481 -2.10697
H: -3.46212 -0.515257 0.611312
11
gcm: 0.464937 1.01448 -2.09971
H: -3.23246 -0.516197 0.0829868
12
gcm: 0.465533 1.01449 -2.0924
H: -1.60907 -0.324693 1.33004
13
gcm: 0.46592 1.01415 -2.08516
H: -2.52099 -0.175097 1.13621
14
gcm: 0.466196 1.01298 -2.07786
H: -2.56373 -0.0870358 1.79469
15
gcm: 0.466886 1.01205 -2.07025
H: -1.08878 -0.283656 1.41678
16
gcm: 0.467665 1.01135 -2.06277
H: -1.86995 -0.333764 1.0814
17
gcm: 0.468287 1.01118 -2.05532
H: -1.86822 0.0528847 1.83974
18
gcm: 0.468387 1.01157 -2.04756
H: -0.187333 0.268757 1.70105
19
gcm: 0.467123 1.01176 -2.04172
H: -3.64016 0.613139 2.5357
20
gcm: 0.468111 1.01132 -2.03412
H: -0.883984 -0.35071 0.0973126
21
gcm: 0.471066 1.01033 -2.02497
H: 0.526266 -0.82949 -2.28211
22
gcm: 0.470028 1.01003 -2.0198
H: -1.21023 0.456002 3.7851
23
gcm: 0.473763 1.00789 -2.00946
H: 1.06141 -0.953141 -3.8698
24
gcm: 0.474043 1.00817 -2.00108
H: 3.15697 0.689609 1.68736
25
gcm: 0.476333 1.00789 -1.99313
H: -0.281523 -1.12168 -2.27982
26
gcm: 0.477066 1.00712 -1.98507
H: 1.49266 -0.129924 0.532665
27
gcm: 0.478092 1.00546 -1.9769
H: 1.57017 -0.148581 -0.524689
28
gcm: 0.479852 1.00533 -1.96776
H: 3.15117 -0.235162 -1.07154
29
gcm: 0.481806 1.00503 -1.95872
H: 2.77624 -0.075614 -0.892842
30
gcm: 0.483421 1.00463 -1.95001
H: 2.7495 -0.0520104 -0.702365
31
gcm: 0.484912 1.00409 -1.94107
H: 4.9265 -0.296841 0.081135
32
gcm: 0.486568 1.00347 -1.93166
H: 4.78989 -0.124513 -0.264735
33
gcm: 0.488272 1.00428 -1.92208
H: 4.37455 -0.00832836 -0.618002
34
gcm: 0.490256 1.00458 -1.91283
H: 4.3697 -0.126525 -1.22004
35
gcm: 0.492426 1.00323 -1.90381
H: 4.89541 -0.281786 -1.28447
36
gcm: 0.494396 1.00249 -1.89455
H: 4.63703 -0.233963 -0.542322
37
gcm: 0.49668 1.00275 -1.88472
H: 4.91073 -0.0858058 -1.38313
38
gcm: 0.49964 1.00292 -1.87436
H: 4.74399 -0.328322 -1.79582
39
gcm: 0.500598 1.0035 -1.86549
H: 2.89912 0.533664 0.0693689
40
gcm: 0.501807 1.00356 -1.85635
H: 3.37833 0.280538 0.0505779
41
gcm: 0.504482 1.00304 -1.84684
H: 3.26268 -0.341599 -0.248289
42
gcm: 0.506775 1.00224 -1.83754
H: 3.36365 -0.309171 -0.250273
43
gcm: 0.508582 1.00594 -1.82733
H: 3.48867 -0.0547042 -1.4863
44
gcm: 0.510702 1.00679 -1.81624
H: 1.74047 0.358821 -1.31474
45
gcm: 0.512778 1.00717 -1.80585
H: 1.28876 0.236046 -0.173804
46
gcm: 0.514973 1.00831 -1.79544
H: 2.06599 0.0485291 -0.839284
47
gcm: 0.51732 1.01002 -1.78516
H: 2.46725 -0.0755009 -1.99287
48
gcm: 0.519612 1.01145 -1.77513
H: 3.25594 -0.0456732 -2.19307
49
gcm: 0.521646 1.01223 -1.76551
H: 2.62894 0.115201 -1.19783
50
gcm: 0.523435 1.01289 -1.75628
H: 2.17679 0.034125 -0.357987
51
gcm: 0.525124 1.01416 -1.74717
H: 2.04357 -0.0640577 -1.05019
52
gcm: 0.526798 1.01586 -1.73811
H: 1.74754 -0.0696533 -0.757711
53
gcm: 0.528472 1.0174 -1.72924
H: 1.18859 0.0129459 0.465554
54
gcm: 0.530237 1.01875 -1.72041
H: 1.41065 -0.0397207 0.0721757
55
gcm: 0.531915 1.02006 -1.71157
H: 1.87268 -0.0737594 -0.687115
56
gcm: 0.533564 1.02161 -1.70268
H: 2.28443 0.0232655 -0.985749
57
gcm: 0.535195 1.02324 -1.6937
H: 2.52578 -0.0370541 -0.639974
58
gcm: 0.536371 1.02468 -1.68528
H: 1.25193 0.145078 0.324157
59
gcm: 0.537695 1.02613 -1.67759
H: -0.14501 0.259587 0.0449332
60
gcm: 0.539556 1.0274 -1.66961
H: -0.212965 0.192672 -0.795641
61
gcm: 0.54111 1.02862 -1.66135
H: -0.0385436 0.329038 -0.484021
62
gcm: 0.542322 1.02992 -1.65351
H: -0.140189 0.563109 -0.527447
63
gcm: 0.543505 1.03162 -1.6457
H: -0.408355 0.504463 -0.726006
64
gcm: 0.544486 1.03306 -1.63784
H: -0.428163 0.429239 -0.0434115
65
gcm: 0.545229 1.03455 -1.63034
H: -0.538402 0.577915 0.52601
66
gcm: 0.546127 1.03557 -1.62329
H: -0.856626 0.725339 -0.021736
67
gcm: 0.547354 1.03647 -1.61602
H: -1.34996 0.703219 -0.761012
68
gcm: 0.548512 1.0376 -1.60853
H: -1.68017 0.670153 -0.605405
69
gcm: 0.549405 1.03835 -1.60111
H: -1.12309 0.789062 0.368725
70
gcm: 0.550148 1.03889 -1.59361
H: -1.29222 0.88894 0.573944
71
gcm: 0.55106 1.0393 -1.58671
H: -2.51 0.784543 -0.492875
72
gcm: 0.551958 1.03928 -1.58003
H: -2.62086 0.761053 -0.658623
73
gcm: 0.552774 1.0396 -1.57251
H: -2.06826 0.767919 -0.590935
74
gcm: 0.553595 1.03998 -1.56495
H: -1.9725 0.693251 -0.345791
75
gcm: 0.554282 1.03995 -1.55781
H: -2.21375 1.02555 1.25645
76
gcm: 0.554951 1.0391 -1.55064
H: -2.10755 0.903328 -0.282309
77
gcm: 0.555889 1.03873 -1.54329
H: -1.2082 0.646835 -1.57795
78
gcm: 0.556772 1.0383 -1.53603
H: -1.46352 0.778554 -0.540991
79
gcm: 0.557523 1.03804 -1.52888
H: -2.5915 0.916886 0.501375
80
gcm: 0.55815 1.03775 -1.52173
H: -2.93283 0.912478 0.443211
81
gcm: 0.558649 1.03763 -1.51449
H: -2.32183 0.96396 0.00803822
82
gcm: 0.55919 1.03728 -1.50718
H: -1.26429 0.897474 -0.398978
83
gcm: 0.559779 1.03643 -1.49987
H: -1.29057 0.817025 -0.517073
84
gcm: 0.560223 1.03577 -1.49245
H: -2.51671 0.837294 -0.507166
85
gcm: 0.560678 1.03508 -1.48507
H: -2.63646 0.829171 -0.0612356
86
gcm: 0.561137 1.03453 -1.47775
H: -2.64093 0.874889 -0.127652
87
gcm: 0.561459 1.03446 -1.47035
H: -2.86433 0.938609 -0.586957
88
gcm: 0.561772 1.03443 -1.46327
H: -3.69394 0.985781 0.0644221
89
gcm: 0.562157 1.03421 -1.45633
H: -3.8172 0.929588 0.56328
90
gcm: 0.562649 1.03388 -1.44913
H: -3.01294 0.806321 -0.0356147
91
gcm: 0.563115 1.03347 -1.44206
H: -2.12252 0.822856 -0.27571
92
gcm: 0.563434 1.03302 -1.43536
H: -2.16625 0.842624 0.00923384
93
gcm: 0.563762 1.03302 -1.42847
H: -2.93094 0.778812 -0.746043
94
gcm: 0.564272 1.03335 -1.42124
H: -3.68004 0.714192 -1.23355
95
gcm: 0.56474 1.0333 -1.41423
H: -3.53391 0.668862 -0.673208
96
gcm: 0.56486 1.03297 -1.40728
H: -3.0399 0.743202 -0.0725794
97
gcm: 0.564677 1.03266 -1.40025
H: -3.18875 0.878758 0.474277
98
gcm: 0.564645 1.03253 -1.39321
H: -3.14266 0.823037 0.139023
99
gcm: 0.564948 1.03243 -1.38602
H: -3.28448 0.722665 -0.280006
100
gcm: 0.56535 1.03228 -1.37881
H: -3.6868 0.688833 -0.695044
101
gcm: 0.565373 1.03286 -1.37185
H: -3.42582 0.747679 -0.407164
102
gcm: 0.565172 1.03379 -1.36499
H: -3.15007 0.81431 0.204067
103
gcm: 0.565333 1.03366 -1.35784
H: -3.5948 0.73893 -0.408501
104
gcm: 0.565529 1.03364 -1.35055
H: -3.92011 0.730359 -0.331297
105
gcm: 0.565458 1.03424 -1.34342
H: -4.18693 0.791574 0.340542
106
gcm: 0.56529 1.03359 -1.33645
H: -3.88372 0.764669 0.0121678
107
gcm: 0.565282 1.03245 -1.32952
H: -2.6391 0.663722 -0.60728
108
gcm: 0.565569 1.03241 -1.32302
H: -2.48347 0.669163 -0.185791
109
gcm: 0.564785 1.03245 -1.31592
H: -1.49827 0.312104 -1.1021
110
gcm: 0.56424 1.03221 -1.30808
H: -1.96649 0.438816 -0.258538
111
gcm: 0.564192 1.03164 -1.30003
H: -1.92442 0.42203 -0.209819
112
gcm: 0.564264 1.0311 -1.29225
H: -1.32437 0.280175 -0.726253
113
gcm: 0.564013 1.03049 -1.28451
H: -1.57161 0.180562 -0.813891
114
gcm: 0.563698 1.02935 -1.27652
H: -1.68864 0.104183 -0.599114
115
gcm: 0.563338 1.028 -1.26853
H: -1.29777 0.162061 -0.366049
116
gcm: 0.562749 1.02685 -1.26069
H: -1.29857 0.188004 -0.529777
117
gcm: 0.562248 1.02604 -1.25254
H: -0.345662 0.0512295 -0.834305
118
gcm: 0.561849 1.02572 -1.24435
H: 0.0880025 -0.00955185 -0.583539
119
gcm: 0.561034 1.02529 -1.23641
H: -0.558626 0.0252692 -0.0364043
120
gcm: 0.560132 1.02442 -1.22818
H: -1.12856 -0.091332 -0.313998
121
gcm: 0.559431 1.02303 -1.2198
H: 0.181681 0.0200863 -0.336685
122
gcm: 0.558546 1.02176 -1.21143
H: -0.0535655 0.155458 -0.111728
123
gcm: 0.557423 1.02131 -1.20283
H: 0.5887 0.195745 0.650137
124
gcm: 0.556343 1.02094 -1.1941
H: 1.32577 0.0709227 0.157828
125
gcm: 0.555662 1.02028 -1.18526
H: 1.11546 -0.117018 -0.731237
126
gcm: 0.554845 1.01925 -1.17625
H: 0.946121 0.0838267 0.24088
127
gcm: 0.553418 1.01829 -1.1669
H: 0.551942 0.275654 1.11282
128
gcm: 0.551962 1.01786 -1.15753
H: 1.35243 0.0176748 0.649366
129
gcm: 0.550819 1.01729 -1.14823
H: 3.05245 -0.0100977 0.00214477
130
gcm: 0.549644 1.01602 -1.13883
H: 3.33695 0.164216 0.301188
131
gcm: 0.54806 1.01481 -1.12936
H: 3.30665 0.18884 1.30592
132
gcm: 0.546519 1.01473 -1.11957
H: 3.68268 0.0218438 1.22862
133
gcm: 0.545156 1.01543 -1.10924
H: 4.15155 0.0901106 1.05779
134
gcm: 0.543247 1.01609 -1.09903
H: 3.78383 0.242034 1.66392
135
gcm: 0.541182 1.01635 -1.08905
H: 3.96457 0.195835 1.53071
136
gcm: 0.539432 1.01619 -1.0789
H: 4.20894 0.154971 1.23511
137
gcm: 0.537656 1.01573 -1.06876
H: 4.20814 0.274216 1.53641
138
gcm: 0.536161 1.01521 -1.05868
H: 4.3952 0.25029 0.785124
139
gcm: 0.534717 1.01522 -1.04858
H: 4.45602 0.217794 0.195814
140
gcm: 0.532831 1.01568 -1.03844
H: 4.16672 0.414545 0.822634
141
gcm: 0.530946 1.0163 -1.02837
H: 3.15946 0.183132 1.13445
142
gcm: 0.529198 1.0174 -1.01844
H: 2.47541 0.00267441 0.675654
143
gcm: 0.527088 1.01841 -1.0087
H: 2.76717 0.350814 1.16442
144
gcm: 0.524992 1.01905 -0.998893
H: 3.33251 0.318644 1.75568
145
gcm: 0.523498 1.02045 -0.989233
H: 2.9692 0.0928371 0.310645
146
gcm: 0.521993 1.02245 -0.979898
H: 2.11203 0.0267352 0.204518
147
gcm: 0.520307 1.02379 -0.969782
H: 2.05158 -0.106298 1.5749
148
gcm: 0.518899 1.02493 -0.959029
H: 0.653349 -0.440883 1.98891
149
gcm: 0.517545 1.02686 -0.949138
H: 0.63968 -0.244187 1.23005
150
gcm: 0.516204 1.02874 -0.939321
H: 0.532012 -0.104191 1.15101
151
gcm: 0.514753 1.03023 -0.929783
H: 0.836502 0.105709 0.932062
152
gcm: 0.513224 1.03188 -0.920662
H: 1.30762 0.2468 0.634267
153
gcm: 0.512045 1.034 -0.911578
H: 1.23601 0.0860043 0.323167
154
gcm: 0.510924 1.03621 -0.902697
H: -0.111552 -0.0186458 0.442396
155
gcm: 0.509545 1.03852 -0.894037
H: -1.26625 -0.0827951 0.498414
156
gcm: 0.508385 1.04091 -0.885047
H: -1.06189 -0.0822204 -0.204797
157
gcm: 0.507482 1.04299 -0.876148
H: -0.753811 -0.141504 -0.865789
158
gcm: 0.506691 1.04496 -0.86766
H: -0.720179 -0.401105 -1.58543
159
gcm: 0.505822 1.04657 -0.859375
H: -0.831657 -0.310851 -0.442875
160
gcm: 0.504731 1.04797 -0.851149
H: -1.0493 -0.164132 0.880598
161
gcm: 0.503643 1.04981 -0.843142
H: -1.69848 -0.300879 0.644389
162
gcm: 0.502632 1.05176 -0.83514
H: -0.702866 -0.0677919 -0.132344
163
gcm: 0.501895 1.05353 -0.826722
H: 1.70584 0.0395976 -0.858866
164
gcm: 0.501242 1.05502 -0.818139
H: -0.759429 -0.745126 0.0817265
165
gcm: 0.500506 1.05634 -0.809945
H: -1.86054 -0.846569 -0.0260887
166
gcm: 0.499744 1.05738 -0.802104
H: -1.28118 -0.713955 0.0912501
167
gcm: 0.498914 1.0583 -0.794229
H: -1.3375 -0.591656 0.904967
168
gcm: 0.498192 1.05894 -0.786336
H: -1.61429 -0.748066 0.531679
169
gcm: 0.497507 1.05919 -0.776703
H: 1.26966 -0.575969 0.0558666
170
gcm: 0.496543 1.0595 -0.770324
H: -4.61656 -0.822408 0.280914
171
gcm: 0.495811 1.05987 -0.763573
H: -3.11013 -0.829457 -0.618611
172
gcm: 0.495506 1.05988 -0.756145
H: -1.50989 -0.887208 -0.778742
173
gcm: 0.495024 1.05936 -0.74827
H: -1.55266 -0.888517 0.327123
174
gcm: 0.494435 1.05922 -0.7402
H: -1.73075 -0.916115 -0.0254355
175
gcm: 0.494203 1.05918 -0.732113
H: -1.71534 -0.961651 -0.975624
176
gcm: 0.494312 1.05839 -0.723696
H: -1.10586 -0.973563 -0.528646
177
gcm: 0.494375 1.05762 -0.713441
H: 1.87229 -0.695212 0.19502
178
gcm: 0.49419 1.05725 -0.705734
H: -2.35244 -1.04018 0.70698
179
gcm: 0.494722 1.05657 -0.698144
H: -2.54559 -1.18499 -0.0145087
180
gcm: 0.493613 1.05619 -0.68976
H: -1.32679 -0.563048 0.0139295
181
gcm: 0.492731 1.05616 -0.684691
H: -6.35386 -1.08299 0.38778
182
gcm: 0.492767 1.05524 -0.677323
H: -3.00485 -0.96019 -0.229876
183
gcm: 0.493358 1.05419 -0.668513
H: -0.295035 -0.894872 -0.901852
184
gcm: 0.493447 1.05377 -0.65997
H: -0.130185 -0.795673 -0.564889
185
gcm: 0.494 1.05388 -0.650603
H: -0.889639 -0.977002 0.0641175
186
gcm: 0.493125 1.05428 -0.64476
H: -6.31092 -0.865085 0.113498
187
gcm: 0.493888 1.0546 -0.635171
H: 0.318368 -0.820108 -0.773432
188
gcm: 0.493899 1.05493 -0.626187
H: -0.911463 -0.864802 -0.310038
189
gcm: 0.494066 1.05515 -0.618145
H: -3.12187 -1.01105 -0.160602
190
gcm: 0.494439 1.05455 -0.61114
H: -5.33756 -1.04931 0.40768
191
gcm: 0.494407 1.05426 -0.604789
H: -5.38018 -1.01408 0.842448
192
gcm: 0.493952 1.05459 -0.598255
H: -3.92913 -0.972366 0.458605
193
gcm: 0.494006 1.05414 -0.590846
H: -2.63743 -0.925347 -0.211226
194
gcm: 0.495061 1.05351 -0.582201
H: -1.17323 -1.04302 -0.513893
195
gcm: 0.495054 1.05353 -0.57461
H: -3.59689 -0.830478 0.734041
196
gcm: 0.495526 1.05309 -0.565845
H: -1.39406 -0.954987 0.62225
197
gcm: 0.495815 1.05287 -0.559137
H: -4.29959 -0.785945 -0.513916
198
gcm: 0.496844 1.05332 -0.550584
H: -1.55107 -0.943127 -0.552069
199
gcm: 0.496574 1.0537 -0.543619
H: -4.54379 -0.610612 0.663457
200
gcm: 0.496986 1.05343 -0.536176
H: -3.96938 -0.745787 -0.0334361
201
gcm: 0.497721 1.05298 -0.528534
H: -4.07053 -0.87928 0.186634
202
gcm: 0.498355 1.05221 -0.520914
H: -4.05272 -0.787584 1.09239
203
gcm: 0.498663 1.05145 -0.513165
H: -3.22333 -0.697756 0.858265
204
gcm: 0.499015 1.05113 -0.505477
H: -2.83896 -0.696636 0.00209237
205
gcm: 0.499535 1.05153 -0.497931
H: -3.74691 -0.532189 0.458903
206
gcm: 0.500057 1.05132 -0.490185
H: -3.44904 -0.396291 1.18566
207
gcm: 0.500617 1.05106 -0.482478
H: -2.00991 -0.615055 1.57022
208
gcm: 0.501171 1.05079 -0.475056
H: -2.22124 -0.291272 1.80451
209
gcm: 0.501535 1.05047 -0.468526
H: -1.42327 -0.172586 1.99094
210
gcm: 0.502272 1.04963 -0.46019
H: -1.3087 -0.0719277 1.22841
211
gcm: 0.503213 1.04871 -0.451771
H: -1.32028 -0.353005 0.895236
212
gcm: 0.504322 1.04787 -0.44312
H: -0.497336 -0.47703 0.474078
213
gcm: 0.505429 1.04716 -0.434693
H: 0.394465 -0.292796 0.168485
214
gcm: 0.50627 1.04648 -0.426687
H: 0.197864 -0.0873871 0.331848
215
gcm: 0.50749 1.04601 -0.417484
H: 0.883053 -0.0330676 -0.0299246
216
gcm: 0.508756 1.04495 -0.408657
H: 1.06712 -0.235481 -0.143053
217
gcm: 0.510098 1.0436 -0.399894
H: 1.65398 -0.350784 -0.391927
218
gcm: 0.511654 1.04202 -0.39068
H: 2.06569 -0.344142 -0.569
219
gcm: 0.513138 1.0405 -0.381375
H: 2.24566 -0.224012 -0.662528
220
gcm: 0.514367 1.03839 -0.372472
H: 1.29392 -0.187935 0.367684
221
gcm: 0.515724 1.03724 -0.363554
H: 1.54393 0.00170149 0.29364
222
gcm: 0.517396 1.03584 -0.353719
H: 3.33158 0.0569605 -0.190915
223
gcm: 0.518972 1.03418 -0.343785
H: 4.20238 -0.0185126 -0.227448
224
gcm: 0.520399 1.03355 -0.33423
H: 4.10853 0.0104563 -0.347748
225
gcm: 0.521774 1.03462 -0.324779
H: 3.29853 0.187356 -0.289389
226
gcm: 0.523419 1.03462 -0.314881
H: 3.29192 -0.0216676 -0.973043
227
gcm: 0.525399 1.03379 -0.304597
H: 3.78436 -0.40173 -1.44163
228
gcm: 0.527575 1.03161 -0.294857
H: 4.08665 -0.407679 -0.929585
229
gcm: 0.529584 1.03111 -0.285076
H: 4.56499 -0.0933127 -0.894273
230
gcm: 0.531486 1.03089 -0.274589
H: 4.7313 -0.171585 -0.838977
231
gcm: 0.533712 1.03037 -0.264227
H: 4.86394 -0.337427 -1.29254
232
gcm: 0.535721 1.02992 -0.254522
H: 3.35143 -0.260425 -1.21697
233
gcm: 0.538224 1.02994 -0.242413
H: 4.36787 -0.0161817 -1.44453
234
gcm: 0.539807 1.0304 -0.232988
H: 2.42537 -0.0740419 1.03175
235
gcm: 0.541833 1.03096 -0.222717
H: 3.90285 -0.191496 -0.182688
236
gcm: 0.544088 1.03186 -0.212064
H: 4.51607 -0.236683 -1.33322
237
gcm: 0.546092 1.03297 -0.202455
H: 3.36344 -0.0826472 -0.421417
238
gcm: 0.547816 1.03396 -0.193868
H: 1.91558 -0.225643 0.481154
239
gcm: 0.550237 1.03483 -0.184013
H: 2.86951 -0.370077 -0.665926
240
gcm: 0.552482 1.03493 -0.173413
H: 0.413565 0.692951 -0.509796
241
gcm: 0.554478 1.03504 -0.162846
H: 0.542146 0.64574 -0.54332
242
gcm: 0.556342 1.03581 -0.152598
H: 1.97943 0.433311 -1.23959
243
gcm: 0.558271 1.03725 -0.142568
H: 2.33551 0.369981 -1.70131
244
gcm: 0.560263 1.03887 -0.132731
H: 1.36265 0.269587 -1.88968
245
gcm: 0.562291 1.04022 -0.12308
H: 1.4409 0.160532 -1.51471
246
gcm: 0.564254 1.04138 -0.113129
H: 2.13794 0.320434 -0.792153
247
gcm: 0.566396 1.043 -0.103187
H: 0.47906 0.149017 -1.36377
248
gcm: 0.567716 1.04438 -0.0942894
H: 2.44163 0.216906 0.513265
249
gcm: 0.569232 1.04583 -0.0852288
H: 1.37189 0.370193 -0.20783
250
gcm: 0.570967 1.04758 -0.0756742
H: 1.56083 0.27813 -1.7072
251
gcm: 0.572664 1.04885 -0.0666949
H: 1.20471 0.20969 -1.14279
252
gcm: 0.574166 1.05029 -0.0581868
H: -0.0750028 0.24101 0.0159654
253
gcm: 0.575383 1.05228 -0.0495976
H: -0.533852 0.277253 0.303751
254
gcm: 0.576467 1.05414 -0.0407383
H: 0.0471981 0.404035 0.0488912
255
gcm: 0.57769 1.05536 -0.0317219
H: 0.606965 0.425586 0.147594
256
gcm: 0.578855 1.05642 -0.0233973
H: -0.0591097 0.483606 0.236742
257
gcm: 0.579872 1.05764 -0.0155235
H: -0.599302 0.429114 0.329516
258
gcm: 0.581069 1.05896 -0.00712844
H: -0.420227 0.616407 -0.328735
259
gcm: 0.582261 1.06036 0.00132022
H: -0.369632 0.636917 -0.661259
260
gcm: 0.583248 1.06191 0.0097625
H: -0.439285 0.707442 -0.194036
261
gcm: 0.583959 1.06418 0.0182855
H: -1.16329 0.978423 0.999053
262
gcm: 0.584578 1.06513 0.0264811
H: -1.29148 1.04739 1.75195
263
gcm: 0.585681 1.06599 0.0347176
H: -1.38306 0.904076 -0.378201
264
gcm: 0.587067 1.06685 0.0427668
H: -1.86421 0.704479 -2.00673
265
gcm: 0.588188 1.06725 0.0507541
H: -1.92369 0.871331 -0.40275
266
gcm: 0.588938 1.06671 0.0588819
H: -1.76688 1.12969 0.761366
267
gcm: 0.59004 1.06756 0.0670655
H: -2.36341 0.929298 -0.96576
268
gcm: 0.591264 1.06921 0.0753164
H: -2.52186 1.04615 -0.511278
269
gcm: 0.592365 1.06968 0.0833644
H: -2.05962 1.00625 -0.977575
270
gcm: 0.59276 1.06989 0.0915032
H: -2.03345 1.10768 1.36347
271
gcm: 0.593234 1.06907 0.0994629
H: -2.73926 0.823998 0.0832587
272
gcm: 0.593926 1.06845 0.107327
H: -2.80222 1.11172 0.903295
273
gcm: 0.594509 1.06818 0.115085
H: -2.20979 1.07247 -0.183701
274
gcm: 0.59532 1.06802 0.123259
H: -3.20942 0.984028 -0.325673
275
gcm: 0.596285 1.06751 0.131534
H: -1.76168 0.866287 -0.407353
276
gcm: 0.597097 1.06695 0.139928
H: -1.85409 0.878289 -0.308348
277
gcm: 0.597515 1.06631 0.147737
H: -3.73287 1.13003 0.52122
278
gcm: 0.598091 1.06613 0.15558
H: -3.1501 1.08957 0.230099
279
gcm: 0.598947 1.06651 0.163848
H: -2.0556 0.97835 -0.296628
280
gcm: 0.599704 1.06689 0.171841
H: -3.41428 0.935878 -0.43266
281
gcm: 0.600316 1.0672 0.179233
H: -4.81183 0.883767 -0.503631
282
gcm: 0.600807 1.06769 0.186857
H: -4.94847 1.03327 0.34247
283
gcm: 0.601273 1.06837 0.195184
H: -3.29552 1.02214 0.397005
284
gcm: 0.601894 1.06891 0.203574
H: -2.13051 0.822818 -0.330494
285
gcm: 0.602397 1.06885 0.211695
H: -4.65275 1.07917 -0.0813147
286
gcm: 0.602353 1.06826 0.219119
H: -5.15211 1.26292 1.23753
287
gcm: 0.603428 1.06856 0.227852
H: -2.72302 0.615199 -1.81645
288
gcm: 0.603973 1.06922 0.235738
H: -3.6838 0.966234 0.294601
289
gcm: 0.60437 1.06871 0.243211
H: -4.69064 1.04109 0.211606
290
gcm: 0.604773 1.06843 0.250413
H: -4.70626 0.926508 -0.376914
291
gcm: 0.605032 1.06897 0.258589
H: -2.64624 0.937167 0.381061
292
gcm: 0.605356 1.06984 0.266483
H: -3.99438 0.901623 0.704551
293
gcm: 0.605229 1.07044 0.273721
H: -5.1088 1.00935 0.424136
294
gcm: 0.60541 1.07035 0.281083
H: -3.614 0.90569 -1.06451
295
gcm: 0.606017 1.07002 0.289142
H: -3.86454 0.937502 -1.01981
296
gcm: 0.606459 1.06971 0.296733
H: -3.39011 0.851355 -1.57732
297
gcm: 0.606695 1.06963 0.303934
H: -2.81164 0.75059 -1.75837
298
gcm: 0.606511 1.07025 0.311403
H: -3.27429 0.769327 -0.230925
299
gcm: 0.606404 1.071 0.319501
H: -3.25837 0.515456 0.292348
300
gcm: 0.606543 1.07121 0.327775
H: -2.98754 0.223369 -1.54358
301
gcm: 0.606872 1.07061 0.336475
H: -2.68903 0.0902495 -2.21137
302
gcm: 0.607248 1.06974 0.345367
H: -2.93728 0.055276 -1.63148
303
gcm: 0.607376 1.06906 0.353914
H: -1.49494 -0.0296481 -1.5948
304
gcm: 0.607576 1.06814 0.362514
H: -1.0228 -0.0411708 -1.66855
305
gcm: 0.607651 1.06681 0.371287
H: -1.30919 0.107617 -1.0532
306
gcm: 0.607235 1.06542 0.37996
H: -1.40972 0.422502 0.112956
307
gcm: 0.606596 1.06428 0.388429
H: -0.633563 0.424582 0.720696
308
gcm: 0.606256 1.06324 0.397373
H: 0.186002 0.354371 0.828425
309
gcm: 0.605891 1.06195 0.40672
H: 2.18612 0.6583 0.903631
310
gcm: 0.604804 1.06096 0.415985
H: 1.91726 0.738885 2.52314
311
gcm: 0.603829 1.05969 0.425461
H: 2.20834 0.655007 2.57874
312
gcm: 0.603438 1.05777 0.435266
H: 2.02913 0.564012 1.5245
313
gcm: 0.603028 1.0559 0.445155
H: 2.34475 0.556354 1.29302
314
gcm: 0.602349 1.05409 0.455045
H: 3.42712 0.431195 0.930681
315
gcm: 0.601428 1.05282 0.464628
H: 3.54729 0.590189 2.4842
316
gcm: 0.600466 1.05174 0.474292
H: 2.09245 0.380402 2.22277
317
gcm: 0.599565 1.05004 0.484338
H: 4.25293 0.107341 0.243047
318
gcm: 0.599109 1.04879 0.494932
H: 4.88129 0.226182 0.00755093
319
gcm: 0.598735 1.04819 0.505974
H: 4.73622 0.341331 0.40074
320
gcm: 0.597058 1.04741 0.517022
H: 3.61997 0.501495 2.90128
321
gcm: 0.595878 1.04714 0.527787
H: 3.84721 0.364735 2.04444
322
gcm: 0.59491 1.04684 0.538615
H: 5.36142 0.288922 1.38147
323
gcm: 0.59339 1.04605 0.549317
H: 5.56579 0.304362 2.05985
324
gcm: 0.59185 1.04559 0.560124
H: 4.64441 0.34525 1.83476
325
gcm: 0.590664 1.04554 0.571043
H: 4.43438 0.325852 0.916337
326
gcm: 0.589471 1.04534 0.581528
H: 3.98091 0.222596 0.80501
327
gcm: 0.58828 1.04514 0.591766
H: 3.89508 0.138881 1.174
328
gcm: 0.586994 1.04513 0.602238
H: 4.14272 0.200304 1.28095
329
gcm: 0.585056 1.04546 0.612898
H: 3.69151 0.330816 2.06989
330
gcm: 0.583238 1.04634 0.623408
H: 4.0486 0.291059 2.36279
331
gcm: 0.583207 1.04643 0.635382
H: 1.88674 -1.07342 1.20521
332
gcm: 0.583158 1.04704 0.646405
H: 2.78639 -0.567478 -0.897912
333
gcm: 0.582341 1.04791 0.657031
H: 2.36186 -0.337142 0.189826
334
gcm: 0.581276 1.04905 0.667656
H: 1.52705 -0.284076 1.56955
335
gcm: 0.580594 1.05064 0.67811
H: 2.0619 -0.349264 1.01725
336
gcm: 0.580079 1.05229 0.688228
H: 2.14731 -0.257602 0.0663912
337
gcm: 0.579213 1.05382 0.698232
H: 1.6975 0.0545231 0.453066
338
gcm: 0.578508 1.05519 0.708214
H: 1.97606 -0.112932 0.147153
339
gcm: 0.578225 1.0564 0.717594
H: 1.35364 -0.420551 -1.18131
340
gcm: 0.577072 1.05772 0.727154
H: 0.735291 0.0215926 1.57113
341
gcm: 0.576634 1.05965 0.736625
H: 0.691361 -0.0953237 -0.302887
342
gcm: 0.576512 1.06178 0.745882
H: -0.306301 -0.538837 -1.36506
343
gcm: 0.576427 1.06384 0.755005
H: -0.532828 -0.742716 -1.62173
344
gcm: 0.575651 1.06554 0.762875
H: -1.12216 -0.193573 0.889519
345
gcm: 0.574859 1.06669 0.77098
H: -0.921192 -0.196382 2.08096
346
gcm: 0.575703 1.06871 0.781577
H: 2.17863 -0.764324 -3.17726
347
gcm: 0.575002 1.0701 0.790231
H: -0.172737 -0.367861 0.603175
348
gcm: 0.574304 1.07138 0.798942
H: -0.47379 -0.435371 1.05206
349
gcm: 0.573566 1.07257 0.80755
H: -0.994724 -0.478353 1.24556
350
gcm: 0.573112 1.0736 0.816196
H: -0.771838 -0.691092 -0.099484
351
gcm: 0.573084 1.07451 0.82495
H: -1.24253 -0.935572 -0.596877
352
gcm: 0.573356 1.07618 0.833324
H: -0.689384 -0.895767 -1.56497
353
gcm: 0.573299 1.07772 0.841609
H: -2.19343 -1.07282 -0.803108
354
gcm: 0.572893 1.07882 0.849885
H: -2.04245 -0.992763 0.288055
355
gcm: 0.572557 1.07923 0.85784
H: -2.08858 -0.9131 0.532769
356
gcm: 0.572351 1.07971 0.866146
H: -1.83974 -0.999483 -0.168351
357
gcm: 0.572117 1.08006 0.874561
H: -1.67446 -1.05295 -0.543783
358
gcm: 0.571804 1.0799 0.88245
H: -2.40211 -0.966641 0.38738
359
gcm: 0.571783 1.08012 0.890317
H: -2.15102 -1.0543 -0.136158
360
gcm: 0.572031 1.08058 0.898881
H: -1.50017 -1.25357 -1.58677
361
gcm: 0.572236 1.08021 0.906488
H: -3.30276 -1.34735 -1.03201
362
gcm: 0.572158 1.07974 0.914116
H: -3.03932 -1.1253 0.0144373
363
gcm: 0.572071 1.0797 0.922176
H: -1.7336 -1.09701 -0.156322
364
gcm: 0.572004 1.07947 0.930581
H: -0.947936 -1.14203 -0.161865
365
gcm: 0.57217 1.07924 0.938665
H: -2.63655 -1.16316 0.179122
366
gcm: 0.57207 1.07894 0.946192
H: -3.94021 -0.854079 1.06379
367
gcm: 0.571889 1.07892 0.953868
H: -3.35071 -0.893652 0.191176
368
gcm: 0.572238 1.07929 0.961689
H: -2.27267 -1.21564 -1.53087
369
gcm: 0.57246 1.07949 0.969523
H: -2.70399 -1.17076 -0.669908
370
gcm: 0.572438 1.07965 0.977255
H: -3.16033 -1.09634 -0.201462
371
gcm: 0.572494 1.07984 0.984737
H: -2.91606 -1.10106 0.0230285
372
gcm: 0.572484 1.08013 0.992515
H: -3.06098 -0.941682 0.49888
373
gcm: 0.572421 1.08068 1.00032
H: -3.63599 -0.97122 -0.132123
374
gcm: 0.572657 1.08165 1.00777
H: -3.44806 -1.13217 -0.438083
375
gcm: 0.572895 1.08238 1.01517
H: -3.48113 -1.00927 0.735303
376
gcm: 0.57299 1.08301 1.02259
H: -3.90698 -1.03222 0.386148
377
gcm: 0.573221 1.08369 1.03036
H: -2.78309 -1.0805 -0.4335
378
gcm: 0.572754 1.08301 1.03827
H: -3.11367 -0.733058 2.12118
379
gcm: 0.573317 1.08221 1.04488
H: -4.24729 -0.992149 -0.843155
380
gcm: 0.573452 1.08174 1.05213
H: -3.94573 -0.845247 -0.160481
381
gcm: 0.5736 1.08211 1.06
H: -3.47115 -0.817279 0.228468
382
gcm: 0.573873 1.08201 1.06738
H: -3.27848 -0.905957 0.233359
383
gcm: 0.574246 1.08181 1.07406
H: -3.05178 -0.924556 -0.0960901
384
gcm: 0.574717 1.08218 1.08141
H: -2.20849 -0.813181 -0.338424
385
gcm: 0.575054 1.08277 1.08939
H: -2.04911 -0.682758 0.163143
386
gcm: 0.575137 1.08273 1.09688
H: -3.20641 -0.609731 1.27084
387
gcm: 0.575491 1.08263 1.10451
H: -3.19151 -0.646313 0.368118
388
gcm: 0.57606 1.08275 1.11242
H: -2.83485 -0.776003 -0.699531
389
gcm: 0.576242 1.0824 1.11959
H: -3.74278 -0.655615 1.11735
390
gcm: 0.576372 1.0814 1.12668
H: -3.9331 -0.469102 1.83565
391
gcm: 0.576749 1.08086 1.13428
H: -3.55742 -0.507098 0.905013
392
gcm: 0.577312 1.08119 1.14162
H: -2.61867 -0.587998 0.726856
393
gcm: 0.578348 1.08167 1.14825
H: -1.77457 -0.780087 -0.407989
394
gcm: 0.577979 1.08133 1.15526
H: -0.839467 -0.260821 2.81848
395
gcm: 0.578348 1.08043 1.16351
H: 0.144985 -0.0316353 1.39136
396
gcm: 0.5793 1.07927 1.17206
H: 0.265849 -0.00770526 0.429806
397
gcm: 0.580409 1.07938 1.18018
H: -1.04305 -0.231686 -0.0153037
398
gcm: 0.581002 1.07885 1.18816
H: -0.260243 -0.120093 1.16475
399
gcm: 0.581342 1.07811 1.19656
H: 1.03916 -0.078181 1.15399
400
gcm: 0.582561 1.07725 1.2051
H: 1.27806 -0.392957 -0.832129
401
gcm: 0.584072 1.0764 1.21361
H: 1.07963 -0.388823 -0.917235
402
gcm: 0.584774 1.07534 1.22239
H: 1.25678 -0.0833634 0.685874
403
gcm: 0.585457 1.07414 1.23141
H: 2.29517 -0.155103 0.0470561
404
gcm: 0.586737 1.07301 1.24046
H: 2.51533 -0.374309 -1.27901
405
gcm: 0.587976 1.07091 1.2495
H: 2.32832 -0.400966 -0.701333
406
gcm: 0.589228 1.0694 1.25879
H: 2.75484 -0.189362 -0.498704
407
gcm: 0.591241 1.06818 1.26805
H: 2.79635 -0.328873 -1.99842
408
gcm: 0.591357 1.06653 1.27771
H: 3.40706 -0.00678728 0.708561
409
gcm: 0.593274 1.06586 1.28629
H: 1.75734 -0.243468 -1.24697
410
gcm: 0.594718 1.06621 1.29553
H: 2.14269 -0.067944 -0.134863
411
gcm: 0.595964 1.06744 1.30435
H: 2.22507 -0.179288 -0.461086
412
gcm: 0.597723 1.06777 1.31401
H: 4.31576 -0.324393 -0.99668
413
gcm: 0.599632 1.06819 1.324
H: 4.78845 -0.26487 -0.914838
414
gcm: 0.601575 1.06821 1.33464
H: 5.90999 -0.115429 -1.53484
415
gcm: 0.603521 1.06817 1.34525
H: 5.41397 -0.209659 -1.66743
416
gcm: 0.605365 1.06749 1.35511
H: 4.19036 -0.380533 -1.42834
417
gcm: 0.606774 1.06786 1.36453
H: 2.92662 -0.486006 -0.539698
418
gcm: 0.607913 1.06801 1.37364
H: 2.29564 -0.346554 0.579293
419
gcm: 0.609406 1.06815 1.38399
H: 4.49906 -0.171317 -0.355584
420
gcm: 0.61118 1.06852 1.3938
H: 3.43105 -0.0793111 -0.594422
421
gcm: 0.612733 1.06888 1.40419
H: 2.26511 0.371102 -0.0717317
422
gcm: 0.614578 1.07047 1.41523
H: 2.19247 0.0433826 -1.11743
423
gcm: 0.616711 1.0715 1.42604
H: 0.479953 0.468748 -2.81915
424
gcm: 0.61831 1.07249 1.43573
H: 1.23065 0.576282 -1.96447
425
gcm: 0.620111 1.07347 1.44631
H: 3.22558 0.134687 -1.49102
426
gcm: 0.621758 1.0748 1.45591
H: 1.61301 0.20027 -1.11881
427
gcm: 0.622946 1.07613 1.46489
H: -0.265328 0.579589 -1.28551
428
gcm: 0.624084 1.07727 1.47358
H: 0.785537 0.241788 -0.949644
429
gcm: 0.625325 1.07876 1.4822
H: 1.1213 -0.119867 -0.0777991
430
gcm: 0.626802 1.08038 1.49137
H: 0.705093 -0.172934 -0.677433
431
gcm: 0.628175 1.08186 1.50081
H: 0.90052 0.279683 -0.837146
432
gcm: 0.628974 1.08323 1.50831
H: -0.644478 0.34679 1.05108
433
gcm: 0.629914 1.0844 1.51767
H: 2.45332 -0.0211191 0.382632
434
gcm: 0.629787 1.0841 1.52399
H: -1.97919 0.374057 1.72757
435
gcm: 0.632813 1.08766 1.53545
H: 2.70063 -0.081957 -3.94101
436
gcm: 0.635138 1.08877 1.54585
H: 2.95972 -0.165642 -3.38405
437
gcm: 0.633944 1.08952 1.55139
H: -2.65516 0.547523 3.87049
438
gcm: 0.633487 1.09014 1.55768
H: -3.11753 0.613731 4.09136
439
gcm: 0.635789 1.09211 1.56717
H: 3.11143 -0.128608 -3.97342
440
gcm: 0.63582 1.09308 1.57364
H: -3.79861 0.498867 1.99668
441
gcm: 0.639664 1.09626 1.58513
H: 0.0065954 -0.33836 -3.68897
442
gcm: 0.641545 1.09775 1.59497
H: 0.502865 0.281038 -3.99766
443
gcm: 0.64191 1.09979 1.6043
H: -0.357008 1.06916 0.939487
444
gcm: 0.641665 1.09929 1.61034
H: -4.30264 1.21137 2.70983
445
gcm: 0.642076 1.10151 1.61796
H: -1.63434 0.988495 1.36393
446
gcm: 0.642676 1.10146 1.62487
H: -1.85886 1.04164 1.12655
447
gcm: 0.643831 1.10115 1.63288
H: -0.354368 0.788241 -0.017325
448
gcm: 0.644241 1.10133 1.6403
H: -2.00424 1.06336 0.0683475
449
gcm: 0.644279 1.10159 1.64703
H: -3.39579 1.27222 1.56905
450
gcm: 0.645653 1.1018 1.6556
H: -0.218696 0.760274 -1.19889
451
gcm: 0.647059 1.10199 1.66381
H: -0.494336 0.597908 -2.2666
452
gcm: 0.647582 1.10237 1.67116
H: -2.24662 0.900805 -0.29207
453
gcm: 0.648096 1.1028 1.6791
H: -2.41832 1.09243 1.18596
454
gcm: 0.648534 1.1023 1.68664
H: -2.91889 1.0845 0.360607
455
gcm: 0.649149 1.1011 1.69419
H: -1.62322 0.994704 -0.0275203
456
gcm: 0.64963 1.09973 1.70192
H: -2.76381 1.09605 0.911365
457
gcm: 0.650135 1.09881 1.70936
H: -1.92545 0.805837 -0.885964
458
gcm: 0.651143 1.09813 1.7173
H: -0.703264 0.668149 -1.36844
459
gcm: 0.651556 1.09829 1.72416
H: -1.38885 0.809056 -0.403946
460
gcm: 0.651804 1.09873 1.73203
H: -5.75381 0.916206 0.32966
461
gcm: 0.652657 1.09862 1.74008
H: -3.8532 0.763707 -0.803219
462
gcm: 0.653147 1.09897 1.74777
H: -2.62365 1.03815 0.883547
463
gcm: 0.653188 1.09969 1.75462
H: -2.30637 1.18445 1.96519
464
gcm: 0.653666 1.0993 1.76155
H: -1.86125 0.639206 -0.98242
465
gcm: 0.654241 1.09846 1.7696
H: -4.79974 0.763499 -0.465562
466
gcm: 0.654119 1.0984 1.77648
H: -2.10122 1.02158 1.39761
467
gcm: 0.654483 1.09971 1.78469
H: -4.68932 1.00354 0.712939
468
gcm: 0.655407 1.10013 1.7917
H: -2.28275 0.555013 -1.70355
469
gcm: 0.655722 1.09898 1.79952
H: -4.55061 0.751389 -0.603635
470
gcm: 0.655238 1.09888 1.80643
H: -2.20614 1.05436 1.13077
471
gcm: 0.655495 1.09967 1.8134
H: -2.5237 0.87165 0.143335
472
gcm: 0.656147 1.09963 1.82064
H: -2.53186 0.611373 -0.979394
473
gcm: 0.656263 1.09937 1.82813
H: -4.85542 0.892723 -0.05679
474
gcm: 0.656256 1.09998 1.83628
H: -4.9577 0.848165 0.592481
475
gcm: 0.656656 1.10041 1.8447
H: -4.51948 0.783807 -0.174646
476
gcm: 0.656783 1.09957 1.8517
H: -3.31725 0.840902 -0.251168
477
gcm: 0.656471 1.09826 1.85742
H: -2.76719 0.784725 -0.109488
478
gcm: 0.656274 1.09835 1.86535
H: -5.21898 0.790522 0.198225
479
gcm: 0.656074 1.09864 1.87314
H: -4.09065 0.834069 0.777251
480
gcm: 0.656046 1.09858 1.88111
H: -2.87078 0.816514 0.182847
481
gcm: 0.656409 1.09837 1.88833
H: -2.82576 0.638076 -1.76961
482
gcm: 0.656624 1.09801 1.89514
H: -2.16898 0.722238 -1.28128
483
gcm: 0.65679 1.09745 1.90301
H: -0.710379 0.384664 -0.536755
484
gcm: 0.656325 1.0969 1.91072
H: -0.443115 0.50479 0.194314
485
gcm: 0.655871 1.09648 1.91913
H: -2.05249 0.459926 0.117465
486
gcm: 0.6558 1.09605 1.92865
H: -3.40568 0.330876 -1.15872
487
gcm: 0.65559 1.09509 1.93735
H: -3.82731 0.362922 -1.05674
488
gcm: 0.654746 1.094 1.94572
H: -2.89692 0.376496 0.117861
489
gcm: 0.65363 1.093 1.95425
H: -2.06186 0.464451 1.57747
490
gcm: 0.653259 1.09192 1.96275
H: -0.707437 0.454486 -0.11319
491
gcm: 0.653151 1.09087 1.97163
H: 0.389334 -0.276876 -1.60534
492
gcm: 0.652864 1.08933 1.98024
H: 2.39111 -0.025025 -0.603509
493
gcm: 0.652054 1.08778 1.98876
H: 1.35789 0.221008 0.0489407
494
gcm: 0.650996 1.08611 1.99718
H: 1.43776 0.244493 0.487643
495
gcm: 0.650004 1.08501 2.00567
H: 0.629315 0.369624 0.484271
496
gcm: 0.64926 1.08447 2.01444
H: 0.493756 0.131129 0.640613
497
gcm: 0.648415 1.08224 2.0237
H: 0.862977 0.22704 0.270143
498
gcm: 0.64705 1.07897 2.03276
H: -0.0129603 0.324585 1.42345
499
gcm: 0.64551 1.07742 2.04184
H: 0.885905 0.264368 1.40821
500
gcm: 0.643981 1.07622 2.05096
H: 2.5627 0.186672 0.702033
501
gcm: 0.643314 1.07377 2.06114
H: 2.32713 0.0437003 -0.942987
502
gcm: 0.642503 1.07202 2.07115
H: 2.06432 -0.018813 -0.77644
503
gcm: 0.640963 1.07176 2.08119
H: 2.63444 0.266472 0.6636
504
gcm: 0.638571 1.07225 2.09138
H: 1.89343 0.491365 2.69015
505
gcm: 0.637447 1.07199 2.10156
H: 2.54486 0.0538637 -1.14769
506
gcm: 0.635581 1.07177 2.11228
H: 2.95806 0.194409 0.244153
507
gcm: 0.634177 1.07104 2.12265
H: 2.69888 0.223191 0.769536
508
gcm: 0.633104 1.07075 2.13222
H: 2.02539 0.120792 -0.531832
509
gcm: 0.630815 1.07143 2.14317
H: 4.07746 0.328215 1.48472
510
gcm: 0.628733 1.07204 2.15322
H: 3.17594 0.331584 2.07722
511
gcm: 0.626739 1.07223 2.16331
H: 3.45539 0.566753 0.399287
512
gcm: 0.624656 1.07261 2.17245
H: 2.49947 0.294695 0.418073
513
gcm: 0.622937 1.07332 2.18053
H: 0.930427 -0.104674 0.562338
514
gcm: 0.621584 1.07423 2.19072
H: 3.95032 0.256191 -1.09112
515
gcm: 0.619977 1.07478 2.20029
H: 2.83651 0.313927 0.700519
516
gcm: 0.618469 1.07446 2.21298
H: 3.85126 -0.423475 1.73594
516
gcm: 0.618469 1.07446 2.21298
H: 0 0 0
