:metadata
 
Skeleton: /Network/Servers/duerer/Volumes/duerer/laturnus/workspace/new_acm/asf/07-walk.asf
Motion: /Network/Servers/duerer/Volumes/duerer/laturnus/workspace/new_acm/amc/07_02-walk.amc
Mass Distribution: /Network/Servers/duerer/Volumes/duerer/laturnus/workspace/new_acm/amd/clauser1969.amd
 
Inital skeleton translation: 0 0 0
Initial skeleton rotation: 0 0 0
 
:data
1
gcm: 0.525519 1.01903 -1.95717
H: 5.90633 0.229516 -0.0996376
2
gcm: 0.523934 1.0202 -1.94745
H: 5.73273 0.13845 -0.0357799
3
gcm: 0.522871 1.02102 -1.93755
H: 4.97602 0.251467 1.04934
4
gcm: 0.521987 1.02169 -1.92758
H: 4.29312 0.349504 2.57765
5
gcm: 0.520952 1.02305 -1.91775
H: 3.6505 0.180547 2.19766
6
gcm: 0.519981 1.02451 -1.90815
H: 3.20094 -0.00648498 0.757465
7
gcm: 0.518963 1.02537 -1.89892
H: 2.64287 -0.0929863 0.756701
8
gcm: 0.517763 1.02616 -1.88976
H: 1.92777 -0.186232 1.11128
9
gcm: 0.516802 1.02763 -1.88041
H: 0.970896 -0.411275 0.414474
10
gcm: 0.516401 1.02913 -1.87094
H: 0.099921 -0.773976 -0.611441
11
gcm: 0.516159 1.03011 -1.86187
H: -0.381993 -0.948568 -0.71885
12
gcm: 0.515667 1.03111 -1.8532
H: -0.510241 -0.796591 -0.609569
13
gcm: 0.515026 1.03219 -1.84417
H: -0.018218 -0.607386 -0.0565691
14
gcm: 0.514476 1.03322 -1.83502
H: -0.120787 -0.684345 0.266342
15
gcm: 0.513889 1.03379 -1.82637
H: -0.901036 -0.87295 -0.0504892
16
gcm: 0.51321 1.03404 -1.81794
H: -1.06456 -0.928393 0.166702
17
gcm: 0.512618 1.03446 -1.80933
H: -0.874943 -0.89803 0.330331
18
gcm: 0.51169 1.03497 -1.80071
H: -1.45807 -0.747939 0.732131
19
gcm: 0.511611 1.03544 -1.79197
H: -1.44395 -1.1659 -0.407294
20
gcm: 0.511588 1.03575 -1.78357
H: -1.88646 -1.31781 -1.71122
21
gcm: 0.5114 1.03566 -1.77512
H: -1.90192 -1.24765 -0.750653
22
gcm: 0.510756 1.03554 -1.76655
H: -1.58387 -0.987295 0.8801
23
gcm: 0.510149 1.03565 -1.75782
H: -1.76157 -0.914173 0.538235
24
gcm: 0.509974 1.03564 -1.74911
H: -1.51052 -1.08042 -0.847733
25
gcm: 0.509848 1.03501 -1.74048
H: -1.74142 -1.102 -0.569687
26
gcm: 0.509423 1.03394 -1.7319
H: -2.17638 -0.986055 0.371753
27
gcm: 0.508825 1.03319 -1.7235
H: -2.40796 -0.934263 0.228289
28
gcm: 0.508368 1.03267 -1.71526
H: -3.41499 -0.990499 0.122604
29
gcm: 0.508384 1.03181 -1.707
H: -3.97311 -1.21229 -0.414878
30
gcm: 0.508253 1.03072 -1.69872
H: -3.39219 -1.19484 -0.336137
31
gcm: 0.50769 1.03069 -1.69035
H: -3.62513 -1.4204 0.192387
32
gcm: 0.507571 1.03173 -1.68213
H: -3.90308 -1.10825 -0.841119
33
gcm: 0.507788 1.03198 -1.67404
H: -4.25637 -1.19992 -0.43492
34
gcm: 0.507914 1.03158 -1.66569
H: -3.84786 -1.16539 0.381693
35
gcm: 0.50791 1.03183 -1.65742
H: -3.67332 -1.12416 -0.373578
36
gcm: 0.507655 1.03192 -1.6493
H: -4.60408 -1.0567 -0.129999
37
gcm: 0.507568 1.03223 -1.64112
H: -5.24325 -1.11046 -0.366813
38
gcm: 0.507862 1.0332 -1.63302
H: -4.83012 -1.1482 -0.923123
39
gcm: 0.507879 1.03383 -1.62494
H: -4.60744 -1.06495 0.137588
40
gcm: 0.507772 1.03377 -1.61681
H: -4.89035 -1.09043 0.159698
41
gcm: 0.507929 1.03375 -1.60884
H: -4.8143 -1.11593 -0.603978
42
gcm: 0.508011 1.03406 -1.60102
H: -4.56614 -1.03378 -0.392475
43
gcm: 0.508073 1.03437 -1.59307
H: -4.29509 -1.00737 -0.194636
44
gcm: 0.508211 1.03487 -1.585
H: -4.77999 -0.976819 -0.178107
45
gcm: 0.508401 1.03539 -1.57687
H: -5.14539 -0.886609 -0.42788
46
gcm: 0.508597 1.03573 -1.56876
H: -4.78823 -0.753268 -0.121673
47
gcm: 0.508835 1.03609 -1.56069
H: -4.20629 -0.666662 0.476786
48
gcm: 0.509125 1.03658 -1.55268
H: -3.31638 -0.541454 0.519046
49
gcm: 0.509365 1.03704 -1.54483
H: -2.72449 -0.191575 1.14497
50
gcm: 0.509726 1.0373 -1.53691
H: -3.50306 0.0413097 2.27826
51
gcm: 0.510275 1.03737 -1.52905
H: -4.52395 -0.0699429 1.93278
52
gcm: 0.510884 1.03726 -1.52105
H: -1.93069 -0.0898919 0.702818
53
gcm: 0.511589 1.0376 -1.51269
H: 1.71486 -0.362167 -1.0954
54
gcm: 0.512294 1.03769 -1.50338
H: 3.97989 -0.433988 -1.99453
55
gcm: 0.513197 1.03669 -1.49368
H: -1.90696 0.118574 3.88293
56
gcm: 0.514004 1.03584 -1.4846
H: 3.15702 -0.221074 -0.995887
57
gcm: 0.514694 1.03584 -1.47569
H: 3.04622 -0.134337 -0.724368
58
gcm: 0.5154 1.03558 -1.46667
H: 3.85813 -0.132646 0.053887
59
gcm: 0.516508 1.03525 -1.45723
H: 4.71282 -0.323246 -0.553349
60
gcm: 0.517759 1.03609 -1.4476
H: 5.19963 -0.0807424 -0.641499
61
gcm: 0.518769 1.03668 -1.4381
H: 5.71407 -0.036746 -0.766723
62
gcm: 0.519768 1.03761 -1.42884
H: 4.73292 -0.228086 -2.20432
63
gcm: 0.52135 1.03912 -1.41908
H: 1.90257 -0.090958 0.351083
64
gcm: 0.523097 1.04025 -1.40931
H: 4.18344 -0.525131 -2.57593
65
gcm: 0.525008 1.04069 -1.39834
H: 6.04909 -0.373279 -1.09608
66
gcm: 0.526773 1.0414 -1.38728
H: 7.36439 -0.662054 -2.12449
67
gcm: 0.528623 1.04198 -1.37662
H: 6.88357 -0.62917 -2.53884
68
gcm: 0.530483 1.04247 -1.3665
H: 5.97628 -0.378641 -2.21012
69
gcm: 0.532073 1.04298 -1.35663
H: 6.23077 -0.374026 -1.48421
70
gcm: 0.533575 1.04493 -1.34662
H: 6.33211 -0.474819 -1.81656
71
gcm: 0.535124 1.0455 -1.33691
H: 5.25545 -0.531674 -1.99593
72
gcm: 0.536909 1.0458 -1.32753
H: 4.08155 -0.570506 -1.82537
73
gcm: 0.538712 1.04616 -1.31801
H: 4.37827 -0.343911 -1.8484
74
gcm: 0.540107 1.04734 -1.30816
H: 4.83173 -0.0967387 -1.35015
75
gcm: 0.541302 1.04872 -1.29855
H: 4.80701 -0.0923283 -0.257237
76
gcm: 0.542463 1.04976 -1.28936
H: 4.3363 -0.139804 0.538568
77
gcm: 0.543647 1.05059 -1.27993
H: 3.65655 -0.0759266 -0.200691
78
gcm: 0.544798 1.05076 -1.27036
H: 3.29056 0.128176 -0.761679
79
gcm: 0.545844 1.0507 -1.2611
H: 2.59345 0.339529 -0.3612
80
gcm: 0.546735 1.05145 -1.25201
H: 1.64323 0.361817 0.199611
81
gcm: 0.547615 1.05276 -1.24316
H: 0.504612 0.479852 -0.334231
82
gcm: 0.54891 1.05342 -1.23449
H: -0.256191 0.317812 -1.32476
83
gcm: 0.550382 1.05379 -1.22575
H: 0.597487 0.134015 -1.7833
84
gcm: 0.551716 1.05394 -1.21708
H: 1.04493 0.346925 -1.69107
85
gcm: 0.552686 1.05392 -1.20866
H: 0.218709 0.788629 -0.784477
86
gcm: 0.553363 1.05435 -1.20023
H: -0.64808 0.925849 0.107385
87
gcm: 0.554321 1.05496 -1.19158
H: -0.585464 0.854103 -0.0449068
88
gcm: 0.555116 1.05561 -1.18324
H: -1.33655 0.860456 0.384521
89
gcm: 0.555399 1.05616 -1.17513
H: -2.37485 1.13891 1.07166
90
gcm: 0.555831 1.05615 -1.16665
H: -1.35094 1.07283 0.845488
91
gcm: 0.556623 1.05606 -1.15773
H: -0.359489 0.837853 0.413877
92
gcm: 0.557355 1.05632 -1.149
H: -1.50741 1.22138 0.0448112
93
gcm: 0.557862 1.05644 -1.14087
H: -3.36529 1.34152 -0.503853
94
gcm: 0.558415 1.05629 -1.13267
H: -3.30738 1.09458 -0.694399
95
gcm: 0.5592 1.05615 -1.12408
H: -1.71285 0.915106 -0.180453
96
gcm: 0.559945 1.05558 -1.11579
H: -1.69968 0.996948 0.4633
97
gcm: 0.560505 1.05424 -1.10775
H: -1.97418 1.13359 0.80777
98
gcm: 0.561052 1.05405 -1.09942
H: -2.44115 1.12606 0.63511
99
gcm: 0.561543 1.05346 -1.09098
H: -2.7716 1.16484 0.427447
100
gcm: 0.562146 1.0522 -1.08255
H: -2.83368 0.965724 -0.15579
101
gcm: 0.562874 1.05144 -1.07405
H: -3.00526 0.963136 -0.374316
102
gcm: 0.563347 1.05097 -1.06553
H: -2.76985 1.05408 0.720058
103
gcm: 0.56356 1.05052 -1.05716
H: -3.02239 1.19097 1.51573
104
gcm: 0.56377 1.05009 -1.04898
H: -3.38594 1.0299 1.28766
105
gcm: 0.564217 1.04994 -1.04062
H: -3.42362 0.881091 0.556354
106
gcm: 0.564727 1.05051 -1.03197
H: -4.07835 0.951876 -0.432437
107
gcm: 0.565105 1.05098 -1.0235
H: -5.02632 1.08099 -0.320951
108
gcm: 0.56569 1.05037 -1.01555
H: -4.88614 0.897959 -0.427313
109
gcm: 0.566131 1.04999 -1.00759
H: -4.24299 0.840953 -0.34643
110
gcm: 0.566071 1.05098 -0.999166
H: -5.04171 1.0369 0.949228
111
gcm: 0.566081 1.05131 -0.990853
H: -5.90286 1.22878 0.739355
112
gcm: 0.566324 1.05033 -0.982866
H: -4.85029 0.780654 -0.145206
113
gcm: 0.566688 1.05028 -0.974753
H: -4.60156 0.838296 -0.309179
114
gcm: 0.567035 1.05119 -0.966678
H: -5.05072 0.820491 -0.157552
115
gcm: 0.567339 1.05146 -0.958802
H: -5.81657 0.833087 -0.0511269
116
gcm: 0.567495 1.05119 -0.950963
H: -6.59153 0.952481 -0.0929831
117
gcm: 0.56741 1.05152 -0.943097
H: -6.34084 0.896324 -0.0867656
118
gcm: 0.567436 1.0522 -0.935692
H: -6.72908 0.815771 -0.648585
119
gcm: 0.567728 1.05239 -0.92691
H: -2.11592 0.482806 -0.805222
120
gcm: 0.567899 1.05312 -0.918099
H: -3.25463 0.375629 -1.03317
121
gcm: 0.567991 1.05371 -0.908997
H: -3.1812 0.263087 -0.845892
122
gcm: 0.568011 1.05358 -0.899903
H: -1.88106 0.196688 -0.863572
123
gcm: 0.568093 1.05344 -0.890903
H: -1.78848 0.177155 -1.3809
124
gcm: 0.568347 1.05289 -0.881979
H: -1.89958 0.10398 -1.52445
125
gcm: 0.568336 1.05151 -0.872998
H: -0.851189 0.198585 -0.0678086
126
gcm: 0.567715 1.05011 -0.864056
H: -0.220755 0.356696 1.05495
127
gcm: 0.56706 1.04915 -0.855227
H: 0.156019 0.407677 0.384918
128
gcm: 0.566482 1.04851 -0.846172
H: 0.960509 0.478667 1.08577
129
gcm: 0.565654 1.04771 -0.837047
H: 1.72275 0.587622 2.55667
130
gcm: 0.564797 1.0468 -0.827945
H: 2.41008 0.541998 2.51535
131
gcm: 0.564141 1.046 -0.818851
H: 2.98466 0.425647 1.31836
132
gcm: 0.563509 1.04516 -0.809851
H: 3.25456 0.204023 0.201751
133
gcm: 0.562867 1.04427 -0.800498
H: 3.87589 0.174585 0.0830604
134
gcm: 0.562038 1.04287 -0.790867
H: 4.31911 0.367784 1.24302
135
gcm: 0.56082 1.04203 -0.781137
H: 4.47733 0.449329 2.5881
136
gcm: 0.559624 1.04253 -0.771173
H: 4.37993 0.251199 1.57193
137
gcm: 0.558561 1.04318 -0.761199
H: 4.42232 0.00867149 0.365715
138
gcm: 0.557694 1.04349 -0.750951
H: 5.44775 0.0440855 0.638346
139
gcm: 0.556677 1.04312 -0.740616
H: 5.59376 0.1656 1.40021
140
gcm: 0.555167 1.04257 -0.730634
H: 5.15159 0.257645 2.29942
141
gcm: 0.553764 1.04305 -0.721101
H: 5.21032 0.260781 1.54249
142
gcm: 0.552636 1.04408 -0.71188
H: 5.05419 0.218589 0.20643
143
gcm: 0.551845 1.04401 -0.700267
H: 11.8791 0.123866 0.758551
144
gcm: 0.550251 1.04445 -0.689218
H: 7.56078 0.497385 2.86845
145
gcm: 0.548646 1.04436 -0.678373
H: 6.66427 0.596488 2.9796
146
gcm: 0.548087 1.04449 -0.668123
H: 7.07299 0.0562173 -0.486138
147
gcm: 0.547434 1.04479 -0.657511
H: 7.75026 0.159332 0.146137
148
gcm: 0.546463 1.04544 -0.647305
H: 6.15922 0.213094 0.805691
149
gcm: 0.545491 1.0464 -0.637441
H: 4.93431 -0.0995427 0.048717
150
gcm: 0.54445 1.04787 -0.627581
H: 4.54428 0.340432 0.430021
151
gcm: 0.543497 1.04943 -0.617551
H: 5.08504 0.234752 0.926574
152
gcm: 0.542713 1.0508 -0.607465
H: 4.11172 0.553533 0.838297
153
gcm: 0.541823 1.05194 -0.597625
H: 3.20564 0.0708932 1.21467
154
gcm: 0.540874 1.05306 -0.588066
H: 2.30349 -0.00335941 1.17763
155
gcm: 0.54003 1.05481 -0.578755
H: 1.10501 -0.505521 0.318169
156
gcm: 0.539155 1.05657 -0.569411
H: 1.68671 -0.106524 0.271791
157
gcm: 0.538313 1.05749 -0.560134
H: 4.10648 0.333364 0.239851
158
gcm: 0.537856 1.05826 -0.551084
H: -2.18367 -1.12984 0.59818
159
gcm: 0.537329 1.05911 -0.542102
H: 1.02432 -0.530326 -0.0969947
160
gcm: 0.536707 1.06 -0.53331
H: -1.76645 -0.893193 1.28202
161
gcm: 0.536825 1.06123 -0.524353
H: -0.355587 -0.767326 -1.23934
162
gcm: 0.537047 1.06216 -0.51558
H: 0.60127 -0.554873 -2.04047
163
gcm: 0.536434 1.06301 -0.507134
H: -3.482 -1.17964 0.650398
164
gcm: 0.535806 1.06373 -0.498463
H: -1.63334 -1.00164 0.17583
165
gcm: 0.535567 1.064 -0.4899
H: -1.27296 -0.89778 -0.298172
166
gcm: 0.535189 1.06441 -0.481376
H: -1.21256 -0.831226 -0.0115361
167
gcm: 0.535016 1.06561 -0.472391
H: -0.329757 -1.01524 -0.871664
168
gcm: 0.535064 1.06703 -0.463434
H: -1.0373 -1.12437 -1.20341
169
gcm: 0.534887 1.06721 -0.455055
H: -2.04528 -1.04786 0.111262
170
gcm: 0.534632 1.06659 -0.446896
H: -2.13484 -1.01964 0.597726
171
gcm: 0.534251 1.06623 -0.438548
H: -2.27986 -0.936519 0.657893
172
gcm: 0.533858 1.06631 -0.429973
H: -2.67289 -0.985893 0.154137
173
gcm: 0.533795 1.06613 -0.421444
H: -3.68201 -1.28529 -0.761436
174
gcm: 0.533962 1.06567 -0.412754
H: -3.10378 -1.30143 -1.10699
175
gcm: 0.53407 1.06536 -0.404061
H: -1.83581 -1.09476 -0.623675
176
gcm: 0.534083 1.06527 -0.395619
H: -2.67774 -1.24335 0.353102
177
gcm: 0.534576 1.0655 -0.38663
H: -2.10557 -1.36484 -1.81875
178
gcm: 0.533016 1.06155 -0.381228
H: -8.90868 -0.636038 7.25431
179
gcm: 0.533985 1.0643 -0.371307
H: -2.34033 -1.734 -3.83226
180
gcm: 0.534393 1.06531 -0.362838
H: -3.05989 -1.41624 -2.17315
181
gcm: 0.534427 1.06596 -0.354905
H: -3.92011 -1.2758 -0.564369
182
gcm: 0.534345 1.06795 -0.346617
H: -4.35787 -1.32343 -0.252576
183
gcm: 0.534235 1.06945 -0.338538
H: -4.64467 -1.29028 -0.103157
184
gcm: 0.534494 1.06909 -0.331
H: -4.95457 -1.32147 -0.61197
185
gcm: 0.534871 1.06896 -0.3235
H: -5.19317 -1.47923 -1.3327
186
gcm: 0.534993 1.06996 -0.315412
H: -4.61603 -1.31148 -0.23612
187
gcm: 0.535251 1.07093 -0.307166
H: -3.99949 -1.22338 -0.101609
188
gcm: 0.535425 1.07158 -0.299215
H: -4.51291 -1.31847 -0.369168
189
gcm: 0.535632 1.07154 -0.291184
H: -4.57293 -1.22352 -0.358244
190
gcm: 0.535785 1.07063 -0.283095
H: -4.42613 -1.02963 0.605291
191
gcm: 0.535789 1.07041 -0.275655
H: -5.85709 -1.06173 0.894482
192
gcm: 0.536003 1.07073 -0.268118
H: -4.91372 -1.12117 0.00848992
193
gcm: 0.536332 1.07087 -0.260019
H: -3.20438 -1.03569 -0.294429
194
gcm: 0.536652 1.0709 -0.252164
H: -4.04459 -0.811101 0.208313
195
gcm: 0.537121 1.07079 -0.244532
H: -4.45594 -0.647431 0.65069
196
gcm: 0.537737 1.07127 -0.236449
H: -3.48897 -0.74074 0.258974
197
gcm: 0.53863 1.07216 -0.228194
H: -2.88021 -0.793403 -0.874794
198
gcm: 0.539365 1.07245 -0.220469
H: -2.57074 -0.492507 -0.115996
199
gcm: 0.539726 1.07237 -0.213045
H: -1.88223 -0.294306 1.21879
200
gcm: 0.540411 1.0723 -0.205157
H: -2.18564 -0.304348 2.0349
201
gcm: 0.541445 1.07275 -0.196936
H: -1.90754 -0.341993 0.952982
202
gcm: 0.541895 1.07257 -0.188417
H: -0.176397 0.0234664 1.12258
203
gcm: 0.542995 1.07248 -0.179806
H: 0.47884 0.184921 0.264532
204
gcm: 0.54413 1.07261 -0.170661
H: 1.70896 -0.0533192 -0.0770213
205
gcm: 0.54522 1.07233 -0.161561
H: 2.06229 -0.146667 -0.356435
206
gcm: 0.546264 1.07148 -0.152523
H: 2.93332 -0.131367 -0.77381
207
gcm: 0.547323 1.07041 -0.14342
H: 3.33651 -0.152539 -1.05876
208
gcm: 0.548469 1.06883 -0.134388
H: 3.67249 -0.185169 -0.835392
209
gcm: 0.549582 1.06857 -0.125325
H: 4.43526 -0.101039 -0.513264
210
gcm: 0.550896 1.07 -0.115728
H: 4.38736 -0.00880848 -0.425577
211
gcm: 0.552475 1.07118 -0.105645
H: 4.30396 -0.097704 -0.413635
212
gcm: 0.553864 1.07205 -0.095638
H: 4.68796 -0.193707 -0.692899
213
gcm: 0.555292 1.07242 -0.0858233
H: 4.43521 -0.308189 -1.2091
214
gcm: 0.557145 1.07275 -0.0763247
H: 3.59327 -0.287922 -2.03514
215
gcm: 0.559253 1.07265 -0.0648031
H: 9.76585 -0.312825 -3.47141
216
gcm: 0.56128 1.07319 -0.0537697
H: 6.07241 -0.321621 -1.92017
217
gcm: 0.562858 1.0738 -0.0440004
H: 5.52176 -0.541244 -1.33204
218
gcm: 0.565067 1.07414 -0.0336658
H: 5.89165 -0.734014 -3.13
219
gcm: 0.566573 1.07455 -0.0238614
H: 4.90758 -0.421186 -1.07035
220
gcm: 0.568242 1.07492 -0.0140013
H: 5.13168 -0.396942 -0.67648
221
gcm: 0.570121 1.0752 -0.00379915
H: 5.60972 -0.308106 -0.461934
222
gcm: 0.571613 1.07526 0.00647969
H: 5.48318 -0.125802 -0.0783606
223
gcm: 0.573026 1.07607 0.0164457
H: 5.10968 -0.196097 -0.984772
224
gcm: 0.574641 1.07714 0.0260079
H: 5.25525 -0.405557 -2.0328
225
gcm: 0.576159 1.07791 0.0353595
H: 4.67561 -0.286794 -1.50711
226
gcm: 0.5777 1.07897 0.0451614
H: 4.3965 -0.194428 -0.998674
227
gcm: 0.579187 1.07979 0.0550802
H: 4.54932 -0.160441 -1.05186
228
gcm: 0.580481 1.08053 0.0644023
H: 3.08435 0.0460634 -1.24893
229
gcm: 0.581982 1.08071 0.0736484
H: 1.89587 0.157 -1.31073
230
gcm: 0.583595 1.08037 0.0835041
H: 3.10409 -0.175608 -0.448606
231
gcm: 0.585286 1.08104 0.0932499
H: 2.5274 -0.0613942 -2.45933
232
gcm: 0.586175 1.08287 0.102422
H: 1.00133 0.32789 -1.40236
233
gcm: 0.586371 1.08407 0.110729
H: -1.12233 0.685597 1.02373
234
gcm: 0.58636 1.0846 0.118175
H: -2.30144 0.897834 3.06734
235
gcm: 0.587367 1.08479 0.127487
H: 0.115394 0.699665 0.0717346
236
gcm: 0.588067 1.08457 0.136521
H: -0.261192 0.860709 -0.25793
237
gcm: 0.588627 1.08432 0.145173
H: -1.72863 0.933854 -0.160837
238
gcm: 0.589387 1.08472 0.154095
H: -1.51166 0.780049 0.00586529
239
gcm: 0.590281 1.08537 0.163402
H: 0.217552 0.678434 -0.241801
240
gcm: 0.590776 1.0857 0.172277
H: -0.464181 0.951357 1.04483
241
gcm: 0.590991 1.08567 0.180853
H: -1.53609 1.15611 1.99037
242
gcm: 0.591451 1.08521 0.189796
H: -1.11705 1.17965 0.696173
243
gcm: 0.59219 1.08476 0.198552
H: -1.28229 0.958653 -0.812175
244
gcm: 0.592786 1.08488 0.206939
H: -1.80931 1.06679 0.33909
245
gcm: 0.593286 1.08523 0.215772
H: -1.74843 1.18572 1.13323
246
gcm: 0.593852 1.08478 0.224727
H: -1.76381 1.02633 0.0423728
247
gcm: 0.594296 1.08369 0.233222
H: -2.4498 1.05388 0.22272
248
gcm: 0.594713 1.08191 0.24197
H: -2.82257 1.15285 0.524201
249
gcm: 0.59499 1.08113 0.251262
H: -2.55962 1.25055 0.726861
250
gcm: 0.595016 1.0808 0.260528
H: -2.42714 1.3383 1.44166
251
gcm: 0.595049 1.07978 0.269595
H: -3.36164 1.39108 1.66371
252
gcm: 0.595896 1.07831 0.277975
H: -3.84886 0.892029 -1.47621
253
gcm: 0.596309 1.07743 0.286942
H: -3.28357 1.00629 -0.0571982
254
gcm: 0.596607 1.07652 0.295821
H: -3.25812 1.02632 0.496885
255
gcm: 0.59687 1.07569 0.304536
H: -3.63244 1.07418 0.472198
256
gcm: 0.597058 1.07554 0.313329
H: -4.68216 1.1849 0.317645
257
gcm: 0.597101 1.0753 0.322136
H: -3.39349 1.04294 0.548521
258
gcm: 0.597161 1.07468 0.330451
H: -6.83517 1.09604 -0.373972
259
gcm: 0.596773 1.07496 0.338543
H: -6.14764 1.20536 1.40991
260
gcm: 0.596926 1.0755 0.347818
H: -4.20154 0.914967 -0.533765
261
gcm: 0.596505 1.07557 0.356138
H: -6.30459 1.15429 1.38101
262
gcm: 0.598156 1.07532 0.366694
H: -3.66353 0.386204 -4.79314
263
gcm: 0.596503 1.07538 0.372907
H: -9.20932 1.54133 3.50779
264
gcm: 0.597382 1.07578 0.382857
H: -4.51319 0.660139 -2.65715
265
gcm: 0.59664 1.07595 0.391755
H: -5.09244 1.33613 2.32635
266
gcm: 0.595978 1.07538 0.40017
H: -6.00001 1.24294 0.633111
267
gcm: 0.595515 1.07529 0.407905
H: -6.9502 1.0319 -0.609765
268
gcm: 0.595464 1.07581 0.416475
H: -5.01639 0.524018 -1.25281
269
gcm: 0.595488 1.07564 0.425971
H: -3.62465 0.223757 -0.194028
270
gcm: 0.595358 1.07568 0.435518
H: -3.04057 0.659908 -0.579443
271
gcm: 0.595181 1.07606 0.444882
H: -2.16228 0.483039 -1.23257
272
gcm: 0.59483 1.07576 0.454358
H: -1.67894 0.411718 -0.255989
273
gcm: 0.593934 1.07476 0.463995
H: -0.327258 0.00822277 0.230916
274
gcm: 0.592631 1.07348 0.4736
H: -0.921194 0.664287 1.21787
275
gcm: 0.591722 1.07254 0.483163
H: 0.337436 0.683414 1.01006
276
gcm: 0.591063 1.07173 0.49272
H: 2.09487 0.251866 0.918067
277
gcm: 0.5902 1.0709 0.502555
H: 2.50931 0.282744 1.1594
278
gcm: 0.589252 1.07026 0.51254
H: 3.17921 0.344891 0.91673
279
gcm: 0.588377 1.06817 0.522215
H: 4.49795 0.186735 0.442635
280
gcm: 0.587053 1.06507 0.531682
H: 4.69244 0.479688 1.8799
281
gcm: 0.58531 1.06405 0.541538
H: 4.96847 0.411849 2.58811
282
gcm: 0.583618 1.06494 0.551841
H: 4.49547 0.467559 1.09071
283
gcm: 0.581965 1.06541 0.562252
H: 4.16333 0.560544 0.960054
284
gcm: 0.580472 1.06485 0.57277
H: 4.65346 0.403624 1.10696
285
gcm: 0.579059 1.06431 0.583172
H: 5.42567 -0.154703 0.567582
286
gcm: 0.577276 1.06427 0.593456
H: 5.10452 0.334035 1.44021
287
gcm: 0.575319 1.06444 0.603937
H: 5.04956 0.37953 1.88388
288
gcm: 0.574121 1.0638 0.615612
H: 10.0244 0.413702 0.649167
289
gcm: 0.573103 1.06326 0.62666
H: 10.1069 0.436407 -0.320376
290
gcm: 0.571756 1.06336 0.63771
H: 9.36804 0.499136 0.744661
291
gcm: 0.570219 1.06393 0.648834
H: 8.54515 0.548945 1.79586
292
gcm: 0.568648 1.06452 0.659537
H: 7.30779 0.3753 1.60712
293
gcm: 0.567177 1.0656 0.669937
H: 6.43515 0.395115 0.920626
294
gcm: 0.566012 1.0673 0.680417
H: 6.21343 0.485107 -0.079824
295
gcm: 0.565128 1.06871 0.690785
H: 5.86331 0.333031 -0.809785
296
gcm: 0.563932 1.0698 0.700765
H: 4.90935 0.241546 0.325014
297
gcm: 0.562561 1.07147 0.710642
H: 3.00626 -0.225444 1.49116
298
gcm: 0.561624 1.07343 0.720327
H: 2.46079 0.157572 0.181111
299
gcm: 0.560634 1.07457 0.729982
H: 4.75913 0.377627 0.0939348
300
gcm: 0.559008 1.07544 0.739896
H: -1.02559 -0.660304 3.32987
301
gcm: 0.557855 1.07724 0.749902
H: 1.7543 -0.279699 0.877404
302
gcm: 0.557216 1.07904 0.759453
H: 1.8319 -0.0514929 -0.824935
303
gcm: 0.556354 1.08006 0.768359
H: -0.645617 -0.111811 0.292925
304
gcm: 0.555482 1.08121 0.777491
H: -0.610985 -0.754242 -0.0411122
305
gcm: 0.554261 1.08835 0.787526
H: -1.18942 -0.982559 -1.63668
306
gcm: 0.55429 1.08465 0.795982
H: -1.7689 -1.13655 -0.82151
307
gcm: 0.553944 1.08401 0.804507
H: -2.02789 -1.26033 -0.318104
308
gcm: 0.55321 1.08504 0.813244
H: -0.41955 -0.799614 0.125058
309
gcm: 0.552479 1.0855 0.821784
H: -0.930383 -0.830279 0.227968
310
gcm: 0.551652 1.08545 0.830643
H: -1.33134 -1.04832 0.592937
311
gcm: 0.551542 1.08637 0.841175
H: -0.47615 -1.37432 -1.55017
312
gcm: 0.55145 1.08687 0.850424
H: -2.71331 -1.43098 -1.23536
313
gcm: 0.551125 1.08728 0.85912
H: -2.98003 -1.2964 -0.115339
314
gcm: 0.55068 1.08756 0.868262
H: -2.28425 -1.1834 0.245699
315
gcm: 0.550198 1.08768 0.877652
H: -2.51872 -1.24752 0.159571
316
gcm: 0.549839 1.08716 0.886515
H: -3.30542 -1.39639 -0.121301
317
gcm: 0.549377 1.08642 0.894992
H: -3.53495 -1.23532 0.0937827
318
gcm: 0.549051 1.08614 0.903798
H: -3.0061 -1.20244 -0.287968
319
gcm: 0.549199 1.0857 0.912875
H: -2.20926 -1.51241 -1.33783
320
gcm: 0.549109 1.08508 0.921857
H: -2.04052 -1.40966 -0.713823
321
gcm: 0.548768 1.08499 0.931015
H: -3.21778 -1.25377 0.279006
322
gcm: 0.548988 1.08528 0.940419
H: -3.78944 -1.44512 -1.06812
323
gcm: 0.548383 1.08294 0.946593
H: -6.93125 -1.02643 2.29271
324
gcm: 0.5484 1.08248 0.954399
H: -4.4967 -1.30521 0.0645661
325
gcm: 0.548208 1.08372 0.963524
H: -3.67201 -1.10691 1.01004
326
gcm: 0.549308 1.08636 0.974165
H: -2.22947 -1.77524 -4.40798
327
gcm: 0.549213 1.08648 0.982297
H: -4.70902 -1.32328 -0.173539
328
gcm: 0.549173 1.08711 0.990473
H: -5.56834 -1.35184 0.357587
329
gcm: 0.549015 1.08738 0.999054
H: -5.27154 -1.20318 0.98459
330
gcm: 0.549153 1.08803 1.0078
H: -5.54512 -1.33316 0.117963
331
gcm: 0.549277 1.08882 1.01635
H: -5.34982 -1.31632 0.155147
332
gcm: 0.5494 1.08875 1.02484
H: -5.35423 -1.39255 0.0303227
333
gcm: 0.549939 1.08846 1.03327
H: -5.24022 -1.37993 -0.965301
334
gcm: 0.550486 1.08833 1.04184
H: -5.08988 -1.38759 -0.859701
335
gcm: 0.550783 1.08824 1.05052
H: -4.65206 -1.32491 -0.195964
336
gcm: 0.550841 1.08896 1.05882
H: -4.42873 -1.20487 1.02674
337
gcm: 0.551157 1.09006 1.06694
H: -5.57889 -1.07454 1.10403
338
gcm: 0.551864 1.09007 1.0754
H: -5.60777 -0.976151 0.427331
339
gcm: 0.552597 1.0901 1.08384
H: -3.65452 -0.852448 0.424829
340
gcm: 0.55326 1.09138 1.09192
H: -3.00938 -0.769467 0.448383
341
gcm: 0.553547 1.09275 1.09914
H: -5.87296 -0.579609 2.12093
342
gcm: 0.553689 1.09302 1.1087
H: -0.124561 -0.122889 2.45052
343
gcm: 0.554971 1.09317 1.11901
H: 1.66321 -0.176989 0.0534382
344
gcm: 0.556533 1.09312 1.12829
H: 0.00239229 -0.435734 -0.730766
345
gcm: 0.557226 1.09285 1.1373
H: 0.201386 -0.203772 1.1232
346
gcm: 0.557958 1.09243 1.14691
H: 1.65288 -0.243863 0.275005
347
gcm: 0.558814 1.09158 1.15671
H: 1.94791 -0.369159 -0.204796
348
gcm: 0.561109 1.09083 1.16537
H: 0.654194 -0.601877 -2.50333
349
gcm: 0.562702 1.08916 1.17474
H: 1.90209 -0.19172 -1.27173
350
gcm: 0.564307 1.08779 1.18472
H: 3.49983 -0.217681 -1.56737
351
gcm: 0.565304 1.08769 1.19414
H: 3.3218 -0.145884 -0.326533
352
gcm: 0.566451 1.08828 1.20412
H: 4.68965 -0.24648 -0.308363
353
gcm: 0.567966 1.08985 1.21446
H: 4.97142 -0.179588 -1.00487
354
gcm: 0.569889 1.09067 1.2249
H: 4.79708 -0.303558 -1.74258
355
gcm: 0.571777 1.09114 1.2349
H: 4.27593 -0.351649 -1.41357
356
gcm: 0.57388 1.09163 1.24506
H: 4.70915 -0.455332 -1.96127
357
gcm: 0.576035 1.09208 1.25519
H: 4.3136 -0.236047 -1.85363
358
gcm: 0.577975 1.09141 1.26653
H: 7.87013 -0.15917 -1.423
359
gcm: 0.579743 1.09175 1.27801
H: 9.05652 -0.259688 -0.953783
360
gcm: 0.581529 1.09231 1.28878
H: 6.52934 -0.322703 -1.68939
361
gcm: 0.583538 1.09241 1.29945
H: 6.09346 -0.376563 -2.47417
362
gcm: 0.585349 1.09235 1.30971
H: 7.05839 -0.425919 -1.37577
363
gcm: 0.586892 1.09268 1.32046
H: 8.45991 -0.366003 -0.960178
364
gcm: 0.58884 1.0941 1.33201
H: 4.72529 -0.0433612 -0.878431
365
gcm: 0.590818 1.09535 1.34218
H: 7.47812 -0.225639 -2.67604
366
gcm: 0.592375 1.09591 1.352
H: 3.65254 -0.308068 0.712465
367
gcm: 0.593806 1.09617 1.36085
H: 6.92393 -0.465279 -1.81106
368
gcm: 0.595083 1.09642 1.37009
H: -0.802493 0.474825 1.10585
369
gcm: 0.596798 1.09705 1.38088
H: 8.54092 -0.571374 -1.4312
370
gcm: 0.598671 1.10139 1.39253
H: 3.6824 -0.111898 -1.26975
371
gcm: 0.600174 1.0996 1.40058
H: 2.51095 0.132116 -1.70175
372
gcm: 0.601519 1.09993 1.40977
H: 2.24435 0.332675 -1.11373
373
gcm: 0.602816 1.1006 1.41985
H: 3.15439 0.0875165 -0.210228
374
gcm: 0.603301 1.10212 1.428
H: -4.26319 0.679813 3.54324
375
gcm: 0.604508 1.10372 1.43775
H: 2.97379 0.544506 -1.24876
376
gcm: 0.604739 1.10452 1.44437
H: -2.61085 0.768483 1.37656
377
gcm: 0.605994 1.10485 1.45596
H: 4.50769 0.457867 1.12398
378
gcm: 0.606353 1.10567 1.46339
H: -3.69335 1.14935 1.26794
379
gcm: 0.607719 1.10733 1.47441
H: 1.41413 0.747699 0.0516808
380
gcm: 0.608736 1.10891 1.48259
H: -2.43099 0.904248 -0.368318
381
gcm: 0.610279 1.10947 1.49244
H: 0.728692 0.668968 -1.25315
382
gcm: 0.611056 1.11025 1.50107
H: -2.10608 1.08301 1.54635
383
gcm: 0.612124 1.11075 1.50963
H: -2.43608 1.05482 0.41111
384
gcm: 0.61371 1.11068 1.5186
H: -0.83348 0.79929 -2.17335
385
gcm: 0.614837 1.11077 1.52851
H: -0.0802281 0.91145 -1.15538
386
gcm: 0.614595 1.11012 1.53563
H: -5.0156 1.78522 3.81628
387
gcm: 0.614347 1.10952 1.54306
H: -4.92836 1.68275 3.89854
388
gcm: 0.615254 1.1096 1.55174
H: -1.99752 1.10208 0.577436
389
gcm: 0.618204 1.10997 1.56338
H: 2.73101 0.00953033 -6.43999
390
gcm: 0.618775 1.10922 1.57156
H: -5.42765 1.45745 1.25353
391
gcm: 0.619854 1.1077 1.58111
H: -2.62594 1.03055 -0.848307
392
gcm: 0.620782 1.10681 1.59067
H: -1.91239 0.878163 -0.211164
393
gcm: 0.621564 1.10544 1.5994
H: -2.95181 1.06203 0.401945
394
gcm: 0.62224 1.10417 1.60799
H: -3.87958 1.16305 1.14876
395
gcm: 0.622842 1.10349 1.61667
H: -4.8875 1.24941 0.659249
396
gcm: 0.623799 1.10272 1.62537
H: -2.98058 1.00058 -0.632508
397
gcm: 0.62429 1.10215 1.63454
H: -3.51018 1.15895 1.12285
398
gcm: 0.624564 1.10098 1.64333
H: -5.74507 1.3235 1.74531
399
gcm: 0.625406 1.1001 1.65198
H: -3.99374 1.05771 -0.692161
400
gcm: 0.626626 1.10124 1.66202
H: -3.15278 0.572676 -2.53789
401
gcm: 0.6267 1.10265 1.66979
H: -7.00548 1.37158 1.36146
402
gcm: 0.626894 1.1025 1.67772
H: -6.03572 0.897412 0.972384
403
gcm: 0.627481 1.10199 1.68645
H: -5.91133 1.12502 -0.166709
404
gcm: 0.628217 1.10193 1.69517
H: -6.52326 1.09345 -0.0955094
405
gcm: 0.628722 1.10201 1.70371
H: -5.85474 1.14244 0.450282
406
gcm: 0.628686 1.10177 1.71254
H: -5.82599 1.14565 0.349992
407
gcm: 0.628121 1.10137 1.72193
H: -7.66268 1.10522 1.68524
408
gcm: 0.628219 1.10139 1.73
H: -4.16325 0.771332 -0.228889
409
gcm: 0.628376 1.10207 1.73789
H: -2.92783 0.631487 -0.367161
410
gcm: 0.628251 1.10294 1.74761
H: -8.23738 0.873557 1.00814
411
gcm: 0.628595 1.10333 1.75509
H: -3.75961 0.646645 -0.529447
412
gcm: 0.629481 1.10355 1.76395
H: -7.78514 0.379483 -2.25471
413
gcm: 0.630338 1.10341 1.77277
H: -0.744584 0.0890635 -2.66234
414
gcm: 0.63102 1.10282 1.78298
H: -1.37526 0.106806 -2.47845
414
gcm: 0.63102 1.10282 1.78298
H: 0 0 0
