:metadata
 
Skeleton: /Network/Servers/duerer/Volumes/duerer/laturnus/workspace/new_acm/asf/07-walk.asf
Motion: /Network/Servers/duerer/Volumes/duerer/laturnus/workspace/new_acm/amc/07_05-walk.amc
Mass Distribution: /Network/Servers/duerer/Volumes/duerer/laturnus/workspace/new_acm/amd/clauser1969 _point.amd
 
Inital skeleton translation: 0 0 0
Initial skeleton rotation: 0 0 0
 
:data
1
gcm: 0.461251 1.01573 -2.17058
H: -2.42672 -0.830109 -0.909537
2
gcm: 0.461357 1.01523 -2.16399
H: -2.62018 -0.756779 -0.195614
3
gcm: 0.461043 1.01498 -2.15732
H: -2.59879 -0.359169 0.509193
4
gcm: 0.461428 1.01497 -2.15001
H: -2.01042 -0.501586 0.301302
5
gcm: 0.462125 1.0151 -2.1426
H: -2.73101 -0.707645 -0.260879
6
gcm: 0.462819 1.01576 -2.13533
H: -2.89645 -0.678234 -0.272709
7
gcm: 0.463248 1.01563 -2.12826
H: -3.67177 -0.397651 -0.276479
8
gcm: 0.46365 1.01458 -2.12128
H: -2.16495 -0.458233 -0.161977
9
gcm: 0.463911 1.01451 -2.11417
H: -2.76225 -0.44932 0.325946
10
gcm: 0.464276 1.01481 -2.10697
H: -3.42178 -0.384468 0.37765
11
gcm: 0.464937 1.01448 -2.09971
H: -3.26906 -0.3765 -0.0107609
12
gcm: 0.465533 1.01449 -2.0924
H: -1.75397 -0.198389 1.12526
13
gcm: 0.46592 1.01415 -2.08516
H: -2.56228 -0.0719573 0.820509
14
gcm: 0.466196 1.01298 -2.07786
H: -2.53396 0.0138223 1.36402
15
gcm: 0.466886 1.01205 -2.07025
H: -1.20404 -0.185178 1.13204
16
gcm: 0.467665 1.01135 -2.06277
H: -1.91439 -0.240929 0.847907
17
gcm: 0.468287 1.01118 -2.05532
H: -1.89228 0.144586 1.40935
18
gcm: 0.468387 1.01157 -2.04756
H: -0.45057 0.353107 1.23832
19
gcm: 0.467123 1.01176 -2.04172
H: -3.06026 0.636383 1.97954
20
gcm: 0.468111 1.01132 -2.03412
H: -0.969758 -0.261214 0.101541
21
gcm: 0.471066 1.01033 -2.02497
H: 0.104677 -0.774461 -1.93341
22
gcm: 0.470028 1.01003 -2.0198
H: -0.916072 0.533434 3.0926
23
gcm: 0.473763 1.00789 -2.00946
H: 0.506258 -0.953084 -3.25527
24
gcm: 0.474043 1.00817 -2.00108
H: 2.45802 0.642784 1.60709
25
gcm: 0.476333 1.00789 -1.99313
H: 0.0708551 -1.0156 -1.90216
26
gcm: 0.477066 1.00712 -1.98507
H: 1.21246 -0.0912965 0.538746
27
gcm: 0.478092 1.00546 -1.9769
H: 1.3618 -0.093236 -0.452933
28
gcm: 0.479852 1.00533 -1.96776
H: 3.02194 -0.248818 -0.912708
29
gcm: 0.481806 1.00503 -1.95872
H: 2.46608 -0.0643954 -0.568772
30
gcm: 0.483421 1.00463 -1.95001
H: 2.47817 -0.0284877 -0.499708
31
gcm: 0.484912 1.00409 -1.94107
H: 4.67966 -0.26864 0.102558
32
gcm: 0.486568 1.00347 -1.93166
H: 4.51602 -0.0970492 -0.156503
33
gcm: 0.488272 1.00428 -1.92208
H: 4.12432 0.0184388 -0.352766
34
gcm: 0.490256 1.00458 -1.91283
H: 4.13546 -0.0798352 -0.906948
35
gcm: 0.492426 1.00323 -1.90381
H: 4.68046 -0.222936 -1.03119
36
gcm: 0.494396 1.00249 -1.89455
H: 4.43443 -0.186132 -0.347367
37
gcm: 0.49668 1.00275 -1.88472
H: 4.52294 -0.0622373 -1.00497
38
gcm: 0.49964 1.00292 -1.87436
H: 4.06699 -0.297709 -1.30831
39
gcm: 0.500598 1.0035 -1.86549
H: 3.04901 0.491496 0.112007
40
gcm: 0.501807 1.00356 -1.85635
H: 3.29603 0.259234 0.159987
41
gcm: 0.504482 1.00304 -1.84684
H: 3.02712 -0.333002 -0.116769
42
gcm: 0.506775 1.00224 -1.83754
H: 2.97711 -0.270595 -0.115514
43
gcm: 0.508582 1.00594 -1.82733
H: 3.16025 -0.133626 -0.946015
44
gcm: 0.510702 1.00679 -1.81624
H: 1.77813 0.1799 -0.776976
45
gcm: 0.512778 1.00717 -1.80585
H: 1.39564 0.0646251 0.166242
46
gcm: 0.514973 1.00831 -1.79544
H: 2.06506 -0.109475 -0.373712
47
gcm: 0.51732 1.01002 -1.78516
H: 2.36239 -0.219342 -1.29814
48
gcm: 0.519612 1.01145 -1.77513
H: 3.08417 -0.183831 -1.5835
49
gcm: 0.521646 1.01223 -1.76551
H: 2.48567 -0.0154393 -0.77438
50
gcm: 0.523435 1.01289 -1.75628
H: 2.17962 -0.103143 -0.0135659
51
gcm: 0.525124 1.01416 -1.74717
H: 2.14862 -0.217023 -0.637771
52
gcm: 0.526798 1.01586 -1.73811
H: 1.87664 -0.199294 -0.41716
53
gcm: 0.528472 1.0174 -1.72924
H: 1.31964 -0.10441 0.586044
54
gcm: 0.530237 1.01875 -1.72041
H: 1.44148 -0.181975 0.284721
55
gcm: 0.531915 1.02006 -1.71157
H: 1.84736 -0.225302 -0.380129
56
gcm: 0.533564 1.02161 -1.70268
H: 2.27585 -0.14411 -0.608677
57
gcm: 0.535195 1.02324 -1.6937
H: 2.43937 -0.205703 -0.232453
58
gcm: 0.536371 1.02468 -1.68528
H: 1.20718 -0.00195415 0.474379
59
gcm: 0.537695 1.02613 -1.67759
H: -0.0511533 0.121103 0.160315
60
gcm: 0.539556 1.0274 -1.66961
H: -0.117029 0.0493154 -0.577931
61
gcm: 0.54111 1.02862 -1.66135
H: -0.0489085 0.188261 -0.376216
62
gcm: 0.542322 1.02992 -1.65351
H: -0.169899 0.418645 -0.39724
63
gcm: 0.543505 1.03162 -1.6457
H: -0.364553 0.361531 -0.5278
64
gcm: 0.544486 1.03306 -1.63784
H: -0.377295 0.28979 -0.0413998
65
gcm: 0.545229 1.03455 -1.63034
H: -0.481768 0.431751 0.302333
66
gcm: 0.546127 1.03557 -1.62329
H: -0.714656 0.572319 -0.105701
67
gcm: 0.547354 1.03647 -1.61602
H: -1.16449 0.548069 -0.601094
68
gcm: 0.548512 1.0376 -1.60853
H: -1.50249 0.513291 -0.530873
69
gcm: 0.549405 1.03835 -1.60111
H: -1.06275 0.626361 0.216997
70
gcm: 0.550148 1.03889 -1.59361
H: -1.26801 0.718019 0.441374
71
gcm: 0.55106 1.0393 -1.58671
H: -2.2171 0.602117 -0.392666
72
gcm: 0.551958 1.03928 -1.58003
H: -2.29882 0.571815 -0.56952
73
gcm: 0.552774 1.0396 -1.57251
H: -2.02567 0.578656 -0.528055
74
gcm: 0.553595 1.03998 -1.56495
H: -1.92134 0.500278 -0.295512
75
gcm: 0.554282 1.03995 -1.55781
H: -2.07985 0.830828 1.10201
76
gcm: 0.554951 1.0391 -1.55064
H: -1.97261 0.706695 -0.304558
77
gcm: 0.555889 1.03873 -1.54329
H: -1.16073 0.450903 -1.37722
78
gcm: 0.556772 1.0383 -1.53603
H: -1.40042 0.582599 -0.456106
79
gcm: 0.557523 1.03804 -1.52888
H: -2.31011 0.712454 0.47948
80
gcm: 0.55815 1.03775 -1.52173
H: -2.64677 0.704052 0.440633
81
gcm: 0.558649 1.03763 -1.51449
H: -2.10836 0.756756 0.000317264
82
gcm: 0.55919 1.03728 -1.50718
H: -1.11935 0.692662 -0.339109
83
gcm: 0.559779 1.03643 -1.49987
H: -1.25359 0.61279 -0.370874
84
gcm: 0.560223 1.03577 -1.49245
H: -2.33073 0.633293 -0.375529
85
gcm: 0.560678 1.03508 -1.48507
H: -2.35648 0.630322 -0.0213837
86
gcm: 0.561137 1.03453 -1.47775
H: -2.5173 0.671837 -0.0601774
87
gcm: 0.561459 1.03446 -1.47035
H: -2.71595 0.728985 -0.458068
88
gcm: 0.561772 1.03443 -1.46327
H: -3.36533 0.785805 0.0127425
89
gcm: 0.562157 1.03421 -1.45633
H: -3.5366 0.733618 0.489431
90
gcm: 0.562649 1.03388 -1.44913
H: -2.89001 0.610394 0.0332151
91
gcm: 0.563115 1.03347 -1.44206
H: -2.05966 0.630566 -0.218855
92
gcm: 0.563434 1.03302 -1.43536
H: -2.09711 0.651912 0.124003
93
gcm: 0.563762 1.03302 -1.42847
H: -2.78685 0.588139 -0.464632
94
gcm: 0.564272 1.03335 -1.42124
H: -3.41829 0.522715 -0.944112
95
gcm: 0.56474 1.0333 -1.41423
H: -3.32343 0.492091 -0.508837
96
gcm: 0.56486 1.03297 -1.40728
H: -2.9386 0.574799 -0.0399011
97
gcm: 0.564677 1.03266 -1.40025
H: -3.06147 0.699472 0.430755
98
gcm: 0.564645 1.03253 -1.39321
H: -2.98553 0.652206 0.246744
99
gcm: 0.564948 1.03243 -1.38602
H: -3.06722 0.563723 -0.045376
100
gcm: 0.56535 1.03228 -1.37881
H: -3.51925 0.522937 -0.45163
101
gcm: 0.565373 1.03286 -1.37185
H: -3.41096 0.585611 -0.327107
102
gcm: 0.565172 1.03379 -1.36499
H: -3.1593 0.654823 0.222741
103
gcm: 0.565333 1.03366 -1.35784
H: -3.5049 0.567239 -0.137309
104
gcm: 0.565529 1.03364 -1.35055
H: -3.75938 0.569251 -0.130754
105
gcm: 0.565458 1.03424 -1.34342
H: -3.962 0.65019 0.308237
106
gcm: 0.56529 1.03359 -1.33645
H: -3.66352 0.608258 0.0675991
107
gcm: 0.565282 1.03245 -1.32952
H: -2.60638 0.489982 -0.344813
108
gcm: 0.565569 1.03241 -1.32302
H: -2.45598 0.505435 0.0954829
109
gcm: 0.564785 1.03245 -1.31592
H: -1.44677 0.200896 -0.951461
110
gcm: 0.56424 1.03221 -1.30808
H: -1.8851 0.333413 -0.164777
111
gcm: 0.564192 1.03164 -1.30003
H: -1.79013 0.310611 0.0492935
112
gcm: 0.564264 1.0311 -1.29225
H: -1.14873 0.167035 -0.316951
113
gcm: 0.564013 1.03049 -1.28451
H: -1.47747 0.0819558 -0.519991
114
gcm: 0.563698 1.02935 -1.27652
H: -1.6759 0.0215735 -0.491105
115
gcm: 0.563338 1.028 -1.26853
H: -1.22219 0.0737852 -0.252341
116
gcm: 0.562749 1.02685 -1.26069
H: -1.2352 0.0944878 -0.317956
117
gcm: 0.562248 1.02604 -1.25254
H: -0.479143 -0.0122961 -0.588672
118
gcm: 0.561849 1.02572 -1.24435
H: 0.00503093 -0.0554733 -0.403939
119
gcm: 0.561034 1.02529 -1.23641
H: -0.477923 -0.0349051 -0.0410289
120
gcm: 0.560132 1.02442 -1.22818
H: -1.13402 -0.140411 -0.42697
121
gcm: 0.559431 1.02303 -1.2198
H: 0.103022 -0.0134657 -0.347805
122
gcm: 0.558546 1.02176 -1.21143
H: -0.0598469 0.115492 -0.0881693
123
gcm: 0.557423 1.02131 -1.20283
H: 0.527146 0.156639 0.465103
124
gcm: 0.556343 1.02094 -1.1941
H: 1.16242 0.0495518 0.0439858
125
gcm: 0.555662 1.02028 -1.18526
H: 0.965637 -0.128467 -0.570115
126
gcm: 0.554845 1.01925 -1.17625
H: 0.925597 0.0536191 0.242974
127
gcm: 0.553418 1.01829 -1.1669
H: 0.606274 0.237683 0.890637
128
gcm: 0.551962 1.01786 -1.15753
H: 1.16578 0.0326034 0.495526
129
gcm: 0.550819 1.01729 -1.14823
H: 2.62757 0.0104525 -0.0301546
130
gcm: 0.549644 1.01602 -1.13883
H: 3.01365 0.161407 0.249422
131
gcm: 0.54806 1.01481 -1.12936
H: 3.11445 0.178561 0.996714
132
gcm: 0.546519 1.01473 -1.11957
H: 3.45285 0.0162784 0.748213
133
gcm: 0.545156 1.01543 -1.10924
H: 3.84347 0.0750353 0.622638
134
gcm: 0.543247 1.01609 -1.09903
H: 3.54921 0.228815 1.2146
135
gcm: 0.541182 1.01635 -1.08905
H: 3.79466 0.197165 1.07263
136
gcm: 0.539432 1.01619 -1.0789
H: 4.00248 0.148333 0.822013
137
gcm: 0.537656 1.01573 -1.06876
H: 4.02766 0.2629 1.12309
138
gcm: 0.536161 1.01521 -1.05868
H: 4.16829 0.244038 0.527746
139
gcm: 0.534717 1.01522 -1.04858
H: 4.18314 0.209235 0.0522606
140
gcm: 0.532831 1.01568 -1.03844
H: 3.91423 0.408446 0.513161
141
gcm: 0.530946 1.0163 -1.02837
H: 2.91259 0.21014 0.747478
142
gcm: 0.529198 1.0174 -1.01844
H: 2.28148 0.0464678 0.342255
143
gcm: 0.527088 1.01841 -1.0087
H: 2.52481 0.395215 0.670478
144
gcm: 0.524992 1.01905 -0.998893
H: 2.90495 0.352377 1.20803
145
gcm: 0.523498 1.02045 -0.989233
H: 2.59418 0.159816 0.0476643
146
gcm: 0.521993 1.02245 -0.979898
H: 1.89519 0.104972 -0.15232
147
gcm: 0.520307 1.02379 -0.969782
H: 2.08225 0.0517882 0.960306
148
gcm: 0.518899 1.02493 -0.959029
H: 0.690852 -0.277371 1.46356
149
gcm: 0.517545 1.02686 -0.949138
H: 0.731935 -0.0905893 0.804014
150
gcm: 0.516204 1.02874 -0.939321
H: 0.614111 0.0491667 0.689341
151
gcm: 0.514753 1.03023 -0.929783
H: 0.937126 0.241547 0.534387
152
gcm: 0.513224 1.03188 -0.920662
H: 1.37552 0.396707 0.395594
153
gcm: 0.512045 1.034 -0.911578
H: 1.26376 0.249552 0.108549
154
gcm: 0.510924 1.03621 -0.902697
H: -0.00583183 0.122286 0.232904
155
gcm: 0.509545 1.03852 -0.894037
H: -1.10905 0.0488152 0.31607
156
gcm: 0.508385 1.04091 -0.885047
H: -0.959941 0.07452 -0.308337
157
gcm: 0.507482 1.04299 -0.876148
H: -0.673098 0.0116055 -0.78394
158
gcm: 0.506691 1.04496 -0.86766
H: -0.661766 -0.244717 -1.33966
159
gcm: 0.505822 1.04657 -0.859375
H: -0.727 -0.15879 -0.451648
160
gcm: 0.504731 1.04797 -0.851149
H: -0.931353 -0.000158456 0.698224
161
gcm: 0.503643 1.04981 -0.843142
H: -1.54208 -0.162302 0.55079
162
gcm: 0.502632 1.05176 -0.83514
H: -0.569411 0.0689335 -0.20609
163
gcm: 0.501895 1.05353 -0.826722
H: 1.59318 0.200253 -0.942614
164
gcm: 0.501242 1.05502 -0.818139
H: -0.90109 -0.579805 0.0759782
165
gcm: 0.500506 1.05634 -0.809945
H: -1.76059 -0.680256 0.111877
166
gcm: 0.499744 1.05738 -0.802104
H: -1.11053 -0.545696 0.131017
167
gcm: 0.498914 1.0583 -0.794229
H: -1.14956 -0.416419 0.715466
168
gcm: 0.498192 1.05894 -0.786336
H: -1.42637 -0.563972 0.463957
169
gcm: 0.497507 1.05919 -0.776703
H: 1.27024 -0.407607 0.135257
170
gcm: 0.496543 1.0595 -0.770324
H: -4.28635 -0.680599 0.31702
171
gcm: 0.495811 1.05987 -0.763573
H: -2.80352 -0.671859 -0.437287
172
gcm: 0.495506 1.05988 -0.756145
H: -1.30412 -0.700034 -0.594602
173
gcm: 0.495024 1.05936 -0.74827
H: -1.32345 -0.691887 0.211868
174
gcm: 0.494435 1.05922 -0.7402
H: -1.52933 -0.70625 -0.064745
175
gcm: 0.494203 1.05918 -0.732113
H: -1.52105 -0.768834 -0.774575
176
gcm: 0.494312 1.05839 -0.723696
H: -0.929867 -0.79157 -0.447201
177
gcm: 0.494375 1.05762 -0.713441
H: 1.89419 -0.512804 0.131584
178
gcm: 0.49419 1.05725 -0.705734
H: -2.09695 -0.820351 0.569068
179
gcm: 0.494722 1.05657 -0.698144
H: -2.30254 -0.964652 -0.113968
180
gcm: 0.493613 1.05619 -0.68976
H: -1.20276 -0.371639 0.162894
181
gcm: 0.492731 1.05616 -0.684691
H: -5.89858 -0.895221 0.416583
182
gcm: 0.492767 1.05524 -0.677323
H: -2.70746 -0.767857 -0.176064
183
gcm: 0.493358 1.05419 -0.668513
H: -0.295651 -0.677099 -0.747529
184
gcm: 0.493447 1.05377 -0.65997
H: 0.0203117 -0.568887 -0.601585
185
gcm: 0.494 1.05388 -0.650603
H: -0.761985 -0.763018 -0.00364081
186
gcm: 0.493125 1.05428 -0.64476
H: -6.04042 -0.671386 0.216811
187
gcm: 0.493888 1.0546 -0.635171
H: 0.367374 -0.610588 -0.871941
188
gcm: 0.493899 1.05493 -0.626187
H: -0.814873 -0.652373 -0.409386
189
gcm: 0.494066 1.05515 -0.618145
H: -3.01912 -0.796055 -0.129828
190
gcm: 0.494439 1.05455 -0.61114
H: -5.07491 -0.835405 0.385805
191
gcm: 0.494407 1.05426 -0.604789
H: -5.05317 -0.824464 0.788763
192
gcm: 0.493952 1.05459 -0.598255
H: -3.70915 -0.785244 0.369073
193
gcm: 0.494006 1.05414 -0.590846
H: -2.48295 -0.742997 -0.312087
194
gcm: 0.495061 1.05351 -0.582201
H: -1.12058 -0.843229 -0.55357
195
gcm: 0.495054 1.05353 -0.57461
H: -3.44256 -0.643759 0.475
196
gcm: 0.495526 1.05309 -0.565845
H: -1.3224 -0.772565 0.271145
197
gcm: 0.495815 1.05287 -0.559137
H: -4.23256 -0.627469 -0.422871
198
gcm: 0.496844 1.05332 -0.550584
H: -1.58714 -0.762708 -0.546524
199
gcm: 0.496574 1.0537 -0.543619
H: -4.35608 -0.464277 0.494126
200
gcm: 0.496986 1.05343 -0.536176
H: -3.87866 -0.593028 -0.137811
201
gcm: 0.497721 1.05298 -0.528534
H: -3.97172 -0.707638 0.0421673
202
gcm: 0.498355 1.05221 -0.520914
H: -3.9104 -0.610799 0.764118
203
gcm: 0.498663 1.05145 -0.513165
H: -3.16084 -0.528223 0.563973
204
gcm: 0.499015 1.05113 -0.505477
H: -2.7659 -0.543732 -0.0664704
205
gcm: 0.499535 1.05153 -0.497931
H: -3.603 -0.38075 0.322819
206
gcm: 0.500057 1.05132 -0.490185
H: -3.38084 -0.246548 0.856916
207
gcm: 0.500617 1.05106 -0.482478
H: -2.10168 -0.465422 1.17812
208
gcm: 0.501171 1.05079 -0.475056
H: -2.28133 -0.133128 1.38475
209
gcm: 0.501535 1.05047 -0.468526
H: -1.47556 -0.011402 1.54951
210
gcm: 0.502272 1.04963 -0.46019
H: -1.18323 0.0216655 0.930406
211
gcm: 0.503213 1.04871 -0.451771
H: -1.26277 -0.258678 0.627259
212
gcm: 0.504322 1.04787 -0.44312
H: -0.478184 -0.38609 0.284178
213
gcm: 0.505429 1.04716 -0.434693
H: 0.402348 -0.213172 0.119635
214
gcm: 0.50627 1.04648 -0.426687
H: 0.186443 -0.0294732 0.262617
215
gcm: 0.50749 1.04601 -0.417484
H: 0.652527 0.0166464 0.0270404
216
gcm: 0.508756 1.04495 -0.408657
H: 0.872084 -0.182617 -0.0633102
217
gcm: 0.510098 1.0436 -0.399894
H: 1.51292 -0.303328 -0.322098
218
gcm: 0.511654 1.04202 -0.39068
H: 1.88586 -0.293862 -0.511734
219
gcm: 0.513138 1.0405 -0.381375
H: 2.00827 -0.183334 -0.605848
220
gcm: 0.514367 1.03839 -0.372472
H: 1.16804 -0.170468 0.316801
221
gcm: 0.515724 1.03724 -0.363554
H: 1.40107 0.0220898 0.348579
222
gcm: 0.517396 1.03584 -0.353719
H: 3.00788 0.0781865 -0.0794638
223
gcm: 0.518972 1.03418 -0.343785
H: 3.92813 0.00488957 -0.206217
224
gcm: 0.520399 1.03355 -0.33423
H: 3.95306 0.0248753 -0.283903
225
gcm: 0.521774 1.03462 -0.324779
H: 3.27619 0.197906 -0.180232
226
gcm: 0.523419 1.03462 -0.314881
H: 3.28876 0.0100917 -0.739592
227
gcm: 0.525399 1.03379 -0.304597
H: 3.63335 -0.355254 -1.1023
228
gcm: 0.527575 1.03161 -0.294857
H: 3.92422 -0.360547 -0.612828
229
gcm: 0.529584 1.03111 -0.285076
H: 4.38834 -0.0915125 -0.608779
230
gcm: 0.531486 1.03089 -0.274589
H: 4.42223 -0.171228 -0.638799
231
gcm: 0.533712 1.03037 -0.264227
H: 4.58718 -0.328051 -0.930931
232
gcm: 0.535721 1.02992 -0.254522
H: 3.22186 -0.2678 -0.870439
233
gcm: 0.538224 1.02994 -0.242413
H: 3.80804 -0.0353434 -0.976706
234
gcm: 0.539807 1.0304 -0.232988
H: 2.24135 -0.0952043 1.03194
235
gcm: 0.541833 1.03096 -0.222717
H: 3.60172 -0.228169 0.139945
236
gcm: 0.544088 1.03186 -0.212064
H: 4.06292 -0.27826 -0.795694
237
gcm: 0.546092 1.03297 -0.202455
H: 2.98247 -0.132166 -0.152163
238
gcm: 0.547816 1.03396 -0.193868
H: 1.76097 -0.273434 0.50843
239
gcm: 0.550237 1.03483 -0.184013
H: 2.50091 -0.422121 -0.24622
240
gcm: 0.552482 1.03493 -0.173413
H: 0.474317 0.486229 -0.193808
241
gcm: 0.554478 1.03504 -0.162846
H: 0.601228 0.449251 -0.221432
242
gcm: 0.556342 1.03581 -0.152598
H: 2.03019 0.248218 -0.875631
243
gcm: 0.558271 1.03725 -0.142568
H: 2.36651 0.158104 -1.20646
244
gcm: 0.560263 1.03887 -0.132731
H: 1.4364 0.0545843 -1.29032
245
gcm: 0.562291 1.04022 -0.12308
H: 1.50878 -0.0395129 -0.965959
246
gcm: 0.564254 1.04138 -0.113129
H: 2.1256 0.113893 -0.347602
247
gcm: 0.566396 1.043 -0.103187
H: 0.602405 -0.0680306 -0.848212
248
gcm: 0.567716 1.04438 -0.0942894
H: 2.41738 0.0290328 0.441359
249
gcm: 0.569232 1.04583 -0.0852288
H: 1.39902 0.168749 -0.0436772
250
gcm: 0.570967 1.04758 -0.0756742
H: 1.48603 0.0783822 -1.09822
251
gcm: 0.572664 1.04885 -0.0666949
H: 1.19919 0.0130591 -0.653208
252
gcm: 0.574166 1.05029 -0.0581868
H: 0.0392152 0.0740093 0.202181
253
gcm: 0.575383 1.05228 -0.0495976
H: -0.4151 0.101513 0.353276
254
gcm: 0.576467 1.05414 -0.0407383
H: 0.0295604 0.218503 0.0818669
255
gcm: 0.57769 1.05536 -0.0317219
H: 0.50616 0.253118 0.258496
256
gcm: 0.578855 1.05642 -0.0233973
H: 0.0385285 0.306537 0.336605
257
gcm: 0.579872 1.05764 -0.0155235
H: -0.473261 0.260824 0.30363
258
gcm: 0.581069 1.05896 -0.00712844
H: -0.398022 0.4527 -0.173167
259
gcm: 0.582261 1.06036 0.00132022
H: -0.370226 0.478194 -0.424544
260
gcm: 0.583248 1.06191 0.0097625
H: -0.469868 0.526847 -0.193711
261
gcm: 0.583959 1.06418 0.0182855
H: -1.1445 0.779097 0.626331
262
gcm: 0.584578 1.06513 0.0264811
H: -1.1894 0.862484 1.2835
263
gcm: 0.585681 1.06599 0.0347176
H: -1.31952 0.713636 -0.273085
264
gcm: 0.587067 1.06685 0.0427668
H: -1.76003 0.491896 -1.55142
265
gcm: 0.588188 1.06725 0.0507541
H: -1.82491 0.655624 -0.315934
266
gcm: 0.588938 1.06671 0.0588819
H: -1.71106 0.914036 0.576491
267
gcm: 0.59004 1.06756 0.0670655
H: -2.2925 0.715043 -0.811653
268
gcm: 0.591264 1.06921 0.0753164
H: -2.47466 0.826301 -0.430752
269
gcm: 0.592365 1.06968 0.0833644
H: -1.99898 0.772725 -0.730844
270
gcm: 0.59276 1.06989 0.0915032
H: -1.86597 0.866609 0.977318
271
gcm: 0.593234 1.06907 0.0994629
H: -2.44916 0.588482 0.0742038
272
gcm: 0.593926 1.06845 0.107327
H: -2.5864 0.877832 0.668445
273
gcm: 0.594509 1.06818 0.115085
H: -2.05325 0.841587 -0.255143
274
gcm: 0.59532 1.06802 0.123259
H: -2.96031 0.747735 -0.306749
275
gcm: 0.596285 1.06751 0.131534
H: -1.59314 0.645843 -0.306191
276
gcm: 0.597097 1.06695 0.139928
H: -1.7113 0.64707 -0.265981
277
gcm: 0.597515 1.06631 0.147737
H: -3.43067 0.886872 0.365481
278
gcm: 0.598091 1.06613 0.15558
H: -2.93184 0.852907 0.188247
279
gcm: 0.598947 1.06651 0.163848
H: -1.92956 0.752782 -0.149423
280
gcm: 0.599704 1.06689 0.171841
H: -3.13161 0.69623 -0.209669
281
gcm: 0.600316 1.0672 0.179233
H: -4.37674 0.637954 -0.382365
282
gcm: 0.600807 1.06769 0.186857
H: -4.60908 0.806662 0.238711
283
gcm: 0.601273 1.06837 0.195184
H: -3.23115 0.80369 0.346324
284
gcm: 0.601894 1.06891 0.203574
H: -2.11057 0.603018 -0.142481
285
gcm: 0.602397 1.06885 0.211695
H: -4.44776 0.854749 0.0804414
286
gcm: 0.602353 1.06826 0.219119
H: -4.72485 1.04479 1.0582
287
gcm: 0.603428 1.06856 0.227852
H: -2.79478 0.412203 -1.35817
288
gcm: 0.603973 1.06922 0.235738
H: -3.54772 0.761347 0.32921
289
gcm: 0.60437 1.06871 0.243211
H: -4.4252 0.848374 0.325096
290
gcm: 0.604773 1.06843 0.250413
H: -4.2953 0.754863 -0.170985
291
gcm: 0.605032 1.06897 0.258589
H: -2.63923 0.765185 0.421708
292
gcm: 0.605356 1.06984 0.266483
H: -3.9462 0.726395 0.802335
293
gcm: 0.605229 1.07044 0.273721
H: -4.78594 0.823023 0.425066
294
gcm: 0.60541 1.07035 0.281083
H: -3.41877 0.703397 -0.799673
295
gcm: 0.606017 1.07002 0.289142
H: -3.77115 0.72249 -0.585169
296
gcm: 0.606459 1.06971 0.296733
H: -3.32357 0.654201 -1.07766
297
gcm: 0.606695 1.06963 0.303934
H: -2.82385 0.584583 -1.20131
298
gcm: 0.606511 1.07025 0.311403
H: -3.26447 0.605191 -0.0304166
299
gcm: 0.606404 1.071 0.319501
H: -3.05391 0.382119 0.342689
300
gcm: 0.606543 1.07121 0.327775
H: -2.8343 0.0764391 -1.20187
301
gcm: 0.606872 1.07061 0.336475
H: -2.52497 -0.0687295 -1.69251
302
gcm: 0.607248 1.06974 0.345367
H: -2.73943 -0.0884259 -1.13042
303
gcm: 0.607376 1.06906 0.353914
H: -1.45044 -0.145473 -1.1598
304
gcm: 0.607576 1.06814 0.362514
H: -1.05205 -0.156993 -1.17387
305
gcm: 0.607651 1.06681 0.371287
H: -1.27416 -0.0123498 -0.730047
306
gcm: 0.607235 1.06542 0.37996
H: -1.39023 0.331062 0.0568744
307
gcm: 0.606596 1.06428 0.388429
H: -0.675791 0.36939 0.477853
308
gcm: 0.606256 1.06324 0.397373
H: 0.0181583 0.317865 0.694265
309
gcm: 0.605891 1.06195 0.40672
H: 1.95665 0.633779 0.636324
310
gcm: 0.604804 1.06096 0.415985
H: 1.71774 0.714716 1.84595
311
gcm: 0.603829 1.05969 0.425461
H: 1.95411 0.629512 1.91964
312
gcm: 0.603438 1.05777 0.435266
H: 1.75978 0.545053 1.19919
313
gcm: 0.603028 1.0559 0.445155
H: 2.06357 0.546757 1.03652
314
gcm: 0.602349 1.05409 0.455045
H: 3.19829 0.415907 0.673847
315
gcm: 0.601428 1.05282 0.464628
H: 3.37291 0.569785 2.09875
316
gcm: 0.600466 1.05174 0.474292
H: 1.81058 0.37299 1.86872
317
gcm: 0.599565 1.05004 0.484338
H: 3.96418 0.102162 -0.0143833
318
gcm: 0.599109 1.04879 0.494932
H: 4.5382 0.22193 -0.0894892
319
gcm: 0.598735 1.04819 0.505974
H: 4.31661 0.326782 0.35468
320
gcm: 0.597058 1.04741 0.517022
H: 3.43482 0.462493 2.42056
321
gcm: 0.595878 1.04714 0.527787
H: 3.60228 0.346894 1.64859
322
gcm: 0.59491 1.04684 0.538615
H: 4.97398 0.296771 0.986471
323
gcm: 0.59339 1.04605 0.549317
H: 5.18155 0.319003 1.53738
324
gcm: 0.59185 1.04559 0.560124
H: 4.31964 0.356222 1.36002
325
gcm: 0.590664 1.04554 0.571043
H: 4.16735 0.34348 0.526311
326
gcm: 0.589471 1.04534 0.581528
H: 3.80064 0.256006 0.412891
327
gcm: 0.58828 1.04514 0.591766
H: 3.61437 0.191815 0.738958
328
gcm: 0.586994 1.04513 0.602238
H: 3.7665 0.261595 0.785093
329
gcm: 0.585056 1.04546 0.612898
H: 3.40137 0.396561 1.33015
330
gcm: 0.583238 1.04634 0.623408
H: 3.60378 0.369595 1.50766
331
gcm: 0.583207 1.04643 0.635382
H: 1.74898 -0.819921 0.811999
332
gcm: 0.583158 1.04704 0.646405
H: 2.73067 -0.357118 -0.897217
333
gcm: 0.582341 1.04791 0.657031
H: 2.38937 -0.156285 -0.107359
334
gcm: 0.581276 1.04905 0.667656
H: 1.55521 -0.106785 1.04766
335
gcm: 0.580594 1.05064 0.67811
H: 2.09059 -0.17589 0.608805
336
gcm: 0.580079 1.05229 0.688228
H: 2.18441 -0.0955075 -0.267308
337
gcm: 0.579213 1.05382 0.698232
H: 1.72368 0.222325 0.00941418
338
gcm: 0.578508 1.05519 0.708214
H: 1.92697 0.0884881 -0.124753
339
gcm: 0.578225 1.0564 0.717594
H: 1.32117 -0.222865 -1.01995
340
gcm: 0.577072 1.05772 0.727154
H: 0.79905 0.184147 1.17386
341
gcm: 0.576634 1.05965 0.736625
H: 0.793866 0.0467449 -0.327243
342
gcm: 0.576512 1.06178 0.745882
H: -0.245624 -0.379784 -1.19424
343
gcm: 0.576427 1.06384 0.755005
H: -0.518739 -0.558647 -1.51017
344
gcm: 0.575651 1.06554 0.762875
H: -0.877706 -0.0832528 0.530708
345
gcm: 0.574859 1.06669 0.77098
H: -0.690035 -0.0895022 1.68897
346
gcm: 0.575703 1.06871 0.781577
H: 1.70652 -0.622028 -2.44405
347
gcm: 0.575002 1.0701 0.790231
H: -0.0677351 -0.205457 0.441241
348
gcm: 0.574304 1.07138 0.798942
H: -0.373098 -0.252831 0.806779
349
gcm: 0.573566 1.07257 0.80755
H: -0.89998 -0.292093 0.887352
350
gcm: 0.573112 1.0736 0.816196
H: -0.678436 -0.492908 -0.184786
351
gcm: 0.573084 1.07451 0.82495
H: -1.19506 -0.728231 -0.476607
352
gcm: 0.573356 1.07618 0.833324
H: -0.540739 -0.680007 -1.31002
353
gcm: 0.573299 1.07772 0.841609
H: -1.98243 -0.870846 -0.625425
354
gcm: 0.572893 1.07882 0.849885
H: -1.83343 -0.777109 0.303537
355
gcm: 0.572557 1.07923 0.85784
H: -1.86437 -0.682934 0.447553
356
gcm: 0.572351 1.07971 0.866146
H: -1.6619 -0.759889 -0.115191
357
gcm: 0.572117 1.08006 0.874561
H: -1.54214 -0.832227 -0.424447
358
gcm: 0.571804 1.0799 0.88245
H: -2.13504 -0.745662 0.307239
359
gcm: 0.571783 1.08012 0.890317
H: -1.88376 -0.804683 -0.129715
360
gcm: 0.572031 1.08058 0.898881
H: -1.32745 -0.996507 -1.33413
361
gcm: 0.572236 1.08021 0.906488
H: -2.96587 -1.1117 -0.875334
362
gcm: 0.572158 1.07974 0.914116
H: -2.72885 -0.885688 -0.0470653
363
gcm: 0.572071 1.0797 0.922176
H: -1.57488 -0.861557 -0.234226
364
gcm: 0.572004 1.07947 0.930581
H: -0.841596 -0.906332 -0.104714
365
gcm: 0.57217 1.07924 0.938665
H: -2.43945 -0.917595 0.378973
366
gcm: 0.57207 1.07894 0.946192
H: -3.57234 -0.614859 0.88768
367
gcm: 0.571889 1.07892 0.953868
H: -3.04087 -0.652988 -0.0734199
368
gcm: 0.572238 1.07929 0.961689
H: -2.13041 -0.973417 -1.38406
369
gcm: 0.57246 1.07949 0.969523
H: -2.5382 -0.938126 -0.57068
370
gcm: 0.572438 1.07965 0.977255
H: -2.92574 -0.866707 -0.156949
371
gcm: 0.572494 1.07984 0.984737
H: -2.67167 -0.866533 0.0252104
372
gcm: 0.572484 1.08013 0.992515
H: -2.8264 -0.711758 0.319562
373
gcm: 0.572421 1.08068 1.00032
H: -3.43475 -0.750956 -0.169799
374
gcm: 0.572657 1.08165 1.00777
H: -3.3325 -0.911631 -0.339948
375
gcm: 0.572895 1.08238 1.01517
H: -3.32521 -0.782277 0.545728
376
gcm: 0.57299 1.08301 1.02259
H: -3.69189 -0.802313 0.258292
377
gcm: 0.573221 1.08369 1.03036
H: -2.75469 -0.866377 -0.412457
378
gcm: 0.572754 1.08301 1.03827
H: -3.1178 -0.524001 1.50353
379
gcm: 0.573317 1.08221 1.04488
H: -3.87399 -0.809539 -0.730603
380
gcm: 0.573452 1.08174 1.05213
H: -3.65969 -0.646882 -0.116702
381
gcm: 0.5736 1.08211 1.06
H: -3.33518 -0.619713 0.123041
382
gcm: 0.573873 1.08201 1.06738
H: -3.20057 -0.709398 0.00231971
383
gcm: 0.574246 1.08181 1.07406
H: -2.95679 -0.744675 -0.133722
384
gcm: 0.574717 1.08218 1.08141
H: -2.23472 -0.662454 -0.14876
385
gcm: 0.575054 1.08277 1.08939
H: -2.17507 -0.540166 0.131105
386
gcm: 0.575137 1.08273 1.09688
H: -3.16774 -0.444123 0.819921
387
gcm: 0.575491 1.08263 1.10451
H: -3.16794 -0.470341 0.203995
388
gcm: 0.57606 1.08275 1.11242
H: -2.86759 -0.602996 -0.511228
389
gcm: 0.576242 1.0824 1.11959
H: -3.64443 -0.477879 0.804879
390
gcm: 0.576372 1.0814 1.12668
H: -3.84847 -0.299659 1.31197
391
gcm: 0.576749 1.08086 1.13428
H: -3.57471 -0.362087 0.584208
392
gcm: 0.577312 1.08119 1.14162
H: -2.63394 -0.439197 0.542306
393
gcm: 0.578348 1.08167 1.14825
H: -1.77422 -0.589443 -0.213383
394
gcm: 0.577979 1.08133 1.15526
H: -0.96903 -0.106924 2.09397
395
gcm: 0.578348 1.08043 1.16351
H: 0.0227393 0.0771448 0.954227
396
gcm: 0.5793 1.07927 1.17206
H: 0.137162 0.0908692 0.316631
397
gcm: 0.580409 1.07938 1.18018
H: -0.961829 -0.149308 -0.108592
398
gcm: 0.581002 1.07885 1.18816
H: -0.261 -0.0470817 0.855478
399
gcm: 0.581342 1.07811 1.19656
H: 0.803427 -0.00807505 0.841799
400
gcm: 0.582561 1.07725 1.2051
H: 1.13148 -0.326474 -0.78514
401
gcm: 0.584072 1.0764 1.21361
H: 0.965126 -0.34396 -0.729547
402
gcm: 0.584774 1.07534 1.22239
H: 1.04265 -0.0576603 0.649883
403
gcm: 0.585457 1.07414 1.23141
H: 2.06788 -0.140476 0.142537
404
gcm: 0.586737 1.07301 1.24046
H: 2.27193 -0.361453 -0.923996
405
gcm: 0.587976 1.07091 1.2495
H: 2.05445 -0.377317 -0.565604
406
gcm: 0.589228 1.0694 1.25879
H: 2.50354 -0.178172 -0.477735
407
gcm: 0.591241 1.06818 1.26805
H: 2.56209 -0.337695 -1.58515
408
gcm: 0.591357 1.06653 1.27771
H: 3.07825 -0.0246376 0.604845
409
gcm: 0.593274 1.06586 1.28629
H: 1.82596 -0.238959 -0.999742
410
gcm: 0.594718 1.06621 1.29553
H: 2.12585 -0.0514128 -0.015164
411
gcm: 0.595964 1.06744 1.30435
H: 2.181 -0.169162 -0.205888
412
gcm: 0.597723 1.06777 1.31401
H: 4.19342 -0.316716 -0.567859
413
gcm: 0.599632 1.06819 1.324
H: 4.53138 -0.290382 -0.534388
414
gcm: 0.601575 1.06821 1.33464
H: 5.45089 -0.153725 -1.08238
415
gcm: 0.603521 1.06817 1.34525
H: 5.06896 -0.246113 -1.08947
416
gcm: 0.605365 1.06749 1.35511
H: 4.03428 -0.397187 -0.944165
417
gcm: 0.606774 1.06786 1.36453
H: 2.77847 -0.502479 -0.389665
418
gcm: 0.607913 1.06801 1.37364
H: 2.21809 -0.38711 0.505474
419
gcm: 0.609406 1.06815 1.38399
H: 4.22174 -0.227341 -0.119597
420
gcm: 0.61118 1.06852 1.3938
H: 3.09049 -0.14363 -0.314786
421
gcm: 0.612733 1.06888 1.40419
H: 2.35039 0.167296 0.0133657
422
gcm: 0.614578 1.07047 1.41523
H: 2.23265 -0.179163 -0.600761
423
gcm: 0.616711 1.0715 1.42604
H: 0.568237 0.242865 -2.02193
424
gcm: 0.61831 1.07249 1.43573
H: 1.27041 0.3503 -1.41863
425
gcm: 0.620111 1.07347 1.44631
H: 3.21718 -0.0571082 -0.970035
426
gcm: 0.621758 1.0748 1.45591
H: 1.68538 -0.00489718 -0.709052
427
gcm: 0.622946 1.07613 1.46489
H: -0.114182 0.38476 -1.0869
428
gcm: 0.624084 1.07727 1.47358
H: 0.902486 0.0384766 -0.644241
429
gcm: 0.625325 1.07876 1.4822
H: 1.24769 -0.324305 0.303987
430
gcm: 0.626802 1.08038 1.49137
H: 0.824129 -0.386274 -0.138047
431
gcm: 0.628175 1.08186 1.50081
H: 0.959479 0.0707835 -0.519405
432
gcm: 0.628974 1.08323 1.50831
H: -0.487344 0.154548 1.01218
433
gcm: 0.629914 1.0844 1.51767
H: 2.53555 -0.133637 0.348909
434
gcm: 0.629787 1.0841 1.52399
H: -1.63048 0.269108 1.38172
435
gcm: 0.632813 1.08766 1.53545
H: 2.15253 -0.195083 -3.00893
436
gcm: 0.635138 1.08877 1.54585
H: 2.30284 -0.252657 -2.43039
437
gcm: 0.633944 1.08952 1.55139
H: -2.09636 0.518877 2.95226
438
gcm: 0.633487 1.09014 1.55768
H: -2.63932 0.546322 3.14479
439
gcm: 0.635789 1.09211 1.56717
H: 2.6651 -0.236067 -3.04986
440
gcm: 0.63582 1.09308 1.57364
H: -3.32508 0.372783 1.367
441
gcm: 0.639664 1.09626 1.58513
H: -0.695908 -0.295461 -2.74516
442
gcm: 0.641545 1.09775 1.59497
H: 0.133779 0.16132 -3.10333
443
gcm: 0.64191 1.09979 1.6043
H: -0.414193 0.902384 0.684925
444
gcm: 0.641665 1.09929 1.61034
H: -4.05241 1.03103 2.00524
445
gcm: 0.642076 1.10151 1.61796
H: -1.35324 0.828256 0.783118
446
gcm: 0.642676 1.10146 1.62487
H: -1.57192 0.853561 0.947735
447
gcm: 0.643831 1.10115 1.63288
H: -0.151848 0.599082 0.0196465
448
gcm: 0.644241 1.10133 1.6403
H: -1.85818 0.845513 0.0222364
449
gcm: 0.644279 1.10159 1.64703
H: -3.17163 1.07071 1.11486
450
gcm: 0.645653 1.1018 1.6556
H: -0.333145 0.570245 -0.932791
451
gcm: 0.647059 1.10199 1.66381
H: -0.624182 0.393533 -1.65414
452
gcm: 0.647582 1.10237 1.67116
H: -2.01358 0.712153 -0.291977
453
gcm: 0.648096 1.1028 1.6791
H: -2.22009 0.881532 0.948033
454
gcm: 0.648534 1.1023 1.68664
H: -2.60848 0.845381 0.2381
455
gcm: 0.649149 1.1011 1.69419
H: -1.50073 0.767658 -0.0482012
456
gcm: 0.64963 1.09973 1.70192
H: -2.71896 0.884345 0.840129
457
gcm: 0.650135 1.09881 1.70936
H: -1.74139 0.590203 -0.753771
458
gcm: 0.651143 1.09813 1.7173
H: -0.739934 0.452051 -0.903783
459
gcm: 0.651556 1.09829 1.72416
H: -1.32457 0.637488 -0.382289
460
gcm: 0.651804 1.09873 1.73203
H: -5.17788 0.723713 0.219445
461
gcm: 0.652657 1.09862 1.74008
H: -3.54831 0.541302 -0.454787
462
gcm: 0.653147 1.09897 1.74777
H: -2.49711 0.81591 0.740361
463
gcm: 0.653188 1.09969 1.75462
H: -2.08781 0.977444 1.50398
464
gcm: 0.653666 1.0993 1.76155
H: -1.70557 0.434776 -0.809142
465
gcm: 0.654241 1.09846 1.7696
H: -4.49658 0.549696 -0.3105
466
gcm: 0.654119 1.0984 1.77648
H: -2.07758 0.853466 1.04531
467
gcm: 0.654483 1.09971 1.78469
H: -4.57235 0.79722 0.653814
468
gcm: 0.655407 1.10013 1.7917
H: -2.20517 0.360162 -1.12009
469
gcm: 0.655722 1.09898 1.79952
H: -4.33775 0.553996 -0.40903
470
gcm: 0.655238 1.09888 1.80643
H: -2.13067 0.878999 0.824577
471
gcm: 0.655495 1.09967 1.8134
H: -2.3874 0.680593 0.256487
472
gcm: 0.656147 1.09963 1.82064
H: -2.53506 0.418915 -0.610934
473
gcm: 0.656263 1.09937 1.82813
H: -4.65419 0.694553 0.0213501
474
gcm: 0.656256 1.09998 1.83628
H: -4.67091 0.672182 0.488472
475
gcm: 0.656656 1.10041 1.8447
H: -4.32052 0.593569 -0.0646411
476
gcm: 0.656783 1.09957 1.8517
H: -3.19182 0.65782 -0.0304603
477
gcm: 0.656471 1.09826 1.85742
H: -2.7721 0.637155 0.109243
478
gcm: 0.656274 1.09835 1.86535
H: -5.00576 0.618019 0.324527
479
gcm: 0.656074 1.09864 1.87314
H: -3.84223 0.64366 0.669495
480
gcm: 0.656046 1.09858 1.88111
H: -2.78458 0.629749 0.282037
481
gcm: 0.656409 1.09837 1.88833
H: -2.80972 0.466773 -1.42377
482
gcm: 0.656624 1.09801 1.89514
H: -2.14731 0.534089 -0.769613
483
gcm: 0.65679 1.09745 1.90301
H: -0.730185 0.249301 -0.147281
484
gcm: 0.656325 1.0969 1.91072
H: -0.475267 0.375618 0.143673
485
gcm: 0.655871 1.09648 1.91913
H: -1.90896 0.331458 0.146503
486
gcm: 0.6558 1.09605 1.92865
H: -3.24635 0.193937 -0.7643
487
gcm: 0.65559 1.09509 1.93735
H: -3.57857 0.217721 -0.624836
488
gcm: 0.654746 1.094 1.94572
H: -2.59751 0.249737 0.04658
489
gcm: 0.65363 1.093 1.95425
H: -1.9793 0.376536 1.15246
490
gcm: 0.653259 1.09192 1.96275
H: -0.801367 0.366699 -0.0752129
491
gcm: 0.653151 1.09087 1.97163
H: 0.126225 -0.334202 -1.06242
492
gcm: 0.652864 1.08933 1.98024
H: 2.08776 -0.0690796 -0.325104
493
gcm: 0.652054 1.08778 1.98876
H: 1.08791 0.167858 -0.0682225
494
gcm: 0.650996 1.08611 1.99718
H: 1.3375 0.23039 0.276374
495
gcm: 0.650004 1.08501 2.00567
H: 0.551122 0.331803 0.31739
496
gcm: 0.64926 1.08447 2.01444
H: 0.308931 0.13583 0.441562
497
gcm: 0.648415 1.08224 2.0237
H: 0.680156 0.185728 0.0905415
498
gcm: 0.64705 1.07897 2.03276
H: -0.0688086 0.312469 1.15926
499
gcm: 0.64551 1.07742 2.04184
H: 0.766082 0.246011 1.0151
500
gcm: 0.643981 1.07622 2.05096
H: 2.24766 0.200928 0.374956
501
gcm: 0.643314 1.07377 2.06114
H: 1.99155 0.0509631 -0.858508
502
gcm: 0.642503 1.07202 2.07115
H: 1.80151 -0.000154526 -0.690377
503
gcm: 0.640963 1.07176 2.08119
H: 2.42586 0.244224 0.355743
504
gcm: 0.638571 1.07225 2.09138
H: 1.82274 0.47167 1.87698
505
gcm: 0.637447 1.07199 2.10156
H: 2.24075 0.0464945 -0.894752
506
gcm: 0.635581 1.07177 2.11228
H: 2.60854 0.185125 -0.19165
507
gcm: 0.634177 1.07104 2.12265
H: 2.57625 0.229037 0.405406
508
gcm: 0.633104 1.07075 2.13222
H: 1.95571 0.117906 -0.462402
509
gcm: 0.630815 1.07143 2.14317
H: 3.62753 0.366665 0.675334
510
gcm: 0.628733 1.07204 2.15322
H: 2.91777 0.359924 1.36306
511
gcm: 0.626739 1.07223 2.16331
H: 3.11965 0.617007 0.319847
512
gcm: 0.624656 1.07261 2.17245
H: 2.43033 0.352653 0.0775762
513
gcm: 0.622937 1.07332 2.18053
H: 1.01317 -0.0354925 0.357912
514
gcm: 0.621584 1.07423 2.19072
H: 3.70536 0.337823 -0.973231
515
gcm: 0.619977 1.07478 2.20029
H: 2.53321 0.370987 0.432148
516
gcm: 0.618469 1.07446 2.21298
H: 3.74128 -0.223486 1.01693
516
gcm: 0.618469 1.07446 2.21298
H: 0 0 0
