:metadata
 
Skeleton: /Network/Servers/duerer/Volumes/duerer/laturnus/workspace/new_acm/asf/07-walk.asf
Motion: /Network/Servers/duerer/Volumes/duerer/laturnus/workspace/new_acm/amc/07_02-walk.amc
Mass Distribution: /Network/Servers/duerer/Volumes/duerer/laturnus/workspace/new_acm/amd/cylinder.amd
 
Inital skeleton translation: 0 0 0
Initial skeleton rotation: 0 0 0
 
:data
1
gcm: 0.520299 0.860126 -1.94866
H: 1.32469 0.32545 -0.441364
2
gcm: 0.520404 0.86097 -1.94015
H: 1.70456 0.328878 0.148669
3
gcm: 0.520016 0.861539 -1.93202
H: 3.32969 0.593812 -0.194769
4
gcm: 0.518465 0.862039 -1.92443
H: 4.50792 0.774819 -1.23203
5
gcm: 0.517118 0.86335 -1.91674
H: 3.49529 0.524641 -0.92844
6
gcm: 0.516437 0.864781 -1.90888
H: 3.38459 0.606277 -0.651235
7
gcm: 0.515797 0.865612 -1.90092
H: 2.67041 0.574293 -0.973388
8
gcm: 0.514845 0.866507 -1.89292
H: 1.39036 0.312427 -1.03892
9
gcm: 0.514146 0.868107 -1.88459
H: 1.067 0.243276 -0.710174
10
gcm: 0.51411 0.869752 -1.87572
H: -1.05973 -0.352477 0.197181
11
gcm: 0.514067 0.87083 -1.86739
H: -2.15714 -0.786813 0.739894
12
gcm: 0.513764 0.871798 -1.85976
H: 0.0483751 -0.112517 -0.316427
13
gcm: 0.51366 0.872896 -1.85125
H: 1.13571 0.277857 -0.528551
14
gcm: 0.51377 0.874022 -1.84211
H: 1.28676 0.201933 0.0889514
15
gcm: 0.513738 0.874645 -1.83343
H: 1.59916 0.282174 -0.242035
16
gcm: 0.513547 0.874858 -1.8251
H: 0.624587 0.109748 -0.491127
17
gcm: 0.513187 0.875296 -1.81666
H: -1.61666 -0.26619 -0.488951
18
gcm: 0.512207 0.875841 -1.80804
H: -2.80079 -0.331107 -0.477607
19
gcm: 0.512675 0.876198 -1.7988
H: -0.522028 -0.328218 -0.17637
20
gcm: 0.51305 0.876356 -1.78993
H: 0.734134 -0.228676 -0.337293
21
gcm: 0.513252 0.87622 -1.7812
H: -0.724963 -0.429547 -0.0870401
22
gcm: 0.513148 0.876135 -1.77204
H: -0.616494 -0.390514 0.512138
23
gcm: 0.513032 0.87629 -1.76254
H: -1.06515 -0.292414 -0.00733781
24
gcm: 0.512976 0.876346 -1.75332
H: -1.05993 -0.265063 -0.628167
25
gcm: 0.512887 0.875707 -1.74434
H: 0.00610621 -0.18303 0.0793877
26
gcm: 0.512839 0.874568 -1.73474
H: -0.298523 -0.144416 0.496271
27
gcm: 0.512548 0.873778 -1.72492
H: -0.67204 0.00173317 -0.808023
28
gcm: 0.51206 0.873269 -1.71584
H: -0.115146 0.052336 -1.01499
29
gcm: 0.512171 0.872451 -1.70684
H: -2.65984 -0.491583 1.03617
30
gcm: 0.512505 0.871444 -1.69722
H: -4.43632 -0.689081 1.7495
31
gcm: 0.512691 0.871835 -1.68612
H: -3.17596 -1.65256 -0.623918
32
gcm: 0.51284 0.872873 -1.6769
H: -1.96891 -0.0728918 -0.477167
33
gcm: 0.513395 0.873104 -1.66775
H: -1.5385 -0.489832 -0.0566851
34
gcm: 0.513813 0.872713 -1.65812
H: 0.568152 -0.4181 -0.119653
35
gcm: 0.513992 0.873087 -1.64827
H: -1.02886 -0.0617009 0.236414
36
gcm: 0.513831 0.873394 -1.63867
H: -3.58453 -0.0953822 1.10421
37
gcm: 0.513986 0.87382 -1.62895
H: -1.28977 -0.131569 0.218593
38
gcm: 0.514717 0.874848 -1.6192
H: 0.610357 -0.227676 -0.206711
39
gcm: 0.515082 0.875606 -1.60963
H: -0.162159 -0.385565 0.442704
40
gcm: 0.515055 0.875762 -1.60015
H: -1.68457 -0.326401 0.363534
41
gcm: 0.515244 0.876084 -1.59066
H: -2.49581 -0.23595 0.282708
42
gcm: 0.515413 0.876709 -1.58112
H: 1.04519 -0.324442 -0.381957
43
gcm: 0.515396 0.877288 -1.57149
H: 2.44703 -0.434446 -0.596471
44
gcm: 0.51553 0.878259 -1.56191
H: -2.97298 -0.207044 -0.235851
45
gcm: 0.515789 0.879353 -1.55259
H: -3.6712 -0.129297 -0.727323
46
gcm: 0.515952 0.880194 -1.54361
H: -1.7466 -0.284334 -0.213951
47
gcm: 0.516089 0.880979 -1.53468
H: -1.93999 -0.25043 0.436437
48
gcm: 0.516401 0.881782 -1.5257
H: 0.920453 -0.101769 -0.383592
49
gcm: 0.516789 0.882472 -1.51706
H: 2.35885 0.074699 -0.406803
50
gcm: 0.517172 0.883033 -1.50852
H: -1.64971 0.225291 1.0216
51
gcm: 0.517517 0.883331 -1.49987
H: -3.88489 0.303746 1.12711
52
gcm: 0.517646 0.883313 -1.49158
H: -0.680627 0.160567 0.301801
53
gcm: 0.51805 0.883733 -1.48418
H: 0.774725 -0.187869 0.235435
54
gcm: 0.518854 0.883694 -1.47449
H: 4.48024 -0.427852 -2.32662
55
gcm: 0.519769 0.882584 -1.46488
H: -1.66391 0.202679 1.50784
56
gcm: 0.520157 0.881464 -1.45648
H: 0.919251 -0.164313 -0.0613397
57
gcm: 0.520502 0.881047 -1.44849
H: 1.78836 -0.308836 -0.0644242
58
gcm: 0.520862 0.880203 -1.44037
H: 1.01723 -0.194041 0.0903061
59
gcm: 0.521434 0.879219 -1.43206
H: 1.38507 -0.158973 -0.266212
60
gcm: 0.522382 0.879443 -1.42353
H: 3.65422 -0.103183 -0.0916481
61
gcm: 0.523457 0.879355 -1.41482
H: 5.86204 -0.26488 0.0101697
62
gcm: 0.524344 0.879705 -1.40666
H: 1.78769 -0.0940549 -1.58299
63
gcm: 0.525671 0.880513 -1.39824
H: -0.785477 0.0460129 0.536067
64
gcm: 0.527041 0.880734 -1.38949
H: 2.58811 -0.468241 0.0021231
65
gcm: 0.528718 0.88075 -1.38009
H: -0.774045 0.113513 -1.43505
66
gcm: 0.530196 0.881037 -1.37062
H: 5.27782 -0.810029 -0.476706
67
gcm: 0.531935 0.881234 -1.36116
H: 4.47721 -0.797841 0.00342605
68
gcm: 0.533863 0.881341 -1.35238
H: 2.17913 -0.31643 -0.294403
69
gcm: 0.535475 0.881417 -1.34385
H: 2.77722 -0.331329 -0.0370562
70
gcm: 0.536715 0.883006 -1.33515
H: 2.57875 -0.532982 0.465187
71
gcm: 0.537929 0.883433 -1.32678
H: 0.829283 -0.451384 0.308942
72
gcm: 0.53939 0.883671 -1.31857
H: 1.26224 -0.573821 0.187072
73
gcm: 0.54092 0.883947 -1.31009
H: 2.62015 -0.461523 -0.165439
74
gcm: 0.542223 0.885096 -1.30119
H: 1.88955 -0.135589 -0.345422
75
gcm: 0.543403 0.886584 -1.29228
H: 2.11022 -0.396592 0.707274
76
gcm: 0.544499 0.887884 -1.28347
H: 3.97669 -0.942914 1.31656
77
gcm: 0.545452 0.889105 -1.27439
H: 1.48135 -0.539915 0.396421
78
gcm: 0.546433 0.889654 -1.26523
H: -1.85991 0.260398 -0.145488
79
gcm: 0.547424 0.889876 -1.25619
H: -3.65382 0.825678 -0.742099
80
gcm: 0.548011 0.89087 -1.24697
H: -0.560041 0.122238 0.312373
81
gcm: 0.548776 0.892618 -1.23778
H: -1.49113 0.235015 -0.147869
82
gcm: 0.54986 0.893843 -1.22857
H: -0.330704 -0.16269 -0.0539482
83
gcm: 0.550884 0.894614 -1.21894
H: 2.00454 -0.640199 0.639573
84
gcm: 0.55165 0.894979 -1.20938
H: 2.44289 -0.351869 0.479259
85
gcm: 0.552064 0.894875 -1.20051
H: 1.02903 0.55372 -0.207737
86
gcm: 0.552288 0.895463 -1.19114
H: -0.482031 0.398507 -0.165149
87
gcm: 0.552773 0.896262 -1.1814
H: 0.18216 0.14053 0.0327549
88
gcm: 0.553244 0.897025 -1.17223
H: 0.246777 0.0768042 0.3178
89
gcm: 0.553305 0.897705 -1.16305
H: -2.68854 0.606176 -0.0530264
90
gcm: 0.553361 0.897942 -1.15293
H: -3.55362 0.525691 0.0540876
91
gcm: 0.553911 0.898336 -1.14226
H: -1.19615 -0.224642 0.838443
92
gcm: 0.554471 0.898812 -1.13211
H: -0.314611 0.452481 -0.19007
93
gcm: 0.554449 0.899162 -1.12272
H: -0.50774 0.353296 -0.376791
94
gcm: 0.554295 0.899109 -1.11358
H: 2.35121 -0.399953 1.21157
95
gcm: 0.554706 0.898965 -1.10411
H: -6.79694 1.38474 -1.90236
96
gcm: 0.555292 0.898463 -1.09448
H: -2.53106 0.58867 -0.551177
97
gcm: 0.555614 0.897279 -1.08477
H: 0.69119 0.12332 0.219623
98
gcm: 0.555545 0.897357 -1.0747
H: -0.425481 0.370272 -0.0850059
99
gcm: 0.555451 0.89709 -1.06487
H: -1.535 0.781436 -0.0644047
100
gcm: 0.555878 0.895979 -1.0553
H: -1.2981 0.0458591 0.24312
101
gcm: 0.556487 0.895441 -1.0452
H: -2.04175 0.262563 0.455559
102
gcm: 0.556616 0.895213 -1.03557
H: -1.23404 0.37501 0.181014
103
gcm: 0.556413 0.894946 -1.02591
H: 0.013804 0.705145 -0.24181
104
gcm: 0.55604 0.89469 -1.01646
H: -0.470533 -0.0228239 -0.440709
105
gcm: 0.556087 0.894821 -1.00665
H: -1.75177 -0.0729363 0.310683
106
gcm: 0.556238 0.895834 -0.996681
H: -2.37589 0.268423 0.410874
107
gcm: 0.555823 0.896931 -0.98685
H: -2.51173 0.462931 -0.189255
108
gcm: 0.555653 0.896957 -0.97707
H: -1.35367 0.419704 -1.01768
109
gcm: 0.555703 0.897156 -0.967268
H: -1.26827 0.222868 -0.652005
110
gcm: 0.555276 0.89874 -0.957431
H: -2.68108 0.084986 0.470584
111
gcm: 0.554936 0.899761 -0.947255
H: -2.91785 1.18642 0.856735
112
gcm: 0.554711 0.899211 -0.93865
H: -0.456332 -0.483725 0.0490596
113
gcm: 0.554664 0.899792 -0.929552
H: -0.24576 0.0363764 0.281712
114
gcm: 0.554783 0.901461 -0.920251
H: -0.442709 0.1782 -0.133668
115
gcm: 0.554634 0.902369 -0.911412
H: -0.721698 0.109336 0.0902043
116
gcm: 0.554408 0.902764 -0.902631
H: -1.82902 0.218808 0.464106
117
gcm: 0.554316 0.903743 -0.893692
H: -2.24029 0.143429 -0.221025
118
gcm: 0.554339 0.904834 -0.885007
H: -0.561007 0.168702 -0.579713
119
gcm: 0.554332 0.90563 -0.876051
H: -0.187244 0.297977 -0.0843779
120
gcm: 0.554422 0.907144 -0.86717
H: -3.30592 0.0860212 -0.325594
121
gcm: 0.554299 0.908614 -0.85803
H: -4.79186 -0.192521 -0.582395
122
gcm: 0.553821 0.909209 -0.848892
H: -3.18846 -0.179085 -0.970988
123
gcm: 0.553866 0.909568 -0.839937
H: -0.198548 0.208626 -0.127946
124
gcm: 0.554486 0.909339 -0.831514
H: -0.00634311 -0.0738733 0.0131543
125
gcm: 0.553933 0.908438 -0.823307
H: -1.75093 -0.676599 -0.730689
126
gcm: 0.553329 0.907085 -0.814675
H: -1.0748 0.1066 -0.207253
127
gcm: 0.552838 0.905971 -0.806433
H: -0.607923 0.26027 0.0314864
128
gcm: 0.552286 0.905035 -0.798087
H: -0.743333 0.0694323 0.883012
129
gcm: 0.551496 0.90379 -0.789779
H: 0.995819 0.307123 1.79734
130
gcm: 0.550629 0.902366 -0.7817
H: 2.26756 0.479983 1.59096
131
gcm: 0.549992 0.901054 -0.773812
H: 2.01968 0.350421 1.04989
132
gcm: 0.549596 0.899776 -0.766249
H: 1.1207 -0.0492564 0.619704
133
gcm: 0.54933 0.898284 -0.758427
H: 0.157741 -0.060439 0.349321
134
gcm: 0.548797 0.895968 -0.750359
H: -1.46957 -0.0411706 0.48516
135
gcm: 0.547713 0.894213 -0.742298
H: 1.14682 0.0398444 0.675498
136
gcm: 0.546626 0.893852 -0.73405
H: 3.1257 0.202415 0.13086
137
gcm: 0.545991 0.893695 -0.725821
H: 0.957866 -0.0551473 0.438689
138
gcm: 0.545761 0.893133 -0.71738
H: 1.75972 0.090947 1.00742
139
gcm: 0.545083 0.891753 -0.708819
H: 1.52406 0.0545311 0.498225
140
gcm: 0.543904 0.890192 -0.700604
H: 0.21169 -0.209424 0.435113
141
gcm: 0.543056 0.889634 -0.692769
H: 1.8163 0.167321 -0.171414
142
gcm: 0.542056 0.889571 -0.685095
H: 3.80045 0.464946 -0.459959
143
gcm: 0.540655 0.889034 -0.676081
H: 4.56185 0.355281 1.16458
144
gcm: 0.539781 0.889056 -0.667396
H: 3.25682 0.461101 1.03831
145
gcm: 0.539097 0.888471 -0.659014
H: 2.2315 0.304053 0.355777
146
gcm: 0.539167 0.888089 -0.650761
H: 3.81809 0.285659 -0.973952
147
gcm: 0.538846 0.887798 -0.642159
H: 5.85316 0.477377 -0.624619
148
gcm: 0.537841 0.887943 -0.634224
H: 3.91349 0.291218 -0.331061
149
gcm: 0.536867 0.88893 -0.626994
H: 1.98884 -1.07018 -1.39817
150
gcm: 0.536373 0.889866 -0.618029
H: 2.61351 1.64548 -0.546188
151
gcm: 0.535933 0.891406 -0.60976
H: 4.34277 0.870514 -0.738023
152
gcm: 0.535317 0.89317 -0.599975
H: -0.215056 1.78401 0.491121
153
gcm: 0.534598 0.894391 -0.591301
H: 0.207787 -0.357143 0.37853
154
gcm: 0.534095 0.895413 -0.58298
H: 1.61496 0.094607 0.104537
155
gcm: 0.533979 0.897032 -0.57488
H: -0.555352 -0.951835 0.284584
156
gcm: 0.533592 0.898932 -0.566037
H: 2.01338 0.555322 -0.644292
157
gcm: 0.533255 0.899844 -0.557257
H: 10.3449 2.38071 -3.06972
158
gcm: 0.533183 0.90096 -0.548265
H: -10.1281 -2.53934 2.66258
159
gcm: 0.532825 0.901773 -0.539867
H: 3.36456 0.715003 -1.25218
160
gcm: 0.532872 0.902847 -0.530781
H: -5.1095 -1.23193 1.70081
161
gcm: 0.533631 0.904083 -0.521308
H: -0.539288 0.25244 -0.292923
162
gcm: 0.534268 0.904824 -0.512537
H: 6.13968 1.85925 -3.14761
163
gcm: 0.534115 0.905512 -0.50431
H: -5.62545 -1.33405 0.725405
164
gcm: 0.534037 0.906068 -0.495541
H: -2.61736 -0.749496 0.0491966
165
gcm: 0.534401 0.906235 -0.486522
H: -1.24907 -0.0588149 -0.178921
166
gcm: 0.534566 0.906697 -0.477833
H: -0.422061 0.0619783 -0.0500589
167
gcm: 0.534694 0.907846 -0.469086
H: 0.975193 -0.22288 -0.543009
168
gcm: 0.534896 0.909079 -0.46
H: 1.06834 -0.190625 -0.701686
169
gcm: 0.534912 0.909007 -0.451027
H: 1.37238 -0.0677067 0.140983
170
gcm: 0.535012 0.908131 -0.442291
H: 1.1707 -0.180901 0.556866
171
gcm: 0.535272 0.907674 -0.433144
H: -1.27306 -0.239914 0.0688568
172
gcm: 0.535535 0.907825 -0.423718
H: -1.48914 -0.23057 -0.19523
173
gcm: 0.536004 0.907873 -0.414149
H: -2.22482 -0.50985 -0.153446
174
gcm: 0.536491 0.907505 -0.40462
H: -1.47268 -0.277314 -1.12299
175
gcm: 0.536757 0.907047 -0.395552
H: 1.16015 0.0407872 -1.30471
176
gcm: 0.536879 0.907095 -0.386515
H: -3.00024 -0.763047 1.28926
177
gcm: 0.537384 0.907409 -0.376771
H: 3.27248 0.508324 -2.45082
178
gcm: 0.536695 0.903567 -0.368585
H: -8.44231 -0.965999 2.11589
179
gcm: 0.537761 0.90666 -0.358432
H: -4.28305 -0.822791 0.120747
180
gcm: 0.538478 0.907758 -0.348947
H: 1.00269 -0.144251 -0.636477
181
gcm: 0.538905 0.908225 -0.339732
H: 5.49641 0.154293 -1.31126
182
gcm: 0.539212 0.910244 -0.330468
H: 1.66734 -0.332739 -0.605274
183
gcm: 0.539583 0.911955 -0.321272
H: -6.29445 -0.79105 1.55863
184
gcm: 0.540271 0.911773 -0.312407
H: -5.04367 -0.571016 1.47249
185
gcm: 0.540925 0.911843 -0.303454
H: -1.75028 -0.447097 -0.0996341
186
gcm: 0.541283 0.913162 -0.294036
H: -2.27271 -0.542292 -0.470288
187
gcm: 0.541656 0.914475 -0.284646
H: -2.20058 -0.527186 0.076148
188
gcm: 0.541791 0.915459 -0.275567
H: -2.27359 -0.428164 0.255691
189
gcm: 0.542033 0.915766 -0.26624
H: -0.254045 -0.318112 -0.492264
190
gcm: 0.542413 0.915219 -0.256995
H: 1.53279 -0.329043 -0.773344
191
gcm: 0.542497 0.91549 -0.248737
H: -1.45382 -0.372202 -0.359624
192
gcm: 0.542696 0.916328 -0.240342
H: -1.30983 -0.530525 0.188029
193
gcm: 0.543038 0.916963 -0.231383
H: -0.0213763 -0.554302 0.0232714
194
gcm: 0.543336 0.917587 -0.222536
H: -3.3571 -0.130974 -0.0773167
195
gcm: 0.54386 0.918026 -0.213871
H: -3.96358 0.0719267 1.26238
196
gcm: 0.544555 0.918864 -0.205269
H: -1.18427 -0.099303 0.787511
197
gcm: 0.545218 0.920158 -0.196905
H: -1.93474 -0.13481 -0.197292
198
gcm: 0.545789 0.920848 -0.188808
H: -2.48382 -0.0046169 0.72063
199
gcm: 0.546198 0.920971 -0.180755
H: 0.132672 -0.0287523 0.0525344
200
gcm: 0.546941 0.920985 -0.172399
H: 1.28791 -0.208192 -0.120748
201
gcm: 0.547696 0.921364 -0.164383
H: 2.05335 -0.248688 0.293228
202
gcm: 0.548031 0.921326 -0.156743
H: -0.141902 0.242413 0.127412
203
gcm: 0.549181 0.921304 -0.149017
H: -0.662287 0.337215 0.436485
204
gcm: 0.550178 0.921336 -0.140878
H: 0.742922 -0.0790933 0.388023
205
gcm: 0.551201 0.920906 -0.132394
H: 0.223327 -0.100328 -0.00107951
206
gcm: 0.552222 0.919687 -0.123955
H: 2.31911 -0.190447 -0.100227
207
gcm: 0.552905 0.9181 -0.116089
H: 3.28843 -0.234424 0.0529454
208
gcm: 0.553793 0.916084 -0.108271
H: 1.77807 -0.0718294 -0.72736
209
gcm: 0.554839 0.915327 -0.100269
H: 2.40969 -0.0122295 -0.92464
210
gcm: 0.555901 0.916234 -0.0918425
H: 2.36086 0.0279084 -0.324005
211
gcm: 0.557124 0.916958 -0.0829467
H: -0.113332 -0.0274585 -0.107124
212
gcm: 0.558499 0.917288 -0.0742015
H: 1.67001 -0.428399 0.229947
213
gcm: 0.560206 0.916977 -0.0655638
H: 4.3301 -0.688663 0.676133
214
gcm: 0.561711 0.91635 -0.0572121
H: 1.60348 0.0650733 0.248722
215
gcm: 0.563751 0.9161 -0.0482319
H: 0.997015 0.0942994 -1.07765
216
gcm: 0.565761 0.916388 -0.0390394
H: 1.5324 -0.125955 -1.1076
217
gcm: 0.567194 0.91663 -0.0305882
H: 4.07236 -0.757836 -1.0998
218
gcm: 0.569351 0.916532 -0.0219601
H: 3.43426 -0.642586 -0.250788
219
gcm: 0.570827 0.916555 -0.0138885
H: 2.27398 -0.0948825 -0.0474823
220
gcm: 0.57212 0.916695 -0.0054421
H: 3.2436 -0.647415 0.123216
221
gcm: 0.573867 0.91669 0.00334335
H: 2.5921 -0.576644 1.14031
222
gcm: 0.575429 0.916485 0.0123543
H: 0.981986 -0.146221 0.717244
223
gcm: 0.576703 0.917089 0.021186
H: 2.66675 -0.292763 -0.323951
224
gcm: 0.578189 0.918063 0.0299485
H: 3.5242 -0.569057 -0.506499
225
gcm: 0.579859 0.918836 0.0386402
H: 2.39993 -0.309247 -0.576722
226
gcm: 0.58147 0.919932 0.0474887
H: 3.67962 -0.484975 -0.0826858
227
gcm: 0.582805 0.920778 0.0566508
H: 3.6924 -0.558106 0.11718
228
gcm: 0.583999 0.921678 0.0655657
H: -0.392765 0.181442 -0.757426
229
gcm: 0.585276 0.922129 0.0743643
H: -1.91965 0.411082 -1.05034
230
gcm: 0.586445 0.92197 0.0836622
H: 1.2503 -0.598129 0.997053
231
gcm: 0.587787 0.922922 0.0931517
H: -0.105905 -0.528261 1.65534
232
gcm: 0.588742 0.924941 0.102361
H: 0.47125 -0.376088 1.58353
233
gcm: 0.589233 0.92621 0.111492
H: 0.640535 -0.0397775 0.339233
234
gcm: 0.589309 0.926944 0.120409
H: -1.47725 0.120248 0.270323
235
gcm: 0.590062 0.927044 0.13045
H: -2.18501 0.290769 0.555688
236
gcm: 0.590721 0.926727 0.140406
H: -2.46962 0.789314 -0.683587
237
gcm: 0.590981 0.926559 0.149892
H: -2.23612 0.799501 -1.28838
238
gcm: 0.591204 0.927043 0.15931
H: 0.954453 -0.154404 0.369315
239
gcm: 0.591749 0.927689 0.169274
H: 1.46151 -0.458794 1.2957
240
gcm: 0.592059 0.928054 0.178868
H: -0.982344 0.0726633 0.535658
241
gcm: 0.592087 0.927837 0.188255
H: -1.30726 0.325453 -0.485324
242
gcm: 0.592098 0.927275 0.198855
H: -1.83265 0.783917 -0.249741
243
gcm: 0.592421 0.926784 0.209164
H: -1.50753 0.299096 0.991625
244
gcm: 0.592938 0.926634 0.218676
H: 0.985548 -0.0197483 1.38554
245
gcm: 0.593329 0.92677 0.228653
H: -0.0105612 0.210223 0.749874
246
gcm: 0.593486 0.92633 0.238523
H: -2.25695 0.248062 -0.0942113
247
gcm: 0.593519 0.925338 0.247858
H: -1.10816 0.253995 -0.708759
248
gcm: 0.593546 0.923675 0.25788
H: -1.78663 0.318222 -0.287978
249
gcm: 0.593465 0.923051 0.268612
H: -3.45696 0.304852 0.791157
250
gcm: 0.593255 0.92289 0.279379
H: -1.69838 0.424849 0.624358
251
gcm: 0.593097 0.922016 0.289938
H: -1.44551 0.673403 -0.391006
252
gcm: 0.593336 0.920739 0.299637
H: -2.72901 0.486289 -0.696005
253
gcm: 0.593089 0.920074 0.309737
H: -1.84359 0.196823 0.0780259
254
gcm: 0.593047 0.919302 0.319928
H: 0.394524 0.147205 0.532187
255
gcm: 0.593065 0.918702 0.330021
H: 0.196186 0.326916 0.0486042
256
gcm: 0.592874 0.918922 0.340438
H: -3.01842 0.470694 -0.943342
257
gcm: 0.592167 0.91885 0.350652
H: 0.243294 0.196245 0.5595
258
gcm: 0.591914 0.918827 0.360651
H: -2.84727 0.474966 0.579492
259
gcm: 0.591119 0.919604 0.370429
H: -0.689643 0.349582 1.59104
260
gcm: 0.590707 0.92062 0.381238
H: -2.73279 0.212907 -0.405525
261
gcm: 0.589859 0.921207 0.390569
H: -3.03585 0.227315 -1.00214
262
gcm: 0.59049 0.921529 0.401698
H: -3.37881 0.258565 -1.01015
263
gcm: 0.588836 0.922313 0.410392
H: -1.09507 0.36434 0.07029
264
gcm: 0.589317 0.92338 0.421458
H: -1.20673 0.40413 0.393771
265
gcm: 0.588446 0.924107 0.431833
H: 0.196608 0.720637 0.625256
266
gcm: 0.587443 0.924012 0.441478
H: 0.761512 0.810838 -0.139423
267
gcm: 0.586435 0.92442 0.450513
H: -1.22848 0.575905 -0.166263
268
gcm: 0.586093 0.925431 0.459439
H: -1.15849 -0.814141 -0.692194
269
gcm: 0.586858 0.926505 0.469135
H: -1.32591 -0.927084 0.367661
270
gcm: 0.586109 0.927311 0.478558
H: -1.37761 0.716373 0.649639
271
gcm: 0.585393 0.928431 0.488218
H: -1.44557 0.864742 0.0461944
272
gcm: 0.585293 0.928851 0.498099
H: -1.64191 0.573908 0.490416
273
gcm: 0.584884 0.928466 0.50657
H: 0.409143 -1.84501 -1.2009
274
gcm: 0.582945 0.927708 0.516041
H: -2.4773 0.662319 0.179107
275
gcm: 0.58142 0.927147 0.52521
H: -2.91166 0.704406 1.0233
276
gcm: 0.580883 0.926338 0.533246
H: 0.166516 -0.80449 0.785531
277
gcm: 0.579871 0.925457 0.541818
H: 1.98715 0.132156 0.28632
278
gcm: 0.578572 0.924694 0.551114
H: 1.44369 0.773611 0.0485807
279
gcm: 0.578326 0.922104 0.559467
H: 1.55934 -0.345987 -0.269355
280
gcm: 0.577428 0.918566 0.567469
H: 2.59486 0.427468 -0.347224
281
gcm: 0.575622 0.917193 0.576111
H: 2.50717 0.308898 -0.301531
282
gcm: 0.57367 0.917713 0.585507
H: -0.280199 0.354607 1.16637
283
gcm: 0.572189 0.917537 0.594772
H: -1.58237 0.812083 1.49342
284
gcm: 0.570906 0.9164 0.604544
H: -2.06332 0.996727 1.6656
285
gcm: 0.569412 0.915228 0.612851
H: 1.38805 -1.89592 0.201885
286
gcm: 0.567699 0.914646 0.621236
H: -0.415552 -0.252017 0.773337
287
gcm: 0.566325 0.914204 0.629305
H: -0.420379 -0.697991 0.484086
288
gcm: 0.565634 0.913168 0.637983
H: 3.7086 -0.20609 0.431085
289
gcm: 0.564781 0.912245 0.646787
H: 5.53076 0.520307 -0.28191
290
gcm: 0.563404 0.911901 0.655942
H: 5.85561 0.796886 -0.181478
291
gcm: 0.561904 0.912018 0.664874
H: 5.24195 0.737925 0.126164
292
gcm: 0.560499 0.912175 0.673463
H: 3.66542 0.440022 -0.263019
293
gcm: 0.55935 0.912813 0.682215
H: 3.66299 0.754535 -1.08787
294
gcm: 0.558257 0.914105 0.691325
H: 3.82231 1.00144 -1.01711
295
gcm: 0.557254 0.915105 0.70029
H: 4.07161 0.84364 -0.632155
296
gcm: 0.556129 0.915857 0.709091
H: 2.66133 0.553894 -0.482112
297
gcm: 0.555061 0.917669 0.718363
H: -1.83172 -1.20208 0.599099
298
gcm: 0.553986 0.919334 0.726532
H: -0.207808 0.415846 0.418624
299
gcm: 0.552964 0.920082 0.734797
H: 11.3329 2.55841 -3.55541
300
gcm: 0.552016 0.92115 0.744498
H: -9.69254 -2.52204 2.73264
301
gcm: 0.551546 0.922734 0.754064
H: 1.22792 0.374414 -0.0296089
302
gcm: 0.550865 0.924162 0.763421
H: 6.39244 1.97457 -2.03804
303
gcm: 0.549738 0.924853 0.772793
H: 3.04219 2.08413 -1.16901
304
gcm: 0.549107 0.92573 0.781648
H: -0.284772 -0.198734 -0.720133
305
gcm: 0.548685 0.932657 0.791432
H: -0.148985 -0.0871305 -0.642744
306
gcm: 0.549125 0.928921 0.800319
H: -2.67469 -0.344346 0.542572
307
gcm: 0.549229 0.927954 0.809075
H: -2.81462 -0.981587 0.799189
308
gcm: 0.54877 0.928509 0.818022
H: 0.774312 0.00526887 -0.577273
309
gcm: 0.548384 0.928471 0.826705
H: 2.04217 0.26894 -0.935872
310
gcm: 0.548189 0.928082 0.836056
H: 0.0122491 -0.321945 -0.333658
311
gcm: 0.548415 0.928895 0.846565
H: -3.35504 -0.847656 0.0527124
312
gcm: 0.548898 0.929188 0.85583
H: -2.88906 -0.850364 0.340309
313
gcm: 0.549225 0.929263 0.865026
H: -0.723351 -0.488771 -0.197908
314
gcm: 0.549284 0.929267 0.87507
H: 0.00799242 -0.161612 -0.228874
315
gcm: 0.549401 0.92919 0.885255
H: 0.213892 -0.212839 0.191376
316
gcm: 0.549674 0.928629 0.89484
H: -2.21527 -0.652104 -0.0808644
317
gcm: 0.549933 0.928017 0.903915
H: -3.46299 -0.583605 -0.456143
318
gcm: 0.55028 0.927811 0.913198
H: -1.83185 -0.373571 -0.343994
319
gcm: 0.550822 0.927277 0.923125
H: -1.37762 -0.709339 0.257304
320
gcm: 0.551199 0.926543 0.93322
H: 0.163616 -0.432499 -0.100339
321
gcm: 0.551356 0.926601 0.943311
H: 0.313545 -0.194952 -0.333075
322
gcm: 0.551866 0.927212 0.953372
H: -3.38225 -0.594358 0.358636
323
gcm: 0.552134 0.924908 0.961803
H: -3.71402 -0.338912 -0.197963
324
gcm: 0.553114 0.924392 0.971223
H: 3.76043 -0.135515 -0.0559145
325
gcm: 0.553673 0.925809 0.980966
H: 2.36338 -0.279921 -0.159146
326
gcm: 0.554883 0.928764 0.991538
H: -6.19365 -0.908719 0.863387
327
gcm: 0.555244 0.928872 1.00114
H: 4.05415 -0.114656 -1.99606
328
gcm: 0.555686 0.929722 1.01046
H: -1.15164 -0.493901 0.357956
329
gcm: 0.555813 0.930302 1.01982
H: -3.6048 -0.535024 1.23387
330
gcm: 0.556148 0.931455 1.02962
H: -3.84158 -0.686901 0.423132
331
gcm: 0.556734 0.932668 1.03897
H: -1.45039 -0.205522 0.238814
332
gcm: 0.557445 0.933328 1.04868
H: -0.393784 -0.600964 0.148788
333
gcm: 0.558324 0.933647 1.05808
H: -1.22567 -0.318236 -0.134956
334
gcm: 0.55903 0.9341 1.06765
H: -2.24175 -0.358387 -1.02991
335
gcm: 0.559559 0.934672 1.07752
H: -2.77303 -0.460232 -0.659537
336
gcm: 0.559884 0.936091 1.08674
H: -1.88214 -0.518166 0.933279
337
gcm: 0.560466 0.937987 1.0951
H: -1.29111 -0.469015 1.3049
338
gcm: 0.561271 0.938777 1.10372
H: -0.795221 -0.351848 0.166917
339
gcm: 0.561956 0.93939 1.11282
H: -0.663904 -0.276063 -0.584483
340
gcm: 0.562616 0.941145 1.12141
H: -0.208718 -0.265036 -0.450504
341
gcm: 0.562944 0.942911 1.12883
H: -0.821211 -0.113276 1.0184
342
gcm: 0.563274 0.943665 1.13869
H: -1.17057 0.102599 1.38663
343
gcm: 0.564558 0.94424 1.14849
H: -0.0947549 0.0247904 0.498648
344
gcm: 0.565933 0.94466 1.15681
H: -1.10586 -0.0957168 -0.683456
345
gcm: 0.566663 0.944679 1.16504
H: -0.820512 0.0234918 -0.155675
346
gcm: 0.567703 0.944295 1.17407
H: 0.460572 -0.0792019 -0.0407664
347
gcm: 0.568902 0.943497 1.18289
H: 0.548694 -0.206319 -0.275101
348
gcm: 0.570695 0.942715 1.19015
H: 0.399214 -0.250959 -0.47631
349
gcm: 0.571999 0.940854 1.19805
H: 0.835586 0.00802772 -0.81257
350
gcm: 0.573348 0.939194 1.20678
H: 0.840054 -0.04518 -0.741729
351
gcm: 0.574163 0.938613 1.21526
H: 0.0158742 -0.145183 0.428629
352
gcm: 0.575222 0.938611 1.22398
H: 2.06834 -0.150591 -0.402706
353
gcm: 0.576624 0.939601 1.23321
H: 2.85117 -0.0692327 -0.903924
354
gcm: 0.578224 0.939858 1.24262
H: 1.02561 -0.176579 0.0437789
355
gcm: 0.579816 0.939617 1.25145
H: 3.00086 -0.489426 0.386989
356
gcm: 0.58173 0.939346 1.26007
H: 3.56764 -0.448107 -0.587986
357
gcm: 0.583599 0.939054 1.26853
H: 2.87854 -0.225835 -0.490288
358
gcm: 0.585256 0.937914 1.27794
H: 4.8009 -0.270576 -0.545054
359
gcm: 0.586834 0.937931 1.28728
H: 6.39945 -0.357274 -1.54309
360
gcm: 0.588396 0.938034 1.29623
H: 4.5109 -0.24946 -1.79527
361
gcm: 0.59006 0.937748 1.30503
H: 2.40709 -0.290641 -0.703505
362
gcm: 0.591208 0.93724 1.31353
H: 4.1512 -0.674626 0.549186
363
gcm: 0.592215 0.936941 1.32304
H: 5.39335 -0.744629 0.465388
364
gcm: 0.594104 0.937771 1.33377
H: 0.167923 0.16375 -0.333724
365
gcm: 0.595954 0.938647 1.34341
H: 1.29586 0.208502 -1.65683
366
gcm: 0.597196 0.938935 1.35232
H: 4.55873 -0.8564 1.71136
367
gcm: 0.598244 0.939147 1.35894
H: 6.25457 -1.11141 0.96834
368
gcm: 0.599546 0.939367 1.3652
H: -2.99641 0.498291 0.637522
369
gcm: 0.601059 0.939948 1.37703
H: 6.53991 -1.21901 1.20119
370
gcm: 0.602539 0.944153 1.38952
H: 1.14395 -0.267165 0.621115
371
gcm: 0.603915 0.94243 1.39677
H: -1.1217 0.521783 -1.05078
372
gcm: 0.605271 0.942727 1.40659
H: -2.5465 0.6177 -0.78565
373
gcm: 0.606534 0.943231 1.41775
H: -0.12853 -0.312139 0.813072
374
gcm: 0.606698 0.944952 1.42345
H: -0.406701 -0.163998 2.2324
375
gcm: 0.607536 0.946352 1.4363
H: -3.09602 0.542502 -1.09721
376
gcm: 0.607196 0.94729 1.43981
H: 3.84033 -0.875332 1.91923
377
gcm: 0.608545 0.947236 1.45503
H: 5.03715 -1.17303 1.65305
378
gcm: 0.60851 0.948161 1.4602
H: 1.34611 0.141817 0.539851
379
gcm: 0.609813 0.949228 1.47547
H: -1.11746 0.12704 0.401238
380
gcm: 0.610401 0.95068 1.48278
H: -1.14753 0.50036 -0.235524
381
gcm: 0.611755 0.950879 1.49509
H: -1.16995 0.369794 -0.610108
382
gcm: 0.612377 0.951488 1.50456
H: -0.635647 0.178389 0.446422
383
gcm: 0.612994 0.951812 1.515
H: -3.03805 0.565341 -0.175797
384
gcm: 0.614176 0.951576 1.52577
H: -3.42895 0.867241 -1.08666
385
gcm: 0.615131 0.951622 1.53628
H: -1.48369 0.623619 -0.247379
386
gcm: 0.615217 0.950739 1.54529
H: -1.79016 0.543151 0.336405
387
gcm: 0.614812 0.949967 1.55448
H: -1.47536 0.337343 -0.0765409
388
gcm: 0.615196 0.950062 1.56475
H: -0.653903 0.28361 -0.112529
389
gcm: 0.617459 0.950654 1.57772
H: -2.26481 0.453127 -0.565538
390
gcm: 0.617974 0.950047 1.58736
H: -0.326799 0.499314 0.417313
391
gcm: 0.618458 0.948755 1.59779
H: -1.47493 0.525387 -0.210476
392
gcm: 0.619124 0.947917 1.60819
H: -2.61237 0.0123105 0.0194275
393
gcm: 0.619848 0.946686 1.61885
H: -1.56148 0.214496 0.422455
394
gcm: 0.620498 0.945733 1.62868
H: 0.0509953 0.15637 0.328055
395
gcm: 0.620969 0.94552 1.63811
H: -0.403345 0.472263 0.0881958
396
gcm: 0.621406 0.944986 1.64895
H: -1.62508 0.455461 -0.305456
397
gcm: 0.621444 0.944684 1.6595
H: -0.549366 0.302079 -0.276015
398
gcm: 0.621428 0.94398 1.66966
H: -1.50826 0.355185 0.0748863
399
gcm: 0.621947 0.943495 1.68122
H: -3.509 0.578855 0.732995
400
gcm: 0.622863 0.944913 1.69209
H: -2.03465 -0.175109 0.361376
401
gcm: 0.622753 0.946791 1.70204
H: -0.956656 0.574084 0.199487
402
gcm: 0.623233 0.947121 1.7107
H: 0.143058 -1.17264 -0.571484
403
gcm: 0.623343 0.947293 1.72126
H: -2.11085 0.773858 0.509361
404
gcm: 0.623439 0.948008 1.73221
H: -2.50696 0.835116 -0.34876
405
gcm: 0.623479 0.948898 1.74303
H: -1.60039 0.594527 -0.268695
406
gcm: 0.623547 0.949556 1.75372
H: -3.11928 0.487964 0.579498
407
gcm: 0.62308 0.950213 1.76293
H: -1.81155 0.308685 0.00835264
408
gcm: 0.623194 0.950998 1.77317
H: -0.642844 0.261358 -0.321717
409
gcm: 0.623392 0.952303 1.78424
H: -4.0768 -0.077395 -0.326111
410
gcm: 0.623119 0.954464 1.79304
H: -3.68924 0.337762 -0.076888
411
gcm: 0.623681 0.955498 1.80357
H: -1.80007 0.140478 -0.0869224
412
gcm: 0.62445 0.956673 1.81153
H: -1.38181 -0.0950185 -0.746345
413
gcm: 0.624759 0.957186 1.8219
H: -0.333147 -0.123172 -0.79721
414
gcm: 0.625132 0.957387 1.83095
H: 0.539868 -0.00193881 0.10321
414
gcm: 0.625132 0.957387 1.83095
H: 0 0 0
