:metadata
 
Skeleton: /Network/Servers/duerer/Volumes/duerer/laturnus/workspace/new_acm/asf/07-walk.asf
Motion: /Network/Servers/duerer/Volumes/duerer/laturnus/workspace/new_acm/amc/07_05-walk.amc
Mass Distribution: /Network/Servers/duerer/Volumes/duerer/laturnus/workspace/new_acm/amd/cylinder.amd
 
Inital skeleton translation: 0 0 0
Initial skeleton rotation: 0 0 0
 
:data
1
gcm: 0.466918 0.862746 -2.13497
H: -0.379053 -0.359373 -0.265067
2
gcm: 0.467242 0.862612 -2.12733
H: -0.295716 -0.291339 -0.386264
3
gcm: 0.466669 0.862656 -2.11957
H: -0.692099 -0.0115639 -0.344722
4
gcm: 0.466841 0.863005 -2.11118
H: -0.581825 -0.110549 0.0626142
5
gcm: 0.467722 0.863561 -2.10304
H: -1.14386 -0.292719 0.09448
6
gcm: 0.46883 0.86467 -2.09516
H: -2.06248 -0.293679 0.404218
7
gcm: 0.468931 0.867535 -2.08641
H: -2.94403 0.0288957 -0.439805
8
gcm: 0.469787 0.866873 -2.07888
H: -0.12626 -0.117502 0.0660008
9
gcm: 0.470345 0.867138 -2.07126
H: -1.29197 -0.151017 0.0135319
10
gcm: 0.470857 0.867875 -2.06395
H: -1.37757 -0.0273906 -0.254883
11
gcm: 0.471618 0.867991 -2.05671
H: -1.48652 0.00452343 0.39294
12
gcm: 0.472428 0.868321 -2.04934
H: -0.449062 0.053109 1.1668
13
gcm: 0.473025 0.868255 -2.04229
H: -0.0774992 0.0563152 0.381316
14
gcm: 0.473436 0.867269 -2.03547
H: -0.327603 0.0424254 0.67168
15
gcm: 0.474461 0.866437 -2.02819
H: -0.00738665 -0.116255 0.71307
16
gcm: 0.475632 0.865937 -2.02083
H: -0.207785 -0.0989984 -0.188304
17
gcm: 0.476548 0.866 -2.01362
H: -0.456488 0.190485 0.00160632
18
gcm: 0.477422 0.866478 -2.00633
H: -0.510572 0.368566 0.820275
19
gcm: 0.477366 0.86659 -2.00083
H: -1.05401 0.295892 1.38286
20
gcm: 0.478559 0.866029 -1.99412
H: -1.02758 -0.0912419 0.713435
21
gcm: 0.481223 0.864887 -1.98579
H: -0.857373 -0.165267 -0.429338
22
gcm: 0.481082 0.864249 -1.98036
H: -0.362928 0.244906 0.525772
23
gcm: 0.484257 0.861959 -1.97131
H: -0.951858 -0.255449 -1.27624
24
gcm: 0.484699 0.861831 -1.96399
H: 0.74569 0.147369 0.234143
25
gcm: 0.486555 0.861223 -1.95721
H: -1.25245 -0.285667 -1.00675
26
gcm: 0.487258 0.86018 -1.95073
H: -0.624475 -0.0207485 -0.482502
27
gcm: 0.48845 0.858234 -1.9441
H: 1.23413 -0.129864 -0.030673
28
gcm: 0.490542 0.858033 -1.93638
H: 0.430276 -0.0872267 -0.581262
29
gcm: 0.492122 0.857489 -1.92848
H: 1.59075 -0.253977 -0.0179781
30
gcm: 0.493258 0.856684 -1.92096
H: 2.09194 -0.305252 -0.439522
31
gcm: 0.49467 0.855422 -1.91338
H: 4.38089 -0.655485 -0.223377
32
gcm: 0.496334 0.853996 -1.90564
H: 2.44889 -0.267902 0.367733
33
gcm: 0.497867 0.85402 -1.8977
H: 1.4041 0.0518543 0.109361
34
gcm: 0.499672 0.853739 -1.88999
H: 2.82946 -0.0964046 -1.08726
35
gcm: 0.501822 0.851754 -1.88228
H: 4.48509 -0.508085 -0.685717
36
gcm: 0.503494 0.849556 -1.87518
H: 3.39675 -0.236833 0.126645
37
gcm: 0.505435 0.849526 -1.86765
H: -0.153781 0.413353 -0.245937
38
gcm: 0.507186 0.848673 -1.85989
H: 2.52603 -0.386767 0.0473192
39
gcm: 0.508214 0.848896 -1.85272
H: 2.36815 0.222869 -1.1714
40
gcm: 0.509318 0.848326 -1.8452
H: 2.03458 0.23534 -0.998789
41
gcm: 0.51226 0.847393 -1.83728
H: 0.664016 -0.00520603 -0.1505
42
gcm: 0.514612 0.846331 -1.8299
H: 1.20933 0.036792 -0.671851
43
gcm: 0.51582 0.848993 -1.82089
H: 3.02205 -0.561749 0.174435
44
gcm: 0.517228 0.849638 -1.81193
H: 0.460999 -0.219336 0.362186
45
gcm: 0.518702 0.849862 -1.80387
H: 0.537263 -0.222707 0.542954
46
gcm: 0.520833 0.850745 -1.79603
H: 0.8295 -0.104493 0.421116
47
gcm: 0.523127 0.85221 -1.78784
H: 2.14615 -0.394671 0.693162
48
gcm: 0.52538 0.853402 -1.77926
H: 2.23334 -0.293836 0.178758
49
gcm: 0.527593 0.853913 -1.77077
H: 0.598213 0.0455996 0.142007
50
gcm: 0.529553 0.854316 -1.76266
H: 1.90066 -0.334952 0.601545
51
gcm: 0.531286 0.855485 -1.75452
H: 3.13621 -0.663572 0.251886
52
gcm: 0.533075 0.857161 -1.74589
H: 1.51831 -0.511538 0.383372
53
gcm: 0.535141 0.858604 -1.7372
H: -0.746386 -0.167415 0.976838
54
gcm: 0.537198 0.859923 -1.72894
H: 1.0169 -0.514127 1.14576
55
gcm: 0.538923 0.861243 -1.72059
H: 2.2209 -0.639096 0.492958
56
gcm: 0.540459 0.862835 -1.71182
H: 1.67638 -0.427669 0.363498
57
gcm: 0.541808 0.864635 -1.70314
H: 2.01013 -0.544712 0.80012
58
gcm: 0.542705 0.866346 -1.69483
H: 1.66025 -0.495335 0.808534
59
gcm: 0.543822 0.868076 -1.68689
H: -0.150976 -0.128222 0.482827
60
gcm: 0.545536 0.869577 -1.67878
H: 0.289062 -0.275299 0.484592
61
gcm: 0.547023 0.870971 -1.66989
H: 0.187453 -0.211649 0.320672
62
gcm: 0.548403 0.872514 -1.66078
H: -1.66297 0.479394 -0.429004
63
gcm: 0.549763 0.874458 -1.65196
H: -1.27561 0.424744 -0.417258
64
gcm: 0.550677 0.87606 -1.64331
H: 0.176083 -0.167294 0.457835
65
gcm: 0.551249 0.877635 -1.63441
H: -0.241518 -0.0935262 0.341747
66
gcm: 0.55202 0.878725 -1.62568
H: -0.855711 0.326182 -0.347479
67
gcm: 0.553152 0.879757 -1.61712
H: -1.94451 0.524319 -0.390213
68
gcm: 0.554225 0.88108 -1.60819
H: -2.36588 0.476188 -0.271967
69
gcm: 0.554979 0.881995 -1.59891
H: -2.06791 0.552544 -0.192353
70
gcm: 0.555389 0.882704 -1.58976
H: -1.86661 0.584538 -0.258258
71
gcm: 0.55603 0.883282 -1.58139
H: -1.3887 0.430779 -0.49277
72
gcm: 0.556757 0.883422 -1.57295
H: -1.64545 0.429321 -0.467321
73
gcm: 0.557209 0.883875 -1.56375
H: -0.565312 0.16199 -0.321977
74
gcm: 0.557636 0.884453 -1.55467
H: 0.155892 0.0131317 -0.338339
75
gcm: 0.558115 0.884694 -1.54584
H: -0.953636 0.401013 -0.0759271
76
gcm: 0.558527 0.884095 -1.53688
H: -1.24887 0.504238 -0.783386
77
gcm: 0.559047 0.883901 -1.52792
H: -2.10728 0.335365 -0.310234
78
gcm: 0.559494 0.883584 -1.51922
H: -1.33636 0.242839 0.281547
79
gcm: 0.559792 0.883598 -1.51015
H: 0.557135 0.0252796 0.231444
80
gcm: 0.559953 0.884153 -1.50057
H: -1.45372 0.0637416 0.632978
81
gcm: 0.560078 0.884203 -1.49176
H: -2.3923 0.493167 -0.101755
82
gcm: 0.560255 0.883952 -1.48306
H: -0.486768 0.243488 0.0674964
83
gcm: 0.56026 0.883354 -1.47431
H: -0.649642 0.0624584 0.566991
84
gcm: 0.560262 0.8831 -1.46488
H: -3.12503 0.370517 0.0178204
85
gcm: 0.560315 0.882582 -1.45567
H: 0.604174 0.090728 0.19957
86
gcm: 0.560127 0.882287 -1.44724
H: -0.188038 0.197486 -0.412845
87
gcm: 0.560046 0.882671 -1.43842
H: -2.60271 0.403652 -0.325288
88
gcm: 0.560222 0.883098 -1.4298
H: -3.25954 0.394097 0.0772031
89
gcm: 0.560152 0.883239 -1.42186
H: -2.0879 0.313277 -0.30712
90
gcm: 0.560124 0.88321 -1.41359
H: -1.70113 0.334548 -0.34921
91
gcm: 0.560157 0.883072 -1.40505
H: -1.36446 0.381135 -0.36532
92
gcm: 0.559459 0.882821 -1.39688
H: -1.0921 0.213837 -0.69962
93
gcm: 0.558926 0.883122 -1.38853
H: 0.297899 0.145614 -0.0708016
94
gcm: 0.559329 0.88391 -1.37993
H: -1.14625 0.232665 0.507446
95
gcm: 0.559686 0.88422 -1.37184
H: -1.80342 0.141791 0.330188
96
gcm: 0.559582 0.884169 -1.3639
H: -0.867243 0.160327 0.253614
97
gcm: 0.559097 0.884228 -1.35612
H: -1.32446 0.232291 0.396145
98
gcm: 0.558596 0.884381 -1.34836
H: 0.176469 0.26934 0.347363
99
gcm: 0.55849 0.884453 -1.34037
H: 0.980264 0.271746 0.177403
100
gcm: 0.558696 0.884651 -1.33254
H: -2.16158 0.119302 -0.0997619
101
gcm: 0.558618 0.885605 -1.32496
H: -2.21309 0.0728909 0.305493
102
gcm: 0.558128 0.886773 -1.31749
H: -0.353817 0.250233 0.273479
103
gcm: 0.558023 0.886903 -1.30991
H: -1.88082 0.225951 -0.140066
104
gcm: 0.558139 0.887166 -1.30228
H: -1.91069 0.197506 0.511537
105
gcm: 0.557771 0.88795 -1.2949
H: -0.687545 0.25252 0.181962
106
gcm: 0.557367 0.887434 -1.28773
H: -1.16279 0.191341 -0.736958
107
gcm: 0.557225 0.886446 -1.28062
H: -1.08807 0.109929 -0.411583
108
gcm: 0.556341 0.886372 -1.27427
H: -0.563167 -0.0604286 -0.769336
109
gcm: 0.556565 0.886749 -1.26682
H: -2.48013 0.165997 0.623655
110
gcm: 0.555561 0.886618 -1.25925
H: -1.63409 0.0689836 -0.0426847
111
gcm: 0.554292 0.886006 -1.25181
H: 1.09887 0.119622 -0.671976
112
gcm: 0.553634 0.885415 -1.24476
H: 1.41152 0.137073 -0.415384
113
gcm: 0.55307 0.884857 -1.23785
H: -0.510641 0.0302735 -0.167228
114
gcm: 0.552623 0.883734 -1.2306
H: -0.969574 -0.0348569 -0.635427
115
gcm: 0.552229 0.882335 -1.22331
H: -0.867939 -0.0684419 -0.170159
116
gcm: 0.55147 0.881097 -1.21639
H: -0.438764 0.051515 -0.00970914
117
gcm: 0.550811 0.880069 -1.20937
H: 0.158756 0.0728479 -0.343131
118
gcm: 0.550351 0.87947 -1.20243
H: -0.178103 -0.125025 0.0176301
119
gcm: 0.54929 0.878764 -1.19584
H: -1.55853 -0.351974 -0.426389
120
gcm: 0.548131 0.877651 -1.1887
H: -1.96719 -0.396974 -0.919017
121
gcm: 0.547563 0.875792 -1.18128
H: -0.206816 -0.0763274 -0.20758
122
gcm: 0.546904 0.874042 -1.17426
H: -0.122116 0.000694749 0.346528
123
gcm: 0.545754 0.873112 -1.16717
H: -0.0685377 -0.121196 0.39092
124
gcm: 0.544723 0.872181 -1.16002
H: 1.40205 0.122547 0.0198641
125
gcm: 0.544265 0.870864 -1.15271
H: 0.527842 0.0603159 0.232455
126
gcm: 0.543636 0.869181 -1.14536
H: 0.238008 0.0396654 0.471175
127
gcm: 0.542526 0.867579 -1.13776
H: 0.413491 0.166646 0.131862
128
gcm: 0.541614 0.866176 -1.13083
H: -1.02755 -0.251117 0.237031
129
gcm: 0.540745 0.864737 -1.12375
H: 0.7349 0.020569 0.383843
130
gcm: 0.539908 0.862588 -1.11645
H: 2.3246 0.183287 0.481865
131
gcm: 0.53875 0.860439 -1.10938
H: 1.36967 -0.127456 0.124377
132
gcm: 0.53762 0.859479 -1.10203
H: 1.91469 -0.191333 -0.431291
133
gcm: 0.536373 0.859263 -1.09359
H: 2.6299 0.171636 -0.0611453
134
gcm: 0.534488 0.85903 -1.08526
H: 2.27801 0.130372 0.851092
135
gcm: 0.533092 0.858461 -1.07772
H: 2.28315 -0.0652024 0.880265
136
gcm: 0.532231 0.857504 -1.0703
H: 1.15967 -0.189527 0.12349
137
gcm: 0.53105 0.856285 -1.06275
H: 1.16224 -0.042673 0.345142
138
gcm: 0.529898 0.854655 -1.05504
H: 2.39801 0.42576 0.358264
139
gcm: 0.528896 0.853842 -1.04691
H: 3.92046 0.692667 0.408014
140
gcm: 0.527558 0.853703 -1.03896
H: 3.277 0.566208 0.528542
141
gcm: 0.526187 0.853864 -1.03148
H: 0.327561 -0.293594 0.178257
142
gcm: 0.525112 0.854757 -1.02379
H: 0.578536 -0.388525 -0.00142389
143
gcm: 0.523154 0.854934 -1.01654
H: 2.27259 0.564167 0.0563927
144
gcm: 0.521615 0.85557 -1.00796
H: 2.17738 0.240042 0.338105
145
gcm: 0.520205 0.856519 -1.00043
H: 0.956258 0.104784 -0.0992712
146
gcm: 0.518833 0.858164 -0.9933
H: 1.24689 0.176192 -0.57213
147
gcm: 0.517094 0.85961 -0.985573
H: 1.95295 0.373295 -0.266865
148
gcm: 0.515287 0.861277 -0.97711
H: 0.885525 0.128624 0.632636
149
gcm: 0.513868 0.863506 -0.969044
H: 1.49843 0.432198 0.0302637
150
gcm: 0.512403 0.865844 -0.960982
H: 1.51219 0.381064 -0.3415
151
gcm: 0.511314 0.867847 -0.952639
H: 1.07546 0.568707 -0.161102
152
gcm: 0.509322 0.869885 -0.944475
H: 2.18318 0.567988 -0.315325
153
gcm: 0.50784 0.872476 -0.936274
H: 2.11046 0.567879 -0.649112
154
gcm: 0.506787 0.875265 -0.927915
H: -1.1717 -0.0714591 0.146667
155
gcm: 0.50541 0.87814 -0.91946
H: -2.23063 -0.160207 0.12929
156
gcm: 0.504273 0.881113 -0.910529
H: -2.31947 0.0783273 -0.141369
157
gcm: 0.503286 0.883866 -0.901598
H: -0.719752 0.478494 -0.51822
158
gcm: 0.50204 0.88649 -0.892827
H: -0.683932 0.178764 -1.09663
159
gcm: 0.501178 0.888495 -0.884106
H: -0.764586 0.064361 -0.524315
160
gcm: 0.499594 0.890177 -0.875497
H: -0.25852 0.101708 0.425206
161
gcm: 0.498104 0.892357 -0.867224
H: -0.612602 0.132435 -0.174007
162
gcm: 0.496966 0.894524 -0.858812
H: -0.553168 0.508605 -0.662618
163
gcm: 0.495932 0.896392 -0.850269
H: 1.46891 0.743535 -0.685982
164
gcm: 0.494985 0.898496 -0.840372
H: -2.00852 -0.461958 0.473291
165
gcm: 0.493882 0.900134 -0.830975
H: -2.66628 -0.473244 0.256248
166
gcm: 0.492913 0.901266 -0.821896
H: -0.0630209 0.11089 -0.10432
167
gcm: 0.49208 0.902226 -0.812586
H: 0.367944 0.097851 0.274558
168
gcm: 0.491553 0.903024 -0.802882
H: -1.15736 -0.475808 0.948248
169
gcm: 0.491233 0.903315 -0.788404
H: -0.425732 -0.123276 0.429475
170
gcm: 0.489736 0.90402 -0.783758
H: -1.2017 -0.00849717 -0.458802
171
gcm: 0.488464 0.90458 -0.77767
H: 0.0328151 0.0380231 -0.603039
172
gcm: 0.488049 0.904664 -0.769368
H: 0.777488 -0.00743444 -0.271777
173
gcm: 0.487693 0.904144 -0.760009
H: 0.22864 -0.0244978 -0.311006
174
gcm: 0.487304 0.903988 -0.750163
H: -0.535373 -0.0311154 -0.529067
175
gcm: 0.487282 0.904116 -0.740098
H: -2.49487 -0.467674 0.0461169
176
gcm: 0.487634 0.903502 -0.729297
H: -2.0377 -0.551952 0.262206
177
gcm: 0.488413 0.902384 -0.713621
H: -0.575933 -0.330716 0.647382
178
gcm: 0.488544 0.902002 -0.70471
H: 0.107227 -0.264726 0.42875
179
gcm: 0.489582 0.901354 -0.696137
H: 0.418777 -0.209466 -0.00379202
180
gcm: 0.488288 0.900928 -0.685593
H: -0.598323 0.0904088 0.165033
181
gcm: 0.48692 0.901597 -0.684141
H: -2.22996 -0.51882 0.419214
182
gcm: 0.486886 0.900873 -0.676691
H: -0.539008 -0.276332 -0.267482
183
gcm: 0.487819 0.899517 -0.665532
H: 0.601931 0.0898207 -0.376785
184
gcm: 0.488422 0.898762 -0.654743
H: 1.16168 0.121938 -0.617568
185
gcm: 0.489987 0.899244 -0.641228
H: -1.7253 -0.43343 0.892858
186
gcm: 0.488445 0.899922 -0.637909
H: -0.582546 0.0171191 -0.390129
187
gcm: 0.490196 0.89986 -0.624002
H: 0.249923 -0.0311246 -0.323082
188
gcm: 0.490766 0.899933 -0.611842
H: 0.878081 -0.0970603 -0.522615
189
gcm: 0.491097 0.900277 -0.602119
H: -2.27566 -0.393142 -0.337274
190
gcm: 0.491423 0.899943 -0.594443
H: -3.47212 -0.304085 0.0429359
191
gcm: 0.491168 0.899893 -0.588886
H: -1.05432 -0.3451 0.886942
192
gcm: 0.490665 0.900559 -0.583294
H: -0.400571 -0.400117 0.590446
193
gcm: 0.491131 0.900373 -0.574976
H: -1.17968 -0.167534 -0.396441
194
gcm: 0.492556 0.899833 -0.563713
H: 0.42464 -0.469175 -0.00547694
195
gcm: 0.492736 0.90003 -0.555723
H: -0.189347 -0.336784 0.155609
196
gcm: 0.494926 0.900305 -0.543851
H: -0.417647 -0.497265 0.0181716
197
gcm: 0.494398 0.900055 -0.538102
H: -0.13432 -0.0417918 0.111737
198
gcm: 0.496108 0.900496 -0.527266
H: -0.874761 -0.201565 0.942629
199
gcm: 0.495753 0.901285 -0.520788
H: -1.90521 -0.137742 0.11917
200
gcm: 0.496171 0.901416 -0.513497
H: -1.66964 -0.205641 -0.633628
201
gcm: 0.497237 0.901359 -0.505567
H: -1.08364 -0.293361 0.114315
202
gcm: 0.498441 0.900992 -0.497444
H: -2.23676 -0.178071 0.76302
203
gcm: 0.499201 0.900603 -0.489628
H: -1.12275 -0.144036 0.257984
204
gcm: 0.499782 0.900642 -0.48184
H: 0.442397 -0.171389 -0.212609
205
gcm: 0.500603 0.901421 -0.473793
H: -3.10182 0.136392 0.241376
206
gcm: 0.501516 0.901492 -0.465898
H: -1.77608 0.103019 0.891932
207
gcm: 0.502107 0.901436 -0.458408
H: 1.42197 -0.390454 0.668487
208
gcm: 0.502725 0.901365 -0.451176
H: -0.486376 -0.0282486 -0.0932569
209
gcm: 0.503529 0.901059 -0.444185
H: 0.57695 0.068658 0.455722
210
gcm: 0.504526 0.900557 -0.436363
H: -0.607146 0.0498911 0.892355
211
gcm: 0.505676 0.899923 -0.428547
H: -1.0186 -0.13895 0.388293
212
gcm: 0.507048 0.899369 -0.420073
H: 0.197366 -0.434377 -0.355397
213
gcm: 0.508323 0.899278 -0.411656
H: 1.03836 -0.261571 -0.500837
214
gcm: 0.509387 0.898765 -0.404427
H: 0.0786251 -0.0176309 -0.209194
215
gcm: 0.510648 0.898238 -0.396412
H: -1.8215 0.370038 0.236936
216
gcm: 0.512097 0.896894 -0.388713
H: -1.75564 0.251066 0.0125781
217
gcm: 0.513473 0.895035 -0.381416
H: 2.44272 -0.217621 -0.434108
218
gcm: 0.515102 0.892914 -0.373578
H: 3.26443 -0.325656 -0.346174
219
gcm: 0.516834 0.891072 -0.365309
H: 1.76945 -0.0876837 -0.771719
220
gcm: 0.518543 0.8888 -0.357469
H: 0.646658 -0.187767 -0.62622
221
gcm: 0.519915 0.887474 -0.350169
H: 0.345339 -0.0010612 -0.327828
222
gcm: 0.521691 0.885684 -0.341872
H: -0.411363 0.146956 0.227727
223
gcm: 0.523305 0.883499 -0.33318
H: 1.59164 -0.067684 0.464986
224
gcm: 0.524383 0.882367 -0.325307
H: 1.93561 0.0502983 0.482575
225
gcm: 0.525371 0.882867 -0.317794
H: 1.88392 0.354561 -0.39448
226
gcm: 0.526998 0.882195 -0.309271
H: 2.06004 0.196355 -1.0599
227
gcm: 0.529313 0.880765 -0.30003
H: 2.04832 -0.184232 -1.18104
228
gcm: 0.531751 0.878104 -0.291631
H: 1.9129 -0.325115 0.0521151
229
gcm: 0.533738 0.87715 -0.283651
H: 4.03791 -0.263953 -0.0096685
230
gcm: 0.535617 0.87648 -0.274659
H: 2.42934 -0.415953 -0.441798
231
gcm: 0.537606 0.87534 -0.266147
H: 3.16119 -0.303393 -0.589725
232
gcm: 0.53938 0.874547 -0.258438
H: 2.02146 -0.092886 -0.809856
233
gcm: 0.541277 0.874254 -0.24895
H: 0.709539 0.0497877 -0.579462
234
gcm: 0.542851 0.874256 -0.240648
H: 0.804252 0.0217825 -0.113887
235
gcm: 0.544584 0.874313 -0.231554
H: 2.32489 -0.18203 0.0180375
236
gcm: 0.546355 0.874714 -0.222036
H: 3.11006 -0.344907 0.0435008
237
gcm: 0.548338 0.875298 -0.213642
H: 2.69111 -0.3713 0.1927
238
gcm: 0.550225 0.875649 -0.205733
H: 0.878857 -0.286466 0.118517
239
gcm: 0.552337 0.876036 -0.196709
H: -0.999659 -0.140126 0.421309
240
gcm: 0.554344 0.876187 -0.187983
H: -1.04508 0.417976 0.100599
241
gcm: 0.556157 0.876284 -0.178863
H: 1.19731 -0.0418392 0.200345
242
gcm: 0.558058 0.876861 -0.169547
H: 2.91695 -0.2445 0.107062
243
gcm: 0.559883 0.878308 -0.160837
H: 2.66696 -0.239021 0.105662
244
gcm: 0.561687 0.880232 -0.152398
H: -0.948913 0.136252 -0.233315
245
gcm: 0.563571 0.881784 -0.143759
H: -0.616411 -0.0989701 0.182313
246
gcm: 0.564902 0.882996 -0.134555
H: 2.28634 -0.242322 0.240884
247
gcm: 0.566943 0.885042 -0.126064
H: 1.25466 -0.421798 -0.48239
248
gcm: 0.568955 0.886487 -0.116138
H: 1.453 -0.447399 0.120117
249
gcm: 0.570918 0.88808 -0.106539
H: -0.739922 0.147181 0.5276
250
gcm: 0.572327 0.890193 -0.0963103
H: -1.04084 -0.0211151 0.298305
251
gcm: 0.573797 0.891749 -0.0863152
H: -0.728547 -0.00136752 0.386105
252
gcm: 0.57491 0.893519 -0.0770794
H: -1.31197 0.106062 0.414202
253
gcm: 0.575651 0.895977 -0.068064
H: 0.218127 -0.249384 0.1785
254
gcm: 0.576653 0.898174 -0.0582352
H: -0.30381 -0.145681 -0.145189
255
gcm: 0.577847 0.899644 -0.0479442
H: -0.929439 -0.016139 0.489753
256
gcm: 0.578435 0.901027 -0.0382948
H: -0.551121 -0.0679126 0.966457
257
gcm: 0.579106 0.902574 -0.0291056
H: -0.163999 -0.246912 0.620949
258
gcm: 0.580034 0.904155 -0.0189107
H: -1.40886 0.278865 0.292191
259
gcm: 0.580876 0.905738 -0.00861712
H: -2.02741 0.316377 0.510249
260
gcm: 0.581604 0.907533 0.00141684
H: -0.606401 -0.0487758 0.504347
261
gcm: 0.582315 0.91005 0.0116288
H: -1.89271 0.414649 -0.160912
262
gcm: 0.582754 0.911112 0.0215978
H: -1.58402 0.436439 -0.228412
263
gcm: 0.583282 0.912053 0.0317254
H: -0.256713 0.160634 -0.17982
264
gcm: 0.584128 0.913113 0.0417736
H: -0.207338 0.154022 -0.642514
265
gcm: 0.584845 0.913619 0.0518188
H: -0.249392 0.137673 -0.145206
266
gcm: 0.585249 0.913101 0.0621729
H: -2.00154 0.426773 0.219059
267
gcm: 0.585979 0.914035 0.0723456
H: -3.15987 0.48615 -0.272107
268
gcm: 0.58685 0.915828 0.0823748
H: -2.61136 0.531088 -0.110369
269
gcm: 0.587587 0.916503 0.092388
H: 0.2584 0.25741 0.00581253
270
gcm: 0.587614 0.916829 0.102564
H: 0.822441 -0.0897085 -0.110615
271
gcm: 0.587644 0.916213 0.112317
H: -2.05205 0.126273 -0.530221
272
gcm: 0.587992 0.915862 0.12201
H: -2.89573 0.434313 0.11938
273
gcm: 0.588387 0.91582 0.1324
H: -3.0443 0.510793 0.153791
274
gcm: 0.588721 0.915827 0.142073
H: -1.50475 0.245096 -0.183796
275
gcm: 0.589237 0.91532 0.152012
H: 1.25217 0.0909099 -0.119591
276
gcm: 0.589633 0.914824 0.162175
H: 0.122573 0.192064 -0.427352
277
gcm: 0.58966 0.914469 0.171674
H: -1.14957 0.243815 -0.304874
278
gcm: 0.589794 0.914505 0.180966
H: 0.11436 0.152705 0.26158
279
gcm: 0.590215 0.91486 0.191172
H: -0.0187567 0.352673 0.507912
280
gcm: 0.590569 0.915353 0.201215
H: -1.78364 0.282775 0.376031
281
gcm: 0.590736 0.916064 0.210136
H: -1.84221 -0.0446138 0.0787334
282
gcm: 0.590638 0.916885 0.219078
H: -1.57996 0.0756782 -0.0735341
283
gcm: 0.590674 0.917778 0.228967
H: -2.41688 0.335203 -0.0616342
284
gcm: 0.591006 0.918553 0.239256
H: -2.52569 0.209922 0.298891
285
gcm: 0.590964 0.918785 0.248944
H: -2.18241 0.243803 0.338136
286
gcm: 0.590571 0.918488 0.257613
H: -1.95524 0.380682 -0.0546344
287
gcm: 0.591373 0.919337 0.266996
H: -2.07438 0.258417 -0.289441
288
gcm: 0.591595 0.920498 0.276006
H: -0.971189 0.266938 0.121395
289
gcm: 0.591499 0.920336 0.285075
H: -0.896453 0.309621 0.286245
290
gcm: 0.591517 0.920348 0.293794
H: -0.0184842 0.369351 0.469438
291
gcm: 0.591603 0.921226 0.302518
H: 0.58206 0.337169 0.615452
292
gcm: 0.591542 0.922592 0.311065
H: -2.44153 0.232518 0.336513
293
gcm: 0.590956 0.923791 0.319426
H: -2.35421 0.228977 -0.476063
294
gcm: 0.590779 0.924194 0.327896
H: -0.0252464 0.366189 -0.634853
295
gcm: 0.591017 0.924248 0.337051
H: 0.026551 0.543897 -0.24585
296
gcm: 0.590811 0.924342 0.345532
H: -1.66023 0.401376 -0.506749
297
gcm: 0.590516 0.924612 0.353403
H: -1.59868 0.174383 -0.288528
298
gcm: 0.590244 0.925622 0.361374
H: -0.861434 0.162947 0.381725
299
gcm: 0.590092 0.926948 0.369475
H: -1.00813 0.156202 0.529424
300
gcm: 0.589708 0.927873 0.377364
H: -1.57893 0.0226933 -1.21295
301
gcm: 0.589311 0.927999 0.385549
H: -1.49033 0.0121937 -1.60774
302
gcm: 0.589503 0.927622 0.39426
H: -1.96957 0.0155307 -1.06925
303
gcm: 0.589245 0.927493 0.402151
H: -1.33472 -0.104708 -0.545933
304
gcm: 0.588716 0.927008 0.410205
H: -0.992864 -0.192709 -0.911734
305
gcm: 0.587966 0.926054 0.418072
H: -0.182805 0.0219607 -0.757834
306
gcm: 0.587314 0.924858 0.425508
H: 0.0762829 0.141513 0.112261
307
gcm: 0.586747 0.92372 0.433142
H: -0.674263 0.0965319 0.399752
308
gcm: 0.586001 0.922639 0.441405
H: -0.782346 0.200733 0.481326
309
gcm: 0.585063 0.921101 0.449759
H: 1.58573 0.500482 0.274305
310
gcm: 0.583791 0.919804 0.458141
H: 0.892571 0.305254 0.833143
311
gcm: 0.582745 0.918399 0.466542
H: 0.928188 0.354275 1.48674
312
gcm: 0.582467 0.91632 0.47501
H: 0.696793 0.429835 1.44469
313
gcm: 0.582103 0.914146 0.483274
H: -1.03754 0.0603665 0.736459
314
gcm: 0.581266 0.91184 0.491452
H: 2.00657 0.237379 -0.285516
315
gcm: 0.580406 0.909927 0.499933
H: 4.01341 0.866627 1.10509
316
gcm: 0.579545 0.90859 0.508317
H: -1.54574 0.213613 1.0336
317
gcm: 0.578682 0.906529 0.516578
H: 0.623342 -0.0621084 -0.146123
318
gcm: 0.578356 0.904662 0.525331
H: 1.41953 0.0329817 -0.0877736
319
gcm: 0.577983 0.903284 0.534831
H: 2.05432 0.223344 0.560855
320
gcm: 0.576512 0.90187 0.544667
H: 1.3881 0.204058 1.30667
321
gcm: 0.57543 0.90095 0.554013
H: 1.73953 0.327444 1.33101
322
gcm: 0.574359 0.899887 0.562939
H: 2.35808 0.196468 0.847898
323
gcm: 0.572918 0.898345 0.571898
H: 1.8738 -0.00607966 0.802026
324
gcm: 0.571739 0.897227 0.581002
H: 1.86783 0.212263 0.811287
325
gcm: 0.570885 0.896405 0.590102
H: 3.38465 0.523393 0.118608
326
gcm: 0.570014 0.895322 0.59876
H: 3.33662 0.428694 -0.261231
327
gcm: 0.569102 0.894156 0.607133
H: 2.85935 0.226316 0.0648317
328
gcm: 0.56815 0.893173 0.615869
H: 2.53068 0.107668 0.113042
329
gcm: 0.566907 0.8926 0.624858
H: 1.69733 -0.0930845 0.157431
330
gcm: 0.565849 0.892633 0.633692
H: 1.30786 -0.00264273 0.0485945
331
gcm: 0.565838 0.8926 0.643391
H: 0.889426 -0.335654 0.0310389
332
gcm: 0.565522 0.892646 0.652174
H: 2.57939 0.443228 -0.562378
333
gcm: 0.564899 0.893286 0.660855
H: 2.38307 0.125695 -0.652589
334
gcm: 0.564243 0.894311 0.669589
H: 0.0647957 -0.221046 0.1165
335
gcm: 0.563821 0.89565 0.678462
H: 2.2927 0.258747 -0.343405
336
gcm: 0.563827 0.897032 0.687638
H: 2.22477 0.432886 -0.995795
337
gcm: 0.563688 0.898347 0.696743
H: 0.606675 0.311055 -0.524829
338
gcm: 0.563259 0.899625 0.705688
H: 0.630779 -0.0315636 -0.179702
339
gcm: 0.563133 0.900793 0.714214
H: 0.166277 -0.171187 -0.347468
340
gcm: 0.562713 0.902051 0.723028
H: 1.18694 0.443458 -0.450382
341
gcm: 0.562938 0.903907 0.732312
H: 1.39752 0.644549 -0.694049
342
gcm: 0.563408 0.906031 0.741465
H: -1.17286 -0.0193449 -0.391536
343
gcm: 0.563926 0.908166 0.749668
H: -0.408453 -0.246676 -0.547505
344
gcm: 0.564072 0.909795 0.756755
H: 1.85626 0.210926 -0.378547
345
gcm: 0.564082 0.910945 0.765172
H: 1.1533 0.151777 -0.0566038
346
gcm: 0.565035 0.913155 0.77613
H: -0.0144913 0.159495 -0.484365
347
gcm: 0.565143 0.914508 0.785412
H: 0.777922 0.192207 0.349846
348
gcm: 0.565238 0.915652 0.794228
H: 0.375226 0.0126636 0.572024
349
gcm: 0.564969 0.91678 0.802856
H: -2.06279 -0.272303 -0.139909
350
gcm: 0.564978 0.917872 0.811931
H: -1.00415 -0.113433 -0.680313
351
gcm: 0.565541 0.919082 0.821707
H: -2.25464 -0.524409 0.122538
352
gcm: 0.566141 0.920559 0.830257
H: 0.387095 0.132138 -0.712277
353
gcm: 0.566661 0.922165 0.838973
H: -0.67642 -0.233048 -0.309628
354
gcm: 0.566803 0.923305 0.847828
H: -1.48862 -0.527595 0.427296
355
gcm: 0.567086 0.923699 0.856662
H: -2.35654 -0.381911 0.150973
356
gcm: 0.567539 0.924185 0.866178
H: -1.64317 -0.189223 -0.27278
357
gcm: 0.567811 0.92465 0.875232
H: -1.286 -0.496114 0.0748385
358
gcm: 0.568043 0.924497 0.883482
H: -0.94798 -0.441983 0.128618
359
gcm: 0.568531 0.92457 0.892457
H: -0.169323 -0.0673526 -0.256544
360
gcm: 0.569143 0.925027 0.902441
H: -0.843186 -0.253331 -0.481914
361
gcm: 0.56988 0.924877 0.909959
H: -1.90615 -0.658729 -0.061679
362
gcm: 0.570538 0.924574 0.918193
H: -2.21256 -0.455336 -0.106364
363
gcm: 0.57104 0.924562 0.927209
H: -1.215 -0.406922 -0.382471
364
gcm: 0.5713 0.924195 0.937289
H: 0.422365 -0.398823 0.312547
365
gcm: 0.571887 0.923895 0.94664
H: 0.433372 -0.147773 0.609105
366
gcm: 0.572337 0.923771 0.954705
H: -2.86511 -0.223937 0.225317
367
gcm: 0.57272 0.924 0.963423
H: -2.97477 -0.270291 -0.434172
368
gcm: 0.573514 0.924374 0.9723
H: -0.470479 -0.15944 -1.1145
369
gcm: 0.573983 0.924608 0.980951
H: 0.387574 -0.195861 -0.398707
370
gcm: 0.574163 0.924853 0.989573
H: -1.18371 -0.411351 0.411113
371
gcm: 0.574609 0.925006 0.998104
H: 0.141929 -0.298111 0.30989
372
gcm: 0.575124 0.92525 1.00693
H: 0.009837 -0.234998 0.373231
373
gcm: 0.575418 0.925893 1.01553
H: -2.65331 -0.309173 -0.142535
374
gcm: 0.57595 0.926989 1.02377
H: -2.22546 -0.375238 -0.0934373
375
gcm: 0.576612 0.927745 1.03229
H: 0.448082 -0.294395 0.35169
376
gcm: 0.576943 0.928445 1.04104
H: -2.6131 -0.352002 0.201214
377
gcm: 0.577317 0.929295 1.04978
H: -2.55177 -0.408154 -0.0335717
378
gcm: 0.577237 0.928902 1.05835
H: -2.77575 -0.308976 0.0812064
379
gcm: 0.577769 0.928225 1.0657
H: -0.567898 -0.159103 0.414757
380
gcm: 0.577929 0.928016 1.07363
H: -1.77084 -0.103882 -0.262021
381
gcm: 0.57821 0.928768 1.08207
H: -1.53909 -0.275892 -0.329586
382
gcm: 0.578584 0.929012 1.09003
H: -1.72295 -0.363905 -0.346693
383
gcm: 0.579057 0.929038 1.09748
H: -0.351424 -0.251521 -0.353933
384
gcm: 0.579738 0.929646 1.10579
H: 0.982657 -0.148939 0.352974
385
gcm: 0.580188 0.930596 1.1142
H: 0.545047 -0.23744 0.420741
386
gcm: 0.58028 0.930878 1.1219
H: -0.148649 -0.211602 0.242242
387
gcm: 0.580751 0.930911 1.13022
H: 0.043129 0.0797645 -0.093559
388
gcm: 0.58135 0.931145 1.13893
H: 0.779564 -0.0187926 -0.0582422
389
gcm: 0.581547 0.931079 1.14674
H: -1.61605 -0.144988 0.728959
390
gcm: 0.581804 0.930442 1.15437
H: -2.80048 0.052493 0.439027
391
gcm: 0.582071 0.930263 1.16219
H: -2.3327 0.0335417 0.0104014
392
gcm: 0.582396 0.930833 1.16965
H: 1.29451 -0.318896 0.238724
393
gcm: 0.583363 0.931089 1.17635
H: 2.28995 -0.145017 0.698355
394
gcm: 0.583242 0.930661 1.18389
H: 1.32782 -0.205742 1.1819
395
gcm: 0.583525 0.930083 1.19206
H: -0.675257 0.112591 0.713012
396
gcm: 0.584242 0.929151 1.20009
H: -2.04625 0.298416 0.300772
397
gcm: 0.585156 0.929369 1.20754
H: -0.318986 0.0539001 -0.50952
398
gcm: 0.585639 0.92872 1.21464
H: 1.83252 -0.0692159 0.374898
399
gcm: 0.585768 0.92799 1.22204
H: -0.829211 0.0356655 0.363786
400
gcm: 0.586702 0.927058 1.22939
H: -0.736915 -0.0575353 -0.707937
401
gcm: 0.587952 0.926203 1.23718
H: 1.3554 -0.337004 -0.553801
402
gcm: 0.588516 0.924993 1.24508
H: 0.218009 -0.0781885 0.446759
403
gcm: 0.589202 0.92335 1.25296
H: 1.31045 -0.0489661 0.0714305
404
gcm: 0.590312 0.92154 1.26008
H: 1.52666 -0.187578 -0.297378
405
gcm: 0.591303 0.919122 1.26764
H: -1.04467 -0.18977 -0.791426
406
gcm: 0.592348 0.917163 1.27525
H: -0.0527301 0.182285 -0.569385
407
gcm: 0.593903 0.915517 1.28309
H: 0.813003 -0.26043 -0.648299
408
gcm: 0.594294 0.913452 1.29139
H: 1.84543 -0.385677 -0.598682
409
gcm: 0.595938 0.911996 1.29798
H: 2.29406 -0.0462086 0.0195946
410
gcm: 0.597403 0.911662 1.30601
H: 0.736228 0.10031 0.662123
411
gcm: 0.598462 0.91227 1.3131
H: 1.84783 -0.0641283 0.268496
412
gcm: 0.600239 0.91182 1.32215
H: 3.18474 -0.221271 0.0155386
413
gcm: 0.602136 0.911323 1.3308
H: 2.49858 -0.187127 0.212538
414
gcm: 0.603732 0.910316 1.33907
H: 3.56956 -0.0270227 -0.308426
415
gcm: 0.605277 0.909308 1.34756
H: 3.87427 -0.267082 -0.380186
416
gcm: 0.60682 0.907779 1.35591
H: 3.17076 -0.156224 -0.387739
417
gcm: 0.608047 0.907594 1.36423
H: 1.22884 -0.510124 -0.457488
418
gcm: 0.608732 0.9072 1.37113
H: 2.2582 -0.633898 0.0250266
419
gcm: 0.609895 0.906636 1.37986
H: 1.88719 0.000362698 -0.437763
420
gcm: 0.61169 0.90642 1.38789
H: 1.18858 0.0888157 -0.255801
421
gcm: 0.61308 0.906627 1.39585
H: 1.71602 -0.368751 0.582915
422
gcm: 0.614079 0.907944 1.40421
H: 3.60721 -0.766257 0.525807
423
gcm: 0.615991 0.909051 1.41193
H: 0.51542 0.279561 -0.574153
424
gcm: 0.617508 0.910068 1.42022
H: -1.88876 0.527206 -0.153082
425
gcm: 0.61919 0.91102 1.43094
H: 2.17763 -0.358243 0.102443
426
gcm: 0.62079 0.912462 1.43979
H: 1.54375 -0.316601 -0.430483
427
gcm: 0.622204 0.914063 1.44768
H: -1.01675 0.296232 -0.879423
428
gcm: 0.623212 0.915427 1.45484
H: 1.38452 -0.252531 0.130893
429
gcm: 0.624144 0.917002 1.4617
H: 3.10399 -0.806888 0.96958
430
gcm: 0.625522 0.918746 1.46953
H: 1.60227 -0.700085 1.38242
431
gcm: 0.626886 0.92048 1.47916
H: -1.89495 0.253409 -0.0216889
432
gcm: 0.627476 0.922149 1.48513
H: -0.375783 -0.0115283 0.116184
433
gcm: 0.62889 0.923474 1.49751
H: 1.22001 -0.320613 0.183953
434
gcm: 0.628916 0.923172 1.50592
H: -1.20113 0.210089 -0.00771374
435
gcm: 0.631523 0.927278 1.51747
H: -0.178729 -0.14077 -0.454407
436
gcm: 0.633052 0.929115 1.5279
H: -0.806404 -0.18409 0.26178
437
gcm: 0.632078 0.929884 1.53637
H: -0.873343 0.0539013 1.07739
438
gcm: 0.631967 0.930813 1.54316
H: -1.66797 0.115819 0.861521
439
gcm: 0.634111 0.933066 1.55568
H: -2.29998 -0.0111823 -0.286545
440
gcm: 0.63418 0.933934 1.56265
H: -0.0887536 -0.307413 0.629535
441
gcm: 0.637068 0.937474 1.57255
H: -1.20245 0.0988762 -0.314828
442
gcm: 0.638591 0.939108 1.58478
H: -1.2424 0.421744 -1.28016
443
gcm: 0.638943 0.941124 1.5971
H: -1.03636 0.527039 -0.713991
444
gcm: 0.638635 0.940646 1.60238
H: -2.39523 0.307182 0.462164
445
gcm: 0.638713 0.943141 1.61262
H: 0.933733 0.0726108 -0.461363
446
gcm: 0.638996 0.943377 1.62237
H: -3.29743 0.625556 0.314161
447
gcm: 0.640339 0.943218 1.63397
H: -2.81097 0.440349 0.315739
448
gcm: 0.64099 0.943593 1.64333
H: -1.88526 0.48919 -0.357386
449
gcm: 0.641061 0.944158 1.65151
H: -1.64666 0.472261 -0.309327
450
gcm: 0.642005 0.944803 1.66341
H: -1.58534 0.53458 -0.733543
451
gcm: 0.642953 0.945259 1.67367
H: -1.11728 0.151476 -0.257587
452
gcm: 0.643439 0.945822 1.68363
H: -0.0886903 0.0757283 0.0568278
453
gcm: 0.643619 0.946492 1.69374
H: -0.267903 0.32239 0.0810945
454
gcm: 0.643767 0.946397 1.70307
H: -1.65132 0.366672 0.152528
455
gcm: 0.644328 0.945664 1.71261
H: -1.70213 0.336382 -0.155145
456
gcm: 0.644724 0.944757 1.72247
H: -0.904923 0.289331 0.294329
457
gcm: 0.644795 0.944194 1.7316
H: 0.67307 0.0353758 -0.096252
458
gcm: 0.645469 0.943877 1.74162
H: -0.374998 0.369772 0.162761
459
gcm: 0.645731 0.944391 1.75257
H: -2.35531 0.483115 -0.222923
460
gcm: 0.645453 0.945402 1.76056
H: -1.3838 0.271374 -0.717465
461
gcm: 0.646029 0.94583 1.76959
H: -0.540965 0.32258 0.157898
462
gcm: 0.646297 0.946809 1.77934
H: -0.123075 0.306325 0.407598
463
gcm: 0.646104 0.948009 1.78894
H: -0.141995 0.262543 0.681651
464
gcm: 0.646558 0.94791 1.79851
H: -1.14128 -0.112683 0.567629
465
gcm: 0.646747 0.947815 1.80718
H: -1.82371 0.17332 0.220257
466
gcm: 0.64648 0.948151 1.81684
H: -2.41463 0.0858979 0.201193
467
gcm: 0.646732 0.94987 1.8238
H: -0.77715 0.0765977 -0.61536
468
gcm: 0.647358 0.950719 1.83373
H: 0.0234495 0.205377 0.0427232
469
gcm: 0.647579 0.95015 1.84163
H: -0.720437 0.248495 0.173883
470
gcm: 0.646944 0.950516 1.85095
H: -2.59657 0.375443 0.250351
471
gcm: 0.646793 0.951733 1.86071
H: -1.43851 0.386344 0.0303123
472
gcm: 0.647138 0.952166 1.87018
H: -0.588202 -0.0119492 0.304145
473
gcm: 0.647084 0.952575 1.87822
H: -0.885876 0.308903 0.356604
474
gcm: 0.647202 0.95367 1.88522
H: 0.470596 0.128997 -0.48979
475
gcm: 0.647539 0.954596 1.89326
H: -0.137636 0.311169 -0.405934
476
gcm: 0.647372 0.954293 1.90213
H: -0.957758 0.38494 0.312457
477
gcm: 0.646777 0.953238 1.91247
H: -1.88637 0.368837 1.10102
478
gcm: 0.646781 0.953961 1.91974
H: -0.829137 0.0899064 0.71107
479
gcm: 0.646607 0.954613 1.92751
H: 0.659049 0.157413 0.172251
480
gcm: 0.646417 0.954929 1.93522
H: -1.51149 0.194715 -0.0681337
481
gcm: 0.646535 0.955006 1.9427
H: -2.17759 0.136115 -0.890524
482
gcm: 0.646814 0.95497 1.9502
H: -0.30663 0.348569 0.365575
483
gcm: 0.646867 0.954734 1.95837
H: -1.26009 0.0182525 0.546703
484
gcm: 0.646256 0.95431 1.96739
H: -1.75583 0.118133 -0.393858
485
gcm: 0.645728 0.954111 1.97511
H: -1.08795 -0.100652 -0.326365
486
gcm: 0.64582 0.954124 1.98117
H: -1.43286 -0.031661 -0.28652
487
gcm: 0.645754 0.953731 1.9881
H: -0.984417 0.173224 -0.0734552
488
gcm: 0.645216 0.952922 1.99496
H: -0.898238 -0.0252778 0.233285
489
gcm: 0.64438 0.951859 2.00194
H: -0.948389 0.028968 0.558421
490
gcm: 0.644158 0.950912 2.00996
H: 0.975665 0.390932 -0.0136416
491
gcm: 0.644164 0.949712 2.01794
H: 0.386743 -0.0231168 -0.392081
492
gcm: 0.643701 0.947562 2.0254
H: 0.209956 -0.0766573 -0.728359
493
gcm: 0.642765 0.946223 2.03391
H: -2.09703 -0.321338 0.0191691
494
gcm: 0.640989 0.943642 2.04117
H: -1.31224 -0.15082 0.0545815
495
gcm: 0.639749 0.94242 2.04926
H: -0.883494 0.143202 0.540305
496
gcm: 0.63914 0.940978 2.05647
H: 0.469679 0.194039 -0.0848203
497
gcm: 0.638033 0.938893 2.06479
H: 0.961524 0.128613 -0.393656
498
gcm: 0.636782 0.934829 2.07097
H: -0.926031 -0.160051 0.3193
499
gcm: 0.634856 0.932932 2.07755
H: 0.197703 -0.158053 -0.230443
500
gcm: 0.633353 0.931106 2.08496
H: 0.99969 0.237609 -0.116394
501
gcm: 0.632713 0.927818 2.0926
H: 1.35421 0.234108 -0.384668
502
gcm: 0.632326 0.924976 2.09983
H: 0.490018 -0.148627 -0.203073
503
gcm: 0.631225 0.924504 2.10801
H: 0.0631113 -0.207228 0.108065
504
gcm: 0.629286 0.924457 2.11569
H: -0.129098 -0.158204 0.345638
505
gcm: 0.628362 0.923164 2.12304
H: 0.24132 -0.0991074 -0.325197
506
gcm: 0.626274 0.922454 2.13137
H: 0.188015 -0.061406 -0.396763
507
gcm: 0.624771 0.921041 2.13924
H: -0.105347 -0.0746155 0.251915
508
gcm: 0.624178 0.919991 2.1467
H: 0.169999 -0.0356378 0.0276661
509
gcm: 0.62227 0.919697 2.15429
H: 0.560916 -0.025659 -0.106678
510
gcm: 0.621076 0.919459 2.16201
H: 2.47534 0.286075 -0.23566
511
gcm: 0.619008 0.918764 2.16954
H: 1.68962 0.658545 -0.17605
512
gcm: 0.61756 0.917957 2.17557
H: 1.55847 0.127712 -0.748587
513
gcm: 0.616196 0.917727 2.18057
H: 0.744996 -0.338997 -0.446518
514
gcm: 0.616005 0.917574 2.18867
H: 2.2588 0.546929 -0.474621
515
gcm: 0.614005 0.917351 2.19595
H: 2.75446 0.634658 -1.14925
516
gcm: 0.61415 0.916934 2.20762
H: 1.19129 0.0411057 0.384923
516
gcm: 0.61415 0.916934 2.20762
H: 0 0 0
