:metadata
 
Skeleton: /Network/Servers/duerer/Volumes/duerer/laturnus/workspace/new_acm/mocapPlayer/mocapPlayer/07-walk.asf
Motion: /Network/Servers/duerer/Volumes/duerer/laturnus/workspace/new_acm/mocapPlayer/mocapPlayer/07_05-walk.amc
Mass Distribution: /Network/Servers/duerer/Volumes/duerer/laturnus/workspace/new_acm/amd/pointmass.amd
 
Inital skeleton translation: 0 0 0
Initial skeleton rotation: 0 0 0
 
:data
1
gcm: 0.466918 0.862746 -2.13497
H: -0.328541 -0.31702 -0.258445
2
gcm: 0.467242 0.862612 -2.12733
H: -0.218533 -0.249492 -0.392057
3
gcm: 0.466669 0.862656 -2.11957
H: -0.619426 0.0211251 -0.352129
4
gcm: 0.466841 0.863005 -2.11118
H: -0.528417 -0.0748323 0.0574624
5
gcm: 0.467722 0.863561 -2.10304
H: -1.09146 -0.257308 0.0867933
6
gcm: 0.46883 0.86467 -2.09516
H: -2.0035 -0.260404 0.376273
7
gcm: 0.468931 0.867535 -2.08641
H: -2.86797 0.067176 -0.46374
8
gcm: 0.469787 0.866873 -2.07888
H: -0.0563746 -0.0857555 0.0388007
9
gcm: 0.470345 0.867138 -2.07126
H: -1.22186 -0.123998 -0.0412838
10
gcm: 0.470857 0.867875 -2.06395
H: -1.30133 -0.00383848 -0.289522
11
gcm: 0.471618 0.867991 -2.05671
H: -1.4252 0.0271813 0.381001
12
gcm: 0.472428 0.868321 -2.04934
H: -0.410337 0.0728964 1.13235
13
gcm: 0.473025 0.868255 -2.04229
H: -0.0243864 0.0713228 0.335612
14
gcm: 0.473436 0.867269 -2.03547
H: -0.269743 0.0590239 0.61261
15
gcm: 0.474461 0.866437 -2.02819
H: 0.0232369 -0.0967366 0.664827
16
gcm: 0.475632 0.865937 -2.02083
H: -0.163517 -0.0867453 -0.232073
17
gcm: 0.476548 0.866 -2.01362
H: -0.417894 0.194408 -0.0673999
18
gcm: 0.477422 0.866478 -2.00633
H: -0.514634 0.369928 0.736646
19
gcm: 0.477366 0.86659 -2.00083
H: -0.926266 0.286113 1.27495
20
gcm: 0.478559 0.866029 -1.99412
H: -1.00991 -0.087784 0.70143
21
gcm: 0.481223 0.864887 -1.98579
H: -0.878352 -0.164712 -0.38131
22
gcm: 0.481082 0.864249 -1.98036
H: -0.280386 0.243726 0.419065
23
gcm: 0.484257 0.861959 -1.97131
H: -0.996576 -0.264035 -1.18507
24
gcm: 0.484699 0.861831 -1.96399
H: 0.635562 0.135756 0.222182
25
gcm: 0.486555 0.861223 -1.95721
H: -1.19955 -0.266447 -0.950846
26
gcm: 0.487258 0.86018 -1.95073
H: -0.669294 -0.0173527 -0.478849
27
gcm: 0.48845 0.858234 -1.9441
H: 1.19784 -0.12605 -0.0186934
28
gcm: 0.490542 0.858033 -1.93638
H: 0.392514 -0.094606 -0.563644
29
gcm: 0.492122 0.857489 -1.92848
H: 1.52393 -0.256168 0.0273819
30
gcm: 0.493258 0.856684 -1.92096
H: 2.03014 -0.308381 -0.408858
31
gcm: 0.49467 0.855422 -1.91338
H: 4.31223 -0.659328 -0.219618
32
gcm: 0.496334 0.853996 -1.90564
H: 2.37386 -0.275292 0.385874
33
gcm: 0.497867 0.85402 -1.8977
H: 1.33176 0.0433875 0.151638
34
gcm: 0.499672 0.853739 -1.88999
H: 2.75813 -0.100591 -1.03477
35
gcm: 0.501822 0.851754 -1.88228
H: 4.41328 -0.511515 -0.643612
36
gcm: 0.503494 0.849556 -1.87518
H: 3.32198 -0.244312 0.15675
37
gcm: 0.505435 0.849526 -1.86765
H: -0.253841 0.394235 -0.192617
38
gcm: 0.507186 0.848673 -1.85989
H: 2.38835 -0.391635 0.122403
39
gcm: 0.508214 0.848896 -1.85272
H: 2.34976 0.197776 -1.16182
40
gcm: 0.509318 0.848326 -1.8452
H: 1.98033 0.212811 -0.97192
41
gcm: 0.51226 0.847393 -1.83728
H: 0.596707 -0.018763 -0.154758
42
gcm: 0.514612 0.846331 -1.8299
H: 1.12297 0.0280835 -0.663164
43
gcm: 0.51582 0.848993 -1.82089
H: 2.94856 -0.580806 0.254742
44
gcm: 0.517228 0.849638 -1.81193
H: 0.418506 -0.243193 0.446841
45
gcm: 0.518702 0.849862 -1.80387
H: 0.507593 -0.2452 0.590143
46
gcm: 0.520833 0.850745 -1.79603
H: 0.780197 -0.126404 0.474472
47
gcm: 0.523127 0.85221 -1.78784
H: 2.08512 -0.412647 0.783201
48
gcm: 0.52538 0.853402 -1.77926
H: 2.16631 -0.310442 0.262173
49
gcm: 0.527593 0.853913 -1.77077
H: 0.535552 0.032715 0.198545
50
gcm: 0.529553 0.854316 -1.76266
H: 1.85582 -0.347367 0.646425
51
gcm: 0.531286 0.855485 -1.75452
H: 3.10918 -0.67785 0.31068
52
gcm: 0.533075 0.857161 -1.74589
H: 1.49973 -0.516985 0.433378
53
gcm: 0.535141 0.858604 -1.7372
H: -0.761089 -0.165437 0.987676
54
gcm: 0.537198 0.859923 -1.72894
H: 0.985411 -0.520589 1.17182
55
gcm: 0.538923 0.861243 -1.72059
H: 2.18089 -0.648589 0.542044
56
gcm: 0.540459 0.862835 -1.71182
H: 1.64451 -0.442071 0.424964
57
gcm: 0.541808 0.864635 -1.70314
H: 1.96874 -0.559649 0.867466
58
gcm: 0.542705 0.866346 -1.69483
H: 1.62652 -0.503342 0.841462
59
gcm: 0.543822 0.868076 -1.68689
H: -0.160472 -0.134273 0.511926
60
gcm: 0.545536 0.869577 -1.67878
H: 0.278542 -0.285169 0.522149
61
gcm: 0.547023 0.870971 -1.66989
H: 0.165588 -0.220121 0.341132
62
gcm: 0.548403 0.872514 -1.66078
H: -1.68225 0.468358 -0.403306
63
gcm: 0.549763 0.874458 -1.65196
H: -1.28526 0.413757 -0.380159
64
gcm: 0.550677 0.87606 -1.64331
H: 0.165897 -0.178014 0.46156
65
gcm: 0.551249 0.877635 -1.63441
H: -0.246477 -0.108395 0.30766
66
gcm: 0.55202 0.878725 -1.62568
H: -0.840507 0.308119 -0.351744
67
gcm: 0.553152 0.879757 -1.61712
H: -1.91914 0.503866 -0.356955
68
gcm: 0.554225 0.88108 -1.60819
H: -2.34273 0.453487 -0.259367
69
gcm: 0.554979 0.881995 -1.59891
H: -2.06145 0.527099 -0.214856
70
gcm: 0.555389 0.882704 -1.58976
H: -1.86517 0.552943 -0.274026
71
gcm: 0.55603 0.883282 -1.58139
H: -1.34686 0.395539 -0.474389
72
gcm: 0.556757 0.883422 -1.57295
H: -1.59328 0.393909 -0.451349
73
gcm: 0.557209 0.883875 -1.56375
H: -0.550733 0.125408 -0.308494
74
gcm: 0.557636 0.884453 -1.55467
H: 0.168231 -0.0252398 -0.33088
75
gcm: 0.558115 0.884694 -1.54584
H: -0.923448 0.36113 -0.101513
76
gcm: 0.558527 0.884095 -1.53688
H: -1.22014 0.462321 -0.787425
77
gcm: 0.559047 0.883901 -1.52792
H: -2.09126 0.289004 -0.280369
78
gcm: 0.559494 0.883584 -1.51922
H: -1.31542 0.193687 0.296206
79
gcm: 0.559792 0.883598 -1.51015
H: 0.615665 -0.0240865 0.232745
80
gcm: 0.559953 0.884153 -1.50057
H: -1.39106 0.0141757 0.632948
81
gcm: 0.560078 0.884203 -1.49176
H: -2.34342 0.445144 -0.105035
82
gcm: 0.560255 0.883952 -1.48306
H: -0.450743 0.195108 0.0779973
83
gcm: 0.56026 0.883354 -1.47431
H: -0.6248 0.0123628 0.592467
84
gcm: 0.560262 0.8831 -1.46488
H: -3.0699 0.320337 0.0385155
85
gcm: 0.560315 0.882582 -1.45567
H: 0.670108 0.0422164 0.206182
86
gcm: 0.560127 0.882287 -1.44724
H: -0.141802 0.148158 -0.394011
87
gcm: 0.560046 0.882671 -1.43842
H: -2.54711 0.35005 -0.300512
88
gcm: 0.560222 0.883098 -1.4298
H: -3.1719 0.341516 0.0669408
89
gcm: 0.560152 0.883239 -1.42186
H: -2.00478 0.263881 -0.315277
90
gcm: 0.560124 0.88321 -1.41359
H: -1.64103 0.286962 -0.336977
91
gcm: 0.560157 0.883072 -1.40505
H: -1.30954 0.335207 -0.355384
92
gcm: 0.559459 0.882821 -1.39688
H: -1.03235 0.171716 -0.665664
93
gcm: 0.558926 0.883122 -1.38853
H: 0.367966 0.103775 -0.0151656
94
gcm: 0.559329 0.88391 -1.37993
H: -1.05481 0.18824 0.544764
95
gcm: 0.559686 0.88422 -1.37184
H: -1.71829 0.0989603 0.346274
96
gcm: 0.559582 0.884169 -1.3639
H: -0.800309 0.116565 0.254348
97
gcm: 0.559097 0.884228 -1.35612
H: -1.25206 0.185767 0.387921
98
gcm: 0.558596 0.884381 -1.34836
H: 0.252682 0.230625 0.36672
99
gcm: 0.55849 0.884453 -1.34037
H: 1.06788 0.241513 0.217342
100
gcm: 0.558696 0.884651 -1.33254
H: -2.06948 0.0882905 -0.0616322
101
gcm: 0.558618 0.885605 -1.32496
H: -2.13888 0.0447366 0.318341
102
gcm: 0.558128 0.886773 -1.31749
H: -0.285281 0.223335 0.279752
103
gcm: 0.558023 0.886903 -1.30991
H: -1.79417 0.194391 -0.0971854
104
gcm: 0.558139 0.887166 -1.30228
H: -1.81218 0.169323 0.541113
105
gcm: 0.557771 0.88795 -1.2949
H: -0.582922 0.234106 0.185552
106
gcm: 0.557367 0.887434 -1.28773
H: -1.06068 0.172351 -0.719284
107
gcm: 0.557225 0.886446 -1.28062
H: -1.01616 0.0856585 -0.366951
108
gcm: 0.556341 0.886372 -1.27427
H: -0.496088 -0.0798331 -0.69152
109
gcm: 0.556565 0.886749 -1.26682
H: -2.44581 0.14168 0.609054
110
gcm: 0.555561 0.886618 -1.25925
H: -1.60388 0.0502304 -0.0147829
111
gcm: 0.554292 0.886006 -1.25181
H: 1.13235 0.102444 -0.592386
112
gcm: 0.553634 0.885415 -1.24476
H: 1.45138 0.119086 -0.331461
113
gcm: 0.55307 0.884857 -1.23785
H: -0.480932 0.0144748 -0.111902
114
gcm: 0.552623 0.883734 -1.2306
H: -0.950969 -0.0440788 -0.610504
115
gcm: 0.552229 0.882335 -1.22331
H: -0.841538 -0.0775069 -0.149208
116
gcm: 0.55147 0.881097 -1.21639
H: -0.417691 0.0390498 0.031885
117
gcm: 0.550811 0.880069 -1.20937
H: 0.148025 0.0684928 -0.29344
118
gcm: 0.550351 0.87947 -1.20243
H: -0.180287 -0.124419 0.0509502
119
gcm: 0.54929 0.878764 -1.19584
H: -1.53761 -0.354559 -0.41558
120
gcm: 0.548131 0.877651 -1.1887
H: -1.95878 -0.395564 -0.92129
121
gcm: 0.547563 0.875792 -1.18128
H: -0.209223 -0.0737322 -0.206202
122
gcm: 0.546904 0.874042 -1.17426
H: -0.114516 0.00124799 0.354091
123
gcm: 0.545754 0.873112 -1.16717
H: -0.0793805 -0.117962 0.372898
124
gcm: 0.544723 0.872181 -1.16002
H: 1.37216 0.130691 0.0131171
125
gcm: 0.544265 0.870864 -1.15271
H: 0.504567 0.0702177 0.261913
126
gcm: 0.543636 0.869181 -1.14536
H: 0.231558 0.0450174 0.471708
127
gcm: 0.542526 0.867579 -1.13776
H: 0.41534 0.170624 0.101839
128
gcm: 0.541614 0.866176 -1.13083
H: -1.05338 -0.22573 0.224609
129
gcm: 0.540745 0.864737 -1.12375
H: 0.664301 0.0353953 0.383291
130
gcm: 0.539908 0.862588 -1.11645
H: 2.2579 0.191243 0.476353
131
gcm: 0.53875 0.860439 -1.10938
H: 1.31917 -0.115174 0.0826774
132
gcm: 0.53762 0.859479 -1.10203
H: 1.8577 -0.176684 -0.504269
133
gcm: 0.536373 0.859263 -1.09359
H: 2.56018 0.183884 -0.130728
134
gcm: 0.534488 0.85903 -1.08526
H: 2.21843 0.1448 0.784756
135
gcm: 0.533092 0.858461 -1.07772
H: 2.23109 -0.0484986 0.80598
136
gcm: 0.532231 0.857504 -1.0703
H: 1.09822 -0.175812 0.0514055
137
gcm: 0.53105 0.856285 -1.06275
H: 1.09675 -0.0291187 0.277874
138
gcm: 0.529898 0.854655 -1.05504
H: 2.32007 0.438466 0.306707
139
gcm: 0.528896 0.853842 -1.04691
H: 3.83678 0.702517 0.366766
140
gcm: 0.527558 0.853703 -1.03896
H: 3.19926 0.575129 0.472373
141
gcm: 0.526187 0.853864 -1.03148
H: 0.263115 -0.269398 0.116275
142
gcm: 0.525112 0.854757 -1.02379
H: 0.526357 -0.361183 -0.060763
143
gcm: 0.523154 0.854934 -1.01654
H: 2.21243 0.590705 -0.0184389
144
gcm: 0.521615 0.85557 -1.00796
H: 2.08498 0.256578 0.243469
145
gcm: 0.520205 0.856519 -1.00043
H: 0.874324 0.127467 -0.147982
146
gcm: 0.518833 0.858164 -0.9933
H: 1.20021 0.200139 -0.634564
147
gcm: 0.517094 0.85961 -0.985573
H: 1.90898 0.391076 -0.362654
148
gcm: 0.515287 0.861277 -0.97711
H: 0.846439 0.149935 0.551968
149
gcm: 0.513868 0.863506 -0.969044
H: 1.47285 0.450769 -0.0468673
150
gcm: 0.512403 0.865844 -0.960982
H: 1.48834 0.397544 -0.41749
151
gcm: 0.511314 0.867847 -0.952639
H: 1.0736 0.571706 -0.232715
152
gcm: 0.509322 0.869885 -0.944475
H: 2.15973 0.578789 -0.334433
153
gcm: 0.50784 0.872476 -0.936274
H: 2.08387 0.578849 -0.674703
154
gcm: 0.506787 0.875265 -0.927915
H: -1.17382 -0.0662898 0.116808
155
gcm: 0.50541 0.87814 -0.91946
H: -2.21805 -0.155126 0.119222
156
gcm: 0.504273 0.881113 -0.910529
H: -2.31347 0.0871405 -0.138206
157
gcm: 0.503286 0.883866 -0.901598
H: -0.722168 0.483279 -0.504147
158
gcm: 0.50204 0.88649 -0.892827
H: -0.694548 0.188344 -1.05426
159
gcm: 0.501178 0.888495 -0.884106
H: -0.758075 0.0743278 -0.513213
160
gcm: 0.499594 0.890177 -0.875497
H: -0.257887 0.117911 0.426035
161
gcm: 0.498104 0.892357 -0.867224
H: -0.602448 0.138468 -0.180658
162
gcm: 0.496966 0.894524 -0.858812
H: -0.544415 0.511382 -0.669167
163
gcm: 0.495932 0.896392 -0.850269
H: 1.43783 0.753879 -0.695151
164
gcm: 0.494985 0.898496 -0.840372
H: -2.03352 -0.445575 0.476906
165
gcm: 0.493882 0.900134 -0.830975
H: -2.65346 -0.455016 0.284889
166
gcm: 0.492913 0.901266 -0.821896
H: -0.0454661 0.1316 -0.0990682
167
gcm: 0.49208 0.902226 -0.812586
H: 0.385049 0.123923 0.247194
168
gcm: 0.491553 0.903024 -0.802882
H: -1.1354 -0.446078 0.938072
169
gcm: 0.491233 0.903315 -0.788404
H: -0.428827 -0.103743 0.449749
170
gcm: 0.489736 0.90402 -0.783758
H: -1.16027 0.00191415 -0.446381
171
gcm: 0.488464 0.90458 -0.77767
H: 0.0664855 0.0558299 -0.565836
172
gcm: 0.488049 0.904664 -0.769368
H: 0.7944 0.0237099 -0.246816
173
gcm: 0.487693 0.904144 -0.760009
H: 0.251321 0.0094735 -0.337207
174
gcm: 0.487304 0.903988 -0.750163
H: -0.509767 0.0106373 -0.533965
175
gcm: 0.487282 0.904116 -0.740098
H: -2.46396 -0.430004 0.0821626
176
gcm: 0.487634 0.903502 -0.729297
H: -2.01106 -0.516395 0.272118
177
gcm: 0.488413 0.902384 -0.713621
H: -0.574824 -0.300669 0.636417
178
gcm: 0.488544 0.902002 -0.70471
H: 0.145389 -0.214501 0.396511
179
gcm: 0.489582 0.901354 -0.696137
H: 0.459394 -0.157057 -0.0419689
180
gcm: 0.488288 0.900928 -0.685593
H: -0.569155 0.128788 0.221673
181
gcm: 0.48692 0.901597 -0.684141
H: -2.14449 -0.478674 0.426099
182
gcm: 0.486886 0.900873 -0.676691
H: -0.48087 -0.232347 -0.255024
183
gcm: 0.487819 0.899517 -0.665532
H: 0.618428 0.142961 -0.351078
184
gcm: 0.488422 0.898762 -0.654743
H: 1.20212 0.175755 -0.625447
185
gcm: 0.489987 0.899244 -0.641228
H: -1.66455 -0.384588 0.870107
186
gcm: 0.488445 0.899922 -0.637909
H: -0.497354 0.0558766 -0.351833
187
gcm: 0.490196 0.89986 -0.624002
H: 0.304647 0.0114056 -0.35033
188
gcm: 0.490766 0.899933 -0.611842
H: 0.940761 -0.0457848 -0.540014
189
gcm: 0.491097 0.900277 -0.602119
H: -2.20584 -0.336577 -0.331679
190
gcm: 0.491423 0.899943 -0.594443
H: -3.37482 -0.250134 0.0409451
191
gcm: 0.491168 0.899893 -0.588886
H: -0.954316 -0.303701 0.881314
192
gcm: 0.490665 0.900559 -0.583294
H: -0.320954 -0.356218 0.575293
193
gcm: 0.491131 0.900373 -0.574976
H: -1.09543 -0.123598 -0.414965
194
gcm: 0.492556 0.899833 -0.563713
H: 0.489603 -0.414224 -0.0132138
195
gcm: 0.492736 0.90003 -0.555723
H: -0.110846 -0.28885 0.120422
196
gcm: 0.494926 0.900305 -0.543851
H: -0.335742 -0.444455 -0.052365
197
gcm: 0.494398 0.900055 -0.538102
H: -0.0699012 -0.017347 0.130554
198
gcm: 0.496108 0.900496 -0.527266
H: -0.814185 -0.165729 0.924246
199
gcm: 0.495753 0.901285 -0.520788
H: -1.80892 -0.108862 0.104862
200
gcm: 0.496171 0.901416 -0.513497
H: -1.58233 -0.174114 -0.644464
201
gcm: 0.497237 0.901359 -0.505567
H: -0.996472 -0.258596 0.0846966
202
gcm: 0.498441 0.900992 -0.497444
H: -2.14309 -0.143407 0.699754
203
gcm: 0.499201 0.900603 -0.489628
H: -1.03858 -0.112251 0.20642
204
gcm: 0.499782 0.900642 -0.48184
H: 0.521902 -0.146842 -0.226138
205
gcm: 0.500603 0.901421 -0.473793
H: -3.00568 0.158136 0.218782
206
gcm: 0.501516 0.901492 -0.465898
H: -1.69241 0.12133 0.836606
207
gcm: 0.502107 0.901436 -0.458408
H: 1.4632 -0.374339 0.593402
208
gcm: 0.502725 0.901365 -0.451176
H: -0.432339 -0.00803829 -0.145558
209
gcm: 0.503529 0.901059 -0.444185
H: 0.625899 0.0851129 0.393802
210
gcm: 0.504526 0.900557 -0.436363
H: -0.572369 0.0648957 0.840109
211
gcm: 0.505676 0.899923 -0.428547
H: -1.0022 -0.12356 0.32858
212
gcm: 0.507048 0.899369 -0.420073
H: 0.20942 -0.415764 -0.393971
213
gcm: 0.508323 0.899278 -0.411656
H: 1.04296 -0.248749 -0.51039
214
gcm: 0.509387 0.898765 -0.404427
H: 0.0760813 -0.0133498 -0.22445
215
gcm: 0.510648 0.898238 -0.396412
H: -1.85389 0.371076 0.243048
216
gcm: 0.512097 0.896894 -0.388713
H: -1.7845 0.254206 0.0178653
217
gcm: 0.513473 0.895035 -0.381416
H: 2.41169 -0.213384 -0.430524
218
gcm: 0.515102 0.892914 -0.373578
H: 3.22519 -0.319487 -0.342845
219
gcm: 0.516834 0.891072 -0.365309
H: 1.71874 -0.088723 -0.771615
220
gcm: 0.518543 0.8888 -0.357469
H: 0.599958 -0.201389 -0.65604
221
gcm: 0.519915 0.887474 -0.350169
H: 0.304149 -0.0080851 -0.320959
222
gcm: 0.521691 0.885684 -0.341872
H: -0.482193 0.140735 0.242905
223
gcm: 0.523305 0.883499 -0.33318
H: 1.52003 -0.0760619 0.461319
224
gcm: 0.524383 0.882367 -0.325307
H: 1.87765 0.0350482 0.489439
225
gcm: 0.525371 0.882867 -0.317794
H: 1.85023 0.337538 -0.373441
226
gcm: 0.526998 0.882195 -0.309271
H: 2.02395 0.181788 -1.02742
227
gcm: 0.529313 0.880765 -0.30003
H: 1.98425 -0.194257 -1.14345
228
gcm: 0.531751 0.878104 -0.291631
H: 1.84083 -0.334432 0.0901954
229
gcm: 0.533738 0.87715 -0.283651
H: 3.96446 -0.283268 0.0319936
230
gcm: 0.535617 0.87648 -0.274659
H: 2.34522 -0.432984 -0.41868
231
gcm: 0.537606 0.87534 -0.266147
H: 3.07256 -0.321506 -0.546941
232
gcm: 0.53938 0.874547 -0.258438
H: 1.95905 -0.11662 -0.763363
233
gcm: 0.541277 0.874254 -0.24895
H: 0.588913 0.0233644 -0.513901
234
gcm: 0.542851 0.874256 -0.240648
H: 0.736997 -0.00214702 -0.117686
235
gcm: 0.544584 0.874313 -0.231554
H: 2.24201 -0.210504 0.0599453
236
gcm: 0.546355 0.874714 -0.222036
H: 3.01369 -0.369897 0.118271
237
gcm: 0.548338 0.875298 -0.213642
H: 2.6054 -0.394719 0.227612
238
gcm: 0.550225 0.875649 -0.205733
H: 0.834766 -0.307003 0.112992
239
gcm: 0.552337 0.876036 -0.196709
H: -1.06171 -0.161819 0.474346
240
gcm: 0.554344 0.876187 -0.187983
H: -1.079 0.379588 0.148056
241
gcm: 0.556157 0.876284 -0.178863
H: 1.15695 -0.0764671 0.248055
242
gcm: 0.558058 0.876861 -0.169547
H: 2.87941 -0.27469 0.153857
243
gcm: 0.559883 0.878308 -0.160837
H: 2.63106 -0.274996 0.174397
244
gcm: 0.561687 0.880232 -0.152398
H: -0.972669 0.0998954 -0.149348
245
gcm: 0.563571 0.881784 -0.143759
H: -0.638971 -0.129851 0.258036
246
gcm: 0.564902 0.882996 -0.134555
H: 2.2423 -0.278955 0.318569
247
gcm: 0.566943 0.885042 -0.126064
H: 1.25308 -0.449788 -0.402801
248
gcm: 0.568955 0.886487 -0.116138
H: 1.42649 -0.465905 0.0954249
249
gcm: 0.570918 0.88808 -0.106539
H: -0.747163 0.117022 0.547797
250
gcm: 0.572327 0.890193 -0.0963103
H: -1.08216 -0.0361088 0.40078
251
gcm: 0.573797 0.891749 -0.0863152
H: -0.753811 -0.0197841 0.465341
252
gcm: 0.57491 0.893519 -0.0770794
H: -1.30996 0.0921666 0.452377
253
gcm: 0.575651 0.895977 -0.068064
H: 0.217013 -0.265267 0.190591
254
gcm: 0.576653 0.898174 -0.0582352
H: -0.331471 -0.163476 -0.142566
255
gcm: 0.577847 0.899644 -0.0479442
H: -0.969399 -0.0318984 0.510729
256
gcm: 0.578435 0.901027 -0.0382948
H: -0.557572 -0.0878905 0.993099
257
gcm: 0.579106 0.902574 -0.0291056
H: -0.16633 -0.263053 0.616209
258
gcm: 0.580034 0.904155 -0.0189107
H: -1.42568 0.263795 0.325184
259
gcm: 0.580876 0.905738 -0.00861712
H: -2.04132 0.304446 0.561499
260
gcm: 0.581604 0.907533 0.00141684
H: -0.618575 -0.0709134 0.507633
261
gcm: 0.582315 0.91005 0.0116288
H: -1.89209 0.381835 -0.221678
262
gcm: 0.582754 0.911112 0.0215978
H: -1.57257 0.409822 -0.290151
263
gcm: 0.583282 0.912053 0.0317254
H: -0.24412 0.133759 -0.146512
264
gcm: 0.584128 0.913113 0.0417736
H: -0.186637 0.119189 -0.569894
265
gcm: 0.584845 0.913619 0.0518188
H: -0.224227 0.100587 -0.13347
266
gcm: 0.585249 0.913101 0.0621729
H: -1.98024 0.385865 0.194993
267
gcm: 0.585979 0.914035 0.0723456
H: -3.13073 0.444948 -0.246396
268
gcm: 0.58685 0.915828 0.0823748
H: -2.58018 0.486491 -0.0964148
269
gcm: 0.587587 0.916503 0.092388
H: 0.288677 0.209477 0.0452847
270
gcm: 0.587614 0.916829 0.102564
H: 0.859625 -0.141582 -0.16991
271
gcm: 0.587644 0.916213 0.112317
H: -2.00121 0.075484 -0.531623
272
gcm: 0.587992 0.915862 0.12201
H: -2.85088 0.378085 0.07922
273
gcm: 0.588387 0.91582 0.1324
H: -2.99575 0.459385 0.132168
274
gcm: 0.588721 0.915827 0.142073
H: -1.44344 0.192535 -0.177351
275
gcm: 0.589237 0.91532 0.152012
H: 1.29841 0.0411578 -0.100916
276
gcm: 0.589633 0.914824 0.162175
H: 0.170633 0.136331 -0.424459
277
gcm: 0.58966 0.914469 0.171674
H: -1.07118 0.184406 -0.329968
278
gcm: 0.589794 0.914505 0.180966
H: 0.179782 0.0951115 0.256756
279
gcm: 0.590215 0.91486 0.191172
H: 0.0341055 0.297747 0.531329
280
gcm: 0.590569 0.915353 0.201215
H: -1.69716 0.225286 0.408757
281
gcm: 0.590736 0.916064 0.210136
H: -1.72215 -0.103379 0.0919936
282
gcm: 0.590638 0.916885 0.219078
H: -1.47171 0.0213869 -0.0866555
283
gcm: 0.590674 0.917778 0.228967
H: -2.34584 0.284273 -0.0659548
284
gcm: 0.591006 0.918553 0.239256
H: -2.46022 0.157437 0.319719
285
gcm: 0.590964 0.918785 0.248944
H: -2.08106 0.192928 0.365468
286
gcm: 0.590571 0.918488 0.257613
H: -1.82522 0.332695 -0.0734837
287
gcm: 0.591373 0.919337 0.266996
H: -2.01348 0.20886 -0.227155
288
gcm: 0.591595 0.920498 0.276006
H: -0.886551 0.215418 0.120316
289
gcm: 0.591499 0.920336 0.285075
H: -0.786265 0.26278 0.303715
290
gcm: 0.591517 0.920348 0.293794
H: 0.106438 0.322474 0.502996
291
gcm: 0.591603 0.921226 0.302518
H: 0.643197 0.290564 0.622212
292
gcm: 0.591542 0.922592 0.311065
H: -2.36346 0.191263 0.348634
293
gcm: 0.590956 0.923791 0.319426
H: -2.22528 0.191216 -0.475026
294
gcm: 0.590779 0.924194 0.327896
H: 0.0823611 0.323839 -0.594337
295
gcm: 0.591017 0.924248 0.337051
H: 0.116751 0.497631 -0.179918
296
gcm: 0.590811 0.924342 0.345532
H: -1.57752 0.362293 -0.422876
297
gcm: 0.590516 0.924612 0.353403
H: -1.53319 0.143569 -0.193317
298
gcm: 0.590244 0.925622 0.361374
H: -0.790794 0.135563 0.416588
299
gcm: 0.590092 0.926948 0.369475
H: -0.946903 0.119423 0.537384
300
gcm: 0.589708 0.927873 0.377364
H: -1.52632 -0.014007 -1.15485
301
gcm: 0.589311 0.927999 0.385549
H: -1.43627 -0.0241471 -1.52411
302
gcm: 0.589503 0.927622 0.39426
H: -1.91916 -0.015679 -0.991295
303
gcm: 0.589245 0.927493 0.402151
H: -1.31814 -0.123853 -0.473342
304
gcm: 0.588716 0.927008 0.410205
H: -0.988049 -0.210936 -0.827601
305
gcm: 0.587966 0.926054 0.418072
H: -0.163712 -0.0004971 -0.696611
306
gcm: 0.587314 0.924858 0.425508
H: 0.0881409 0.123806 0.119468
307
gcm: 0.586747 0.92372 0.433142
H: -0.673251 0.085856 0.371145
308
gcm: 0.586001 0.922639 0.441405
H: -0.793782 0.190253 0.464982
309
gcm: 0.585063 0.921101 0.449759
H: 1.55614 0.491045 0.246366
310
gcm: 0.583791 0.919804 0.458141
H: 0.860953 0.296525 0.73637
311
gcm: 0.582745 0.918399 0.466542
H: 0.892474 0.346903 1.38394
312
gcm: 0.582467 0.91632 0.47501
H: 0.657465 0.426477 1.39575
313
gcm: 0.582103 0.914146 0.483274
H: -1.08802 0.0639633 0.707526
314
gcm: 0.581266 0.91184 0.491452
H: 1.9494 0.246823 -0.308999
315
gcm: 0.580406 0.909927 0.499933
H: 3.95784 0.872749 1.05389
316
gcm: 0.579545 0.90859 0.508317
H: -1.60496 0.21969 0.985129
317
gcm: 0.578682 0.906529 0.516578
H: 0.559336 -0.0488935 -0.182646
318
gcm: 0.578356 0.904662 0.525331
H: 1.3422 0.0490832 -0.098621
319
gcm: 0.577983 0.903284 0.534831
H: 1.96427 0.237921 0.562915
320
gcm: 0.576512 0.90187 0.544667
H: 1.33869 0.214128 1.24054
321
gcm: 0.57543 0.90095 0.554013
H: 1.67981 0.337111 1.27692
322
gcm: 0.574359 0.899887 0.562939
H: 2.2725 0.215614 0.803214
323
gcm: 0.572918 0.898345 0.571898
H: 1.78566 0.0211704 0.732206
324
gcm: 0.571739 0.897227 0.581002
H: 1.78675 0.237933 0.742786
325
gcm: 0.570885 0.896405 0.590102
H: 3.31032 0.55168 0.0698647
326
gcm: 0.570014 0.895322 0.59876
H: 3.28118 0.461535 -0.313275
327
gcm: 0.569102 0.894156 0.607133
H: 2.79259 0.263535 0.00588945
328
gcm: 0.56815 0.893173 0.615869
H: 2.45059 0.14564 0.0505649
329
gcm: 0.566907 0.8926 0.624858
H: 1.6332 -0.0560914 0.0593467
330
gcm: 0.565849 0.892633 0.633692
H: 1.22599 0.033895 -0.0706903
331
gcm: 0.565838 0.8926 0.643391
H: 0.823904 -0.28187 -0.0241341
332
gcm: 0.565522 0.892646 0.652174
H: 2.51604 0.481044 -0.5433
333
gcm: 0.564899 0.893286 0.660855
H: 2.33462 0.160072 -0.687471
334
gcm: 0.564243 0.894311 0.669589
H: 0.0252401 -0.191072 0.0417044
335
gcm: 0.563821 0.89565 0.678462
H: 2.25886 0.287765 -0.406936
336
gcm: 0.563827 0.897032 0.687638
H: 2.19763 0.455149 -1.05678
337
gcm: 0.563688 0.898347 0.696743
H: 0.575225 0.329609 -0.603136
338
gcm: 0.563259 0.899625 0.705688
H: 0.584532 -0.00276199 -0.222085
339
gcm: 0.563133 0.900793 0.714214
H: 0.125107 -0.140068 -0.322833
340
gcm: 0.562713 0.902051 0.723028
H: 1.16163 0.466793 -0.511404
341
gcm: 0.562938 0.903907 0.732312
H: 1.37829 0.661724 -0.703866
342
gcm: 0.563408 0.906031 0.741465
H: -1.18659 -0.00143595 -0.37497
343
gcm: 0.563926 0.908166 0.749668
H: -0.431837 -0.225918 -0.539966
344
gcm: 0.564072 0.909795 0.756755
H: 1.8594 0.221425 -0.44554
345
gcm: 0.564082 0.910945 0.765172
H: 1.16402 0.162475 -0.129884
346
gcm: 0.565035 0.913155 0.77613
H: -0.0998953 0.174989 -0.384588
347
gcm: 0.565143 0.914508 0.785412
H: 0.773825 0.215801 0.317793
348
gcm: 0.565238 0.915652 0.794228
H: 0.375826 0.0422123 0.529802
349
gcm: 0.564969 0.91678 0.802856
H: -2.06063 -0.242591 -0.19563
350
gcm: 0.564978 0.917872 0.811931
H: -1.0004 -0.0809103 -0.697425
351
gcm: 0.565541 0.919082 0.821707
H: -2.25162 -0.492082 0.1348
352
gcm: 0.566141 0.920559 0.830257
H: 0.402008 0.170705 -0.678478
353
gcm: 0.566661 0.922165 0.838973
H: -0.646989 -0.194237 -0.29038
354
gcm: 0.566803 0.923305 0.847828
H: -1.45846 -0.482574 0.42742
355
gcm: 0.567086 0.923699 0.856662
H: -2.31999 -0.330395 0.139812
356
gcm: 0.567539 0.924185 0.866178
H: -1.60945 -0.134991 -0.262492
357
gcm: 0.567811 0.92465 0.875232
H: -1.25944 -0.447313 0.0912316
358
gcm: 0.568043 0.924497 0.883482
H: -0.903704 -0.394239 0.113762
359
gcm: 0.568531 0.92457 0.892457
H: -0.120887 -0.0115063 -0.255906
360
gcm: 0.569143 0.925027 0.902441
H: -0.802553 -0.192622 -0.442003
361
gcm: 0.56988 0.924877 0.909959
H: -1.84375 -0.603915 -0.0466806
362
gcm: 0.570538 0.924574 0.918193
H: -2.15737 -0.401023 -0.12555
363
gcm: 0.57104 0.924562 0.927209
H: -1.18052 -0.350127 -0.401103
364
gcm: 0.5713 0.924195 0.937289
H: 0.45267 -0.338988 0.322732
365
gcm: 0.571887 0.923895 0.94664
H: 0.482862 -0.0887873 0.639794
366
gcm: 0.572337 0.923771 0.954705
H: -2.78593 -0.167249 0.198929
367
gcm: 0.57272 0.924 0.963423
H: -2.89758 -0.210054 -0.46784
368
gcm: 0.573514 0.924374 0.9723
H: -0.416171 -0.0966019 -1.0934
369
gcm: 0.573983 0.924608 0.980951
H: 0.447851 -0.135406 -0.387983
370
gcm: 0.574163 0.924853 0.989573
H: -1.10395 -0.352716 0.42231
371
gcm: 0.574609 0.925006 0.998104
H: 0.224242 -0.239264 0.309973
372
gcm: 0.575124 0.92525 1.00693
H: 0.0910081 -0.17849 0.341403
373
gcm: 0.575418 0.925893 1.01553
H: -2.56765 -0.256498 -0.14733
374
gcm: 0.57595 0.926989 1.02377
H: -2.14896 -0.3224 -0.0820204
375
gcm: 0.576612 0.927745 1.03229
H: 0.527026 -0.240089 0.314971
376
gcm: 0.576943 0.928445 1.04104
H: -2.51715 -0.298476 0.180272
377
gcm: 0.577317 0.929295 1.04978
H: -2.48702 -0.356992 -0.0339805
378
gcm: 0.577237 0.928902 1.05835
H: -2.71999 -0.258229 -0.0191028
379
gcm: 0.577769 0.928225 1.0657
H: -0.454893 -0.115432 0.431747
380
gcm: 0.577929 0.928016 1.07363
H: -1.66221 -0.0541288 -0.245772
381
gcm: 0.57821 0.928768 1.08207
H: -1.45686 -0.224692 -0.345228
382
gcm: 0.578584 0.929012 1.09003
H: -1.64816 -0.314363 -0.385591
383
gcm: 0.579057 0.929038 1.09748
H: -0.274982 -0.208963 -0.359588
384
gcm: 0.579738 0.929646 1.10579
H: 1.03951 -0.116458 0.380933
385
gcm: 0.580188 0.930596 1.1142
H: 0.591051 -0.207109 0.413944
386
gcm: 0.58028 0.930878 1.1219
H: -0.0769453 -0.174944 0.173389
387
gcm: 0.580751 0.930911 1.13022
H: 0.11791 0.116166 -0.116586
388
gcm: 0.58135 0.931145 1.13893
H: 0.846027 0.0153912 -0.027148
389
gcm: 0.581547 0.931079 1.14674
H: -1.53026 -0.112538 0.681009
390
gcm: 0.581804 0.930442 1.15437
H: -2.71567 0.0776118 0.357135
391
gcm: 0.582071 0.930263 1.16219
H: -2.26557 0.0575084 -0.0396221
392
gcm: 0.582396 0.930833 1.16965
H: 1.35732 -0.297878 0.209505
393
gcm: 0.583363 0.931089 1.17635
H: 2.34547 -0.120572 0.725394
394
gcm: 0.583242 0.930661 1.18389
H: 1.36178 -0.187116 1.06882
395
gcm: 0.583525 0.930083 1.19206
H: -0.670059 0.132831 0.647376
396
gcm: 0.584242 0.929151 1.20009
H: -2.0502 0.313111 0.285565
397
gcm: 0.585156 0.929369 1.20754
H: -0.296768 0.0695363 -0.526599
398
gcm: 0.585639 0.92872 1.21464
H: 1.83557 -0.0574685 0.324286
399
gcm: 0.585768 0.92799 1.22204
H: -0.860243 0.044486 0.315923
400
gcm: 0.586702 0.927058 1.22939
H: -0.76026 -0.0489608 -0.702949
401
gcm: 0.587952 0.926203 1.23718
H: 1.33809 -0.333212 -0.526875
402
gcm: 0.588516 0.924993 1.24508
H: 0.180796 -0.0817463 0.442532
403
gcm: 0.589202 0.92335 1.25296
H: 1.25724 -0.0558826 0.0842365
404
gcm: 0.590312 0.92154 1.26008
H: 1.46952 -0.19561 -0.24921
405
gcm: 0.591303 0.919122 1.26764
H: -1.10096 -0.196166 -0.776312
406
gcm: 0.592348 0.917163 1.27525
H: -0.111968 0.172264 -0.572349
407
gcm: 0.593903 0.915517 1.28309
H: 0.761945 -0.271773 -0.591148
408
gcm: 0.594294 0.913452 1.29139
H: 1.78242 -0.399838 -0.613112
409
gcm: 0.595938 0.911996 1.29798
H: 2.28941 -0.0602484 0.048262
410
gcm: 0.597403 0.911662 1.30601
H: 0.724054 0.0878785 0.669289
411
gcm: 0.598462 0.91227 1.3131
H: 1.82569 -0.0786243 0.300359
412
gcm: 0.600239 0.91182 1.32215
H: 3.14335 -0.236194 0.0765303
413
gcm: 0.602136 0.911323 1.3308
H: 2.43247 -0.211595 0.259433
414
gcm: 0.603732 0.910316 1.33907
H: 3.4628 -0.0596734 -0.248424
415
gcm: 0.605277 0.909308 1.34756
H: 3.7853 -0.299213 -0.295757
416
gcm: 0.60682 0.907779 1.35591
H: 3.10394 -0.185434 -0.320288
417
gcm: 0.608047 0.907594 1.36423
H: 1.16747 -0.534928 -0.446517
418
gcm: 0.608732 0.9072 1.37113
H: 2.20113 -0.666186 -0.00278766
419
gcm: 0.609895 0.906636 1.37986
H: 1.80684 -0.0389767 -0.4104
420
gcm: 0.61169 0.90642 1.38789
H: 1.10903 0.0492428 -0.225395
421
gcm: 0.61308 0.906627 1.39585
H: 1.67171 -0.41133 0.5783
422
gcm: 0.614079 0.907944 1.40421
H: 3.55389 -0.805578 0.588341
423
gcm: 0.615991 0.909051 1.41193
H: 0.476084 0.240711 -0.463794
424
gcm: 0.617508 0.910068 1.42022
H: -1.91515 0.481245 -0.0766999
425
gcm: 0.61919 0.91102 1.43094
H: 2.14314 -0.386082 0.175446
426
gcm: 0.62079 0.912462 1.43979
H: 1.51804 -0.352964 -0.379637
427
gcm: 0.622204 0.914063 1.44768
H: -1.02569 0.258569 -0.862891
428
gcm: 0.623212 0.915427 1.45484
H: 1.36915 -0.287589 0.168238
429
gcm: 0.624144 0.917002 1.4617
H: 3.08417 -0.83807 1.02059
430
gcm: 0.625522 0.918746 1.46953
H: 1.58243 -0.731413 1.45353
431
gcm: 0.626886 0.92048 1.47916
H: -1.90828 0.219976 0.0164107
432
gcm: 0.627476 0.922149 1.48513
H: -0.380692 -0.0413482 0.101457
433
gcm: 0.62889 0.923474 1.49751
H: 1.20567 -0.314032 0.181502
434
gcm: 0.628916 0.923172 1.50592
H: -1.1757 0.200233 -0.0453888
435
gcm: 0.631523 0.927278 1.51747
H: -0.269744 -0.152535 -0.31601
436
gcm: 0.633052 0.929115 1.5279
H: -0.92201 -0.191969 0.415709
437
gcm: 0.632078 0.929884 1.53637
H: -0.815182 0.0554638 0.953437
438
gcm: 0.631967 0.930813 1.54316
H: -1.62932 0.119385 0.713006
439
gcm: 0.634111 0.933066 1.55568
H: -2.37023 -0.000730818 -0.147325
440
gcm: 0.63418 0.933934 1.56265
H: -0.0301045 -0.320999 0.530346
441
gcm: 0.637068 0.937474 1.57255
H: -1.26209 0.10024 -0.17594
442
gcm: 0.638591 0.939108 1.58478
H: -1.27421 0.408561 -1.12924
443
gcm: 0.638943 0.941124 1.5971
H: -1.02373 0.50548 -0.737482
444
gcm: 0.638635 0.940646 1.60238
H: -2.36843 0.283917 0.358157
445
gcm: 0.638713 0.943141 1.61262
H: 0.960473 0.0384157 -0.539133
446
gcm: 0.638996 0.943377 1.62237
H: -3.26705 0.586442 0.297676
447
gcm: 0.640339 0.943218 1.63397
H: -2.79444 0.409637 0.318919
448
gcm: 0.64099 0.943593 1.64333
H: -1.86388 0.4421 -0.358292
449
gcm: 0.641061 0.944158 1.65151
H: -1.60414 0.432885 -0.370723
450
gcm: 0.642005 0.944803 1.66341
H: -1.59001 0.504356 -0.691834
451
gcm: 0.642953 0.945259 1.67367
H: -1.12585 0.109172 -0.16054
452
gcm: 0.643439 0.945822 1.68363
H: -0.0399505 0.0343504 0.0568242
453
gcm: 0.643619 0.946492 1.69374
H: -0.225438 0.273251 0.0465939
454
gcm: 0.643767 0.946397 1.70307
H: -1.59956 0.308856 0.134335
455
gcm: 0.644328 0.945664 1.71261
H: -1.6723 0.281505 -0.161488
456
gcm: 0.644724 0.944757 1.72247
H: -0.88322 0.240257 0.283513
457
gcm: 0.644795 0.944194 1.7316
H: 0.710429 -0.0117803 -0.0704628
458
gcm: 0.645469 0.943877 1.74162
H: -0.364324 0.315413 0.22815
459
gcm: 0.645731 0.944391 1.75257
H: -2.31441 0.449142 -0.231998
460
gcm: 0.645453 0.945402 1.76056
H: -1.27171 0.228302 -0.723482
461
gcm: 0.646029 0.94583 1.76959
H: -0.473693 0.261559 0.20987
462
gcm: 0.646297 0.946809 1.77934
H: -0.0736967 0.248658 0.379803
463
gcm: 0.646104 0.948009 1.78894
H: -0.0681323 0.213126 0.60323
464
gcm: 0.646558 0.94791 1.79851
H: -1.07877 -0.156562 0.579056
465
gcm: 0.646747 0.947815 1.80718
H: -1.73596 0.124227 0.245428
466
gcm: 0.64648 0.948151 1.81684
H: -2.35287 0.0529185 0.144028
467
gcm: 0.646732 0.94987 1.8238
H: -0.709196 0.0332184 -0.611649
468
gcm: 0.647358 0.950719 1.83373
H: 0.0886475 0.163148 0.121233
469
gcm: 0.647579 0.95015 1.84163
H: -0.634506 0.197471 0.204051
470
gcm: 0.646944 0.950516 1.85095
H: -2.52203 0.335358 0.200233
471
gcm: 0.646793 0.951733 1.86071
H: -1.35834 0.344747 0.0431819
472
gcm: 0.647138 0.952166 1.87018
H: -0.528132 -0.0557502 0.351432
473
gcm: 0.647084 0.952575 1.87822
H: -0.788742 0.259441 0.36754
474
gcm: 0.647202 0.95367 1.88522
H: 0.575276 0.0929057 -0.501799
475
gcm: 0.647539 0.954596 1.89326
H: -0.0481894 0.268464 -0.387583
476
gcm: 0.647372 0.954293 1.90213
H: -0.873689 0.341668 0.345091
477
gcm: 0.646777 0.953238 1.91247
H: -1.82651 0.340871 1.12024
478
gcm: 0.646781 0.953961 1.91974
H: -0.730887 0.0580049 0.733327
479
gcm: 0.646607 0.954613 1.92751
H: 0.763204 0.126387 0.15574
480
gcm: 0.646417 0.954929 1.93522
H: -1.43189 0.164508 -0.0471571
481
gcm: 0.646535 0.955006 1.9427
H: -2.11446 0.109062 -0.828156
482
gcm: 0.646814 0.95497 1.9502
H: -0.246775 0.318349 0.442407
483
gcm: 0.646867 0.954734 1.95837
H: -1.23964 -0.0144422 0.599816
484
gcm: 0.646256 0.95431 1.96739
H: -1.73811 0.087874 -0.409304
485
gcm: 0.645728 0.954111 1.97511
H: -1.05242 -0.124329 -0.316476
486
gcm: 0.64582 0.954124 1.98117
H: -1.38723 -0.0606877 -0.208714
487
gcm: 0.645754 0.953731 1.9881
H: -0.931782 0.13661 -0.00120896
488
gcm: 0.645216 0.952922 1.99496
H: -0.837955 -0.0505201 0.22266
489
gcm: 0.64438 0.951859 2.00194
H: -0.920265 0.0168792 0.499109
490
gcm: 0.644158 0.950912 2.00996
H: 0.967396 0.370179 -0.00135844
491
gcm: 0.644164 0.949712 2.01794
H: 0.353828 -0.0241523 -0.30774
492
gcm: 0.643701 0.947562 2.0254
H: 0.165702 -0.07316 -0.685628
493
gcm: 0.642765 0.946223 2.03391
H: -2.13371 -0.334831 0.00448274
494
gcm: 0.640989 0.943642 2.04117
H: -1.31927 -0.140933 0.0324119
495
gcm: 0.639749 0.94242 2.04926
H: -0.887408 0.128211 0.517273
496
gcm: 0.63914 0.940978 2.05647
H: 0.448764 0.209149 -0.10838
497
gcm: 0.638033 0.938893 2.06479
H: 0.934316 0.119893 -0.414496
498
gcm: 0.636782 0.934829 2.07097
H: -0.929976 -0.145643 0.303532
499
gcm: 0.634856 0.932932 2.07755
H: 0.166507 -0.155617 -0.263829
500
gcm: 0.633353 0.931106 2.08496
H: 0.93781 0.250391 -0.154562
501
gcm: 0.632713 0.927818 2.0926
H: 1.28833 0.253347 -0.360638
502
gcm: 0.632326 0.924976 2.09983
H: 0.435315 -0.118534 -0.179515
503
gcm: 0.631225 0.924504 2.10801
H: 0.00492431 -0.202193 0.0683962
504
gcm: 0.629286 0.924457 2.11569
H: -0.161793 -0.147269 0.235975
505
gcm: 0.628362 0.923164 2.12304
H: 0.172263 -0.0739535 -0.26438
506
gcm: 0.626274 0.922454 2.13137
H: 0.109228 -0.0498405 -0.442478
507
gcm: 0.624771 0.921041 2.13924
H: -0.14724 -0.0509212 0.217006
508
gcm: 0.624178 0.919991 2.1467
H: 0.134851 -0.0167777 0.0509545
509
gcm: 0.62227 0.919697 2.15429
H: 0.469841 0.00552284 -0.213839
510
gcm: 0.621076 0.919459 2.16201
H: 2.40804 0.313136 -0.341569
511
gcm: 0.619008 0.918764 2.16954
H: 1.6201 0.69018 -0.146383
512
gcm: 0.61756 0.917957 2.17557
H: 1.51613 0.158179 -0.775639
513
gcm: 0.616196 0.917727 2.18057
H: 0.73333 -0.296811 -0.469023
514
gcm: 0.616005 0.917574 2.18867
H: 2.20708 0.590727 -0.451619
515
gcm: 0.614005 0.917351 2.19595
H: 2.67767 0.656478 -1.16523
516
gcm: 0.61415 0.916934 2.20762
H: 1.1257 0.0745192 0.267322
516
gcm: 0.61415 0.916934 2.20762
H: 0 0 0
