:metadata
 
Skeleton: /Network/Servers/duerer/Volumes/duerer/laturnus/workspace/new_acm/asf/07-walk.asf
Motion: /Network/Servers/duerer/Volumes/duerer/laturnus/workspace/new_acm/amc/07_02-walk.amc
Mass Distribution: /Network/Servers/duerer/Volumes/duerer/laturnus/workspace/new_acm/amd/pointmass.amd
 
Inital skeleton translation: 0 0 0
Initial skeleton rotation: 0 0 0
 
:data
1
gcm: 0.520299 0.860126 -1.94866
H: 1.20909 0.334088 -0.476812
2
gcm: 0.520404 0.86097 -1.94015
H: 1.58781 0.340378 0.0403833
3
gcm: 0.520016 0.861539 -1.93202
H: 3.21124 0.593446 -0.279223
4
gcm: 0.518465 0.862039 -1.92443
H: 4.3981 0.767644 -1.31045
5
gcm: 0.517118 0.86335 -1.91674
H: 3.40024 0.521728 -1.01497
6
gcm: 0.516437 0.864781 -1.90888
H: 3.29828 0.607198 -0.709773
7
gcm: 0.515797 0.865612 -1.90092
H: 2.59088 0.579921 -1.04728
8
gcm: 0.514845 0.866507 -1.89292
H: 1.31892 0.318223 -1.12407
9
gcm: 0.514146 0.868107 -1.88459
H: 1.01107 0.252779 -0.750549
10
gcm: 0.51411 0.869752 -1.87572
H: -1.10492 -0.338409 0.205097
11
gcm: 0.514067 0.87083 -1.86739
H: -2.19404 -0.767983 0.760867
12
gcm: 0.513764 0.871798 -1.85976
H: 0.0307727 -0.0845375 -0.303692
13
gcm: 0.51366 0.872896 -1.85125
H: 1.11581 0.308387 -0.544584
14
gcm: 0.51377 0.874022 -1.84211
H: 1.26466 0.233021 0.0644311
15
gcm: 0.513738 0.874645 -1.83343
H: 1.6032 0.316367 -0.246155
16
gcm: 0.513547 0.874858 -1.8251
H: 0.63669 0.147183 -0.499088
17
gcm: 0.513187 0.875296 -1.81666
H: -1.62307 -0.223524 -0.497
18
gcm: 0.512207 0.875841 -1.80804
H: -2.79902 -0.285439 -0.480704
19
gcm: 0.512675 0.876198 -1.7988
H: -0.493824 -0.276904 -0.189136
20
gcm: 0.51305 0.876356 -1.78993
H: 0.784095 -0.181614 -0.296638
21
gcm: 0.513252 0.87622 -1.7812
H: -0.68649 -0.374348 -0.0720974
22
gcm: 0.513148 0.876135 -1.77204
H: -0.589578 -0.331213 0.471156
23
gcm: 0.513032 0.87629 -1.76254
H: -1.03254 -0.233706 -0.043239
24
gcm: 0.512976 0.876346 -1.75332
H: -1.03206 -0.206273 -0.611482
25
gcm: 0.512887 0.875707 -1.74434
H: 0.0368015 -0.12346 0.104769
26
gcm: 0.512839 0.874568 -1.73474
H: -0.256692 -0.0802391 0.48674
27
gcm: 0.512548 0.873778 -1.72492
H: -0.610664 0.0661226 -0.82323
28
gcm: 0.51206 0.873269 -1.71584
H: -0.0317574 0.113989 -1.0144
29
gcm: 0.512171 0.872451 -1.70684
H: -2.57794 -0.42348 1.0653
30
gcm: 0.512505 0.871444 -1.69722
H: -4.36287 -0.616483 1.75337
31
gcm: 0.512691 0.871835 -1.68612
H: -3.07804 -1.57475 -0.655751
32
gcm: 0.51284 0.872873 -1.6769
H: -1.88164 -0.00321715 -0.467983
33
gcm: 0.513395 0.873104 -1.66775
H: -1.43143 -0.418896 -0.0588375
34
gcm: 0.513813 0.872713 -1.65812
H: 0.667414 -0.34714 -0.135861
35
gcm: 0.513992 0.873087 -1.64827
H: -0.932586 0.00372331 0.255586
36
gcm: 0.513831 0.873394 -1.63867
H: -3.46812 -0.0347735 1.10506
37
gcm: 0.513986 0.87382 -1.62895
H: -1.15922 -0.071365 0.213452
38
gcm: 0.514717 0.874848 -1.6192
H: 0.737958 -0.168469 -0.1897
39
gcm: 0.515082 0.875606 -1.60963
H: -0.0467976 -0.325791 0.422702
40
gcm: 0.515055 0.875762 -1.60015
H: -1.56958 -0.26911 0.334811
41
gcm: 0.515244 0.876084 -1.59066
H: -2.37354 -0.178278 0.28114
42
gcm: 0.515413 0.876709 -1.58112
H: 1.17183 -0.264897 -0.392522
43
gcm: 0.515396 0.877288 -1.57149
H: 2.56893 -0.377223 -0.607834
44
gcm: 0.51553 0.878259 -1.56191
H: -2.85523 -0.153145 -0.243306
45
gcm: 0.515789 0.879353 -1.55259
H: -3.5623 -0.0828053 -0.739372
46
gcm: 0.515952 0.880194 -1.54361
H: -1.64587 -0.244809 -0.240011
47
gcm: 0.516089 0.880979 -1.53468
H: -1.84101 -0.216812 0.406701
48
gcm: 0.516401 0.881782 -1.5257
H: 1.01683 -0.0766383 -0.430266
49
gcm: 0.516789 0.882472 -1.51706
H: 2.43711 0.0886848 -0.481428
50
gcm: 0.517172 0.883033 -1.50852
H: -1.59129 0.23046 0.95066
51
gcm: 0.517517 0.883331 -1.49987
H: -3.80105 0.294478 1.07516
52
gcm: 0.517646 0.883313 -1.49158
H: -0.628182 0.148027 0.278026
53
gcm: 0.51805 0.883733 -1.48418
H: 0.73754 -0.181006 0.245219
54
gcm: 0.518854 0.883694 -1.47449
H: 4.4232 -0.416451 -2.34134
55
gcm: 0.519769 0.882584 -1.46488
H: -1.69918 0.199004 1.48292
56
gcm: 0.520157 0.881464 -1.45648
H: 0.866293 -0.170892 -0.0441724
57
gcm: 0.520502 0.881047 -1.44849
H: 1.71857 -0.322416 -0.0540334
58
gcm: 0.520862 0.880203 -1.44037
H: 0.942093 -0.209803 0.0710664
59
gcm: 0.521434 0.879219 -1.43206
H: 1.31037 -0.174594 -0.237998
60
gcm: 0.522382 0.879443 -1.42353
H: 3.57863 -0.125088 -0.0581609
61
gcm: 0.523457 0.879355 -1.41482
H: 5.79172 -0.285335 0.0102988
62
gcm: 0.524344 0.879705 -1.40666
H: 1.72984 -0.110935 -1.55518
63
gcm: 0.525671 0.880513 -1.39824
H: -0.854427 0.0223868 0.620563
64
gcm: 0.527041 0.880734 -1.38949
H: 2.50563 -0.485854 0.0968554
65
gcm: 0.528718 0.88075 -1.38009
H: -0.922118 0.128679 -1.34668
66
gcm: 0.530196 0.881037 -1.37062
H: 5.12274 -0.785789 -0.388527
67
gcm: 0.531935 0.881234 -1.36116
H: 4.34143 -0.782102 0.0978797
68
gcm: 0.533863 0.881341 -1.35238
H: 2.06518 -0.315196 -0.203924
69
gcm: 0.535475 0.881417 -1.34385
H: 2.66878 -0.33554 0.0357576
70
gcm: 0.536715 0.883006 -1.33515
H: 2.47642 -0.532284 0.555761
71
gcm: 0.537929 0.883433 -1.32678
H: 0.73656 -0.447307 0.400646
72
gcm: 0.53939 0.883671 -1.31857
H: 1.18214 -0.571665 0.268488
73
gcm: 0.54092 0.883947 -1.31009
H: 2.53652 -0.465458 -0.0795181
74
gcm: 0.542223 0.885096 -1.30119
H: 1.79698 -0.144708 -0.273469
75
gcm: 0.543403 0.886584 -1.29228
H: 2.02497 -0.405196 0.750852
76
gcm: 0.544499 0.887884 -1.28347
H: 3.91343 -0.953514 1.34306
77
gcm: 0.545452 0.889105 -1.27439
H: 1.41488 -0.554345 0.453867
78
gcm: 0.546433 0.889654 -1.26523
H: -1.94071 0.244218 -0.0736217
79
gcm: 0.547424 0.889876 -1.25619
H: -3.72162 0.804333 -0.708077
80
gcm: 0.548011 0.89087 -1.24697
H: -0.61291 0.105771 0.32546
81
gcm: 0.548776 0.892618 -1.23778
H: -1.52987 0.222904 -0.117815
82
gcm: 0.54986 0.893843 -1.22857
H: -0.355889 -0.17109 0.0181117
83
gcm: 0.550884 0.894614 -1.21894
H: 1.98443 -0.651621 0.725936
84
gcm: 0.55165 0.894979 -1.20938
H: 2.41116 -0.370396 0.560348
85
gcm: 0.552064 0.894875 -1.20051
H: 0.997942 0.524988 -0.16235
86
gcm: 0.552288 0.895463 -1.19114
H: -0.494327 0.365506 -0.160852
87
gcm: 0.552773 0.896262 -1.1814
H: 0.167084 0.106877 0.0406287
88
gcm: 0.553244 0.897025 -1.17223
H: 0.261495 0.0394766 0.30383
89
gcm: 0.553305 0.897705 -1.16305
H: -2.6504 0.561465 -0.0925376
90
gcm: 0.553361 0.897942 -1.15293
H: -3.5349 0.478034 0.023042
91
gcm: 0.553911 0.898336 -1.14226
H: -1.1967 -0.277236 0.813306
92
gcm: 0.554471 0.898812 -1.13211
H: -0.314622 0.389141 -0.205232
93
gcm: 0.554449 0.899162 -1.12272
H: -0.468613 0.294764 -0.364088
94
gcm: 0.554295 0.899109 -1.11358
H: 2.4008 -0.453614 1.24495
95
gcm: 0.554706 0.898965 -1.10411
H: -6.75387 1.31999 -1.88175
96
gcm: 0.555292 0.898463 -1.09448
H: -2.4902 0.526616 -0.571118
97
gcm: 0.555614 0.897279 -1.08477
H: 0.73191 0.0559318 0.184078
98
gcm: 0.555545 0.897357 -1.0747
H: -0.383387 0.296055 -0.0931486
99
gcm: 0.555451 0.89709 -1.06487
H: -1.48576 0.705731 -0.0567456
100
gcm: 0.555878 0.895979 -1.0553
H: -1.24227 -0.02453 0.242384
101
gcm: 0.556487 0.895441 -1.0452
H: -1.97587 0.192398 0.452215
102
gcm: 0.556616 0.895213 -1.03557
H: -1.18104 0.308747 0.164148
103
gcm: 0.556413 0.894946 -1.02591
H: 0.0812615 0.638315 -0.284741
104
gcm: 0.55604 0.89469 -1.01646
H: -0.387613 -0.0917106 -0.477023
105
gcm: 0.556087 0.894821 -1.00665
H: -1.67642 -0.144685 0.298765
106
gcm: 0.556238 0.895834 -0.996681
H: -2.29592 0.196105 0.430326
107
gcm: 0.555823 0.896931 -0.98685
H: -2.41129 0.391296 -0.147575
108
gcm: 0.555653 0.896957 -0.97707
H: -1.256 0.353617 -0.97813
109
gcm: 0.555703 0.897156 -0.967268
H: -1.18305 0.162679 -0.63996
110
gcm: 0.555276 0.89874 -0.957431
H: -2.57256 0.0244058 0.446131
111
gcm: 0.554936 0.899761 -0.947255
H: -2.77499 1.12222 0.84625
112
gcm: 0.554711 0.899211 -0.93865
H: -0.345452 -0.535668 0.0736561
113
gcm: 0.554664 0.899792 -0.929552
H: -0.141615 -0.0167434 0.303034
114
gcm: 0.554783 0.901461 -0.920251
H: -0.326543 0.125337 -0.1292
115
gcm: 0.554634 0.902369 -0.911412
H: -0.596168 0.0662624 0.123563
116
gcm: 0.554408 0.902764 -0.902631
H: -1.68537 0.181644 0.511138
117
gcm: 0.554316 0.903743 -0.893692
H: -2.08228 0.118677 -0.206858
118
gcm: 0.554339 0.904834 -0.885007
H: -0.374669 0.17768 -0.555165
119
gcm: 0.554332 0.90563 -0.876051
H: -0.145083 0.258002 -0.0277146
120
gcm: 0.554422 0.907144 -0.86717
H: -3.25944 0.049025 -0.272589
121
gcm: 0.554299 0.908614 -0.85803
H: -4.75613 -0.222978 -0.541655
122
gcm: 0.553821 0.909209 -0.848892
H: -3.16739 -0.201695 -0.921215
123
gcm: 0.553866 0.909568 -0.839937
H: -0.172918 0.18566 -0.064347
124
gcm: 0.554486 0.909339 -0.831514
H: 0.0246825 -0.0998226 0.0824945
125
gcm: 0.553933 0.908438 -0.823307
H: -1.74637 -0.69353 -0.710671
126
gcm: 0.553329 0.907085 -0.814675
H: -1.07477 0.0954652 -0.237613
127
gcm: 0.552838 0.905971 -0.806433
H: -0.604533 0.249681 0.00720819
128
gcm: 0.552286 0.905035 -0.798087
H: -0.765427 0.0617416 0.84536
129
gcm: 0.551496 0.90379 -0.789779
H: 0.946993 0.304198 1.73734
130
gcm: 0.550629 0.902366 -0.7817
H: 2.20357 0.481289 1.52904
131
gcm: 0.549992 0.901054 -0.773812
H: 1.94772 0.355427 1.01399
132
gcm: 0.549596 0.899776 -0.766249
H: 1.05529 -0.0376516 0.607991
133
gcm: 0.54933 0.898284 -0.758427
H: 0.0880136 -0.046311 0.334247
134
gcm: 0.548797 0.895968 -0.750359
H: -1.54813 -0.0278297 0.454522
135
gcm: 0.547713 0.894213 -0.742298
H: 1.07056 0.0549266 0.626067
136
gcm: 0.546626 0.893852 -0.73405
H: 3.04817 0.222583 0.0898814
137
gcm: 0.545991 0.893695 -0.725821
H: 0.878506 -0.0321425 0.393355
138
gcm: 0.545761 0.893133 -0.71738
H: 1.6577 0.11238 0.957901
139
gcm: 0.545083 0.891753 -0.708819
H: 1.39984 0.0796222 0.452338
140
gcm: 0.543904 0.890192 -0.700604
H: 0.102614 -0.181813 0.342796
141
gcm: 0.543056 0.889634 -0.692769
H: 1.72018 0.19394 -0.266282
142
gcm: 0.542056 0.889571 -0.685095
H: 3.68411 0.495499 -0.480497
143
gcm: 0.540655 0.889034 -0.676081
H: 4.20917 0.317471 1.14577
144
gcm: 0.539781 0.889056 -0.667396
H: 3.11845 0.431603 0.894396
145
gcm: 0.539097 0.888471 -0.659014
H: 2.12987 0.285904 0.220273
146
gcm: 0.539167 0.888089 -0.650761
H: 3.67712 0.279965 -1.01163
147
gcm: 0.538846 0.887798 -0.642159
H: 5.69811 0.483914 -0.679242
148
gcm: 0.537841 0.887943 -0.634224
H: 3.78484 0.301225 -0.378723
149
gcm: 0.536867 0.88893 -0.626994
H: 1.87115 -1.06197 -1.42565
150
gcm: 0.536373 0.889866 -0.618029
H: 2.51839 1.6433 -0.58788
151
gcm: 0.535933 0.891406 -0.60976
H: 4.23877 0.86811 -0.816452
152
gcm: 0.535317 0.89317 -0.599975
H: -0.316355 1.77962 0.438849
153
gcm: 0.534598 0.894391 -0.591301
H: 0.110639 -0.355041 0.321498
154
gcm: 0.534095 0.895413 -0.58298
H: 1.53798 0.0934716 0.0368672
155
gcm: 0.533979 0.897032 -0.57488
H: -0.618267 -0.948078 0.236252
156
gcm: 0.533592 0.898932 -0.566037
H: 1.95655 0.567044 -0.68084
157
gcm: 0.533255 0.899844 -0.557257
H: 10.259 2.39221 -3.11044
158
gcm: 0.533183 0.90096 -0.548265
H: -10.1559 -2.52049 2.65851
159
gcm: 0.532825 0.901773 -0.539867
H: 3.33431 0.739678 -1.25776
160
gcm: 0.532872 0.902847 -0.530781
H: -5.1103 -1.20648 1.67338
161
gcm: 0.533631 0.904083 -0.521308
H: -0.543513 0.27987 -0.25168
162
gcm: 0.534268 0.904824 -0.512537
H: 6.14082 1.8943 -3.09601
163
gcm: 0.534115 0.905512 -0.50431
H: -5.6004 -1.29284 0.726331
164
gcm: 0.534037 0.906068 -0.495541
H: -2.60717 -0.700281 0.0470374
165
gcm: 0.534401 0.906235 -0.486522
H: -1.22951 -0.0093443 -0.17668
166
gcm: 0.534566 0.906697 -0.477833
H: -0.395266 0.112357 -0.0563798
167
gcm: 0.534694 0.907846 -0.469086
H: 0.987717 -0.162798 -0.520242
168
gcm: 0.534896 0.909079 -0.46
H: 1.09585 -0.12458 -0.650994
169
gcm: 0.534912 0.909007 -0.451027
H: 1.42309 -0.00370988 0.15881
170
gcm: 0.535012 0.908131 -0.442291
H: 1.2292 -0.120375 0.539558
171
gcm: 0.535272 0.907674 -0.433144
H: -1.20547 -0.17809 0.0329048
172
gcm: 0.535535 0.907825 -0.423718
H: -1.42764 -0.16303 -0.205365
173
gcm: 0.536004 0.907873 -0.414149
H: -2.16042 -0.43913 -0.134413
174
gcm: 0.536491 0.907505 -0.40462
H: -1.41367 -0.213461 -1.109
175
gcm: 0.536757 0.907047 -0.395552
H: 1.2068 0.107574 -1.30138
176
gcm: 0.536879 0.907095 -0.386515
H: -2.95513 -0.689852 1.28235
177
gcm: 0.537384 0.907409 -0.376771
H: 3.30611 0.580233 -2.39039
178
gcm: 0.536695 0.903567 -0.368585
H: -8.20531 -0.879112 1.84414
179
gcm: 0.537761 0.90666 -0.358432
H: -4.25528 -0.755979 0.256533
180
gcm: 0.538478 0.907758 -0.348947
H: 1.07932 -0.0737573 -0.559276
181
gcm: 0.538905 0.908225 -0.339732
H: 5.61792 0.229469 -1.30427
182
gcm: 0.539212 0.910244 -0.330468
H: 1.78131 -0.26335 -0.6177
183
gcm: 0.539583 0.911955 -0.321272
H: -6.18357 -0.722421 1.5401
184
gcm: 0.540271 0.911773 -0.312407
H: -4.91543 -0.504917 1.47145
185
gcm: 0.540925 0.911843 -0.303454
H: -1.61413 -0.380417 -0.0771191
186
gcm: 0.541283 0.913162 -0.294036
H: -2.16104 -0.470078 -0.482421
187
gcm: 0.541656 0.914475 -0.284646
H: -2.09864 -0.459166 0.0535126
188
gcm: 0.541791 0.915459 -0.275567
H: -2.15619 -0.364295 0.245147
189
gcm: 0.542033 0.915766 -0.26624
H: -0.133359 -0.253889 -0.492799
190
gcm: 0.542413 0.915219 -0.256995
H: 1.64604 -0.268548 -0.818543
191
gcm: 0.542497 0.91549 -0.248737
H: -1.32516 -0.317171 -0.417141
192
gcm: 0.542696 0.916328 -0.240342
H: -1.19469 -0.477262 0.172946
193
gcm: 0.543038 0.916963 -0.231383
H: 0.0660585 -0.501185 0.00489657
194
gcm: 0.543336 0.917587 -0.222536
H: -3.26264 -0.081816 -0.112254
195
gcm: 0.54386 0.918026 -0.213871
H: -3.86518 0.111263 1.23067
196
gcm: 0.544555 0.918864 -0.205269
H: -1.10429 -0.0634982 0.757388
197
gcm: 0.545218 0.920158 -0.196905
H: -1.87399 -0.103924 -0.180115
198
gcm: 0.545789 0.920848 -0.188808
H: -2.42762 0.00850007 0.719895
199
gcm: 0.546198 0.920971 -0.180755
H: 0.186403 -0.0241456 -0.0231816
200
gcm: 0.546941 0.920985 -0.172399
H: 1.32722 -0.202666 -0.198758
201
gcm: 0.547696 0.921364 -0.164383
H: 2.09051 -0.256193 0.266565
202
gcm: 0.548031 0.921326 -0.156743
H: -0.156017 0.246145 0.111439
203
gcm: 0.549181 0.921304 -0.149017
H: -0.695671 0.331683 0.444942
204
gcm: 0.550178 0.921336 -0.140878
H: 0.689439 -0.0790591 0.392337
205
gcm: 0.551201 0.920906 -0.132394
H: 0.17582 -0.0990473 0.00129438
206
gcm: 0.552222 0.919687 -0.123955
H: 2.25954 -0.193856 -0.0789446
207
gcm: 0.552905 0.9181 -0.116089
H: 3.21943 -0.244087 0.0992005
208
gcm: 0.553793 0.916084 -0.108271
H: 1.71397 -0.0849426 -0.705608
209
gcm: 0.554839 0.915327 -0.100269
H: 2.34168 -0.0272744 -0.921311
210
gcm: 0.555901 0.916234 -0.0918425
H: 2.28891 0.0134569 -0.308508
211
gcm: 0.557124 0.916958 -0.0829467
H: -0.17714 -0.0403392 -0.0955767
212
gcm: 0.558499 0.917288 -0.0742015
H: 1.60431 -0.443362 0.243876
213
gcm: 0.560206 0.916977 -0.0655638
H: 4.25574 -0.702051 0.732752
214
gcm: 0.561711 0.91635 -0.0572121
H: 1.54929 0.0431211 0.355313
215
gcm: 0.563751 0.9161 -0.0482319
H: 0.79066 0.126468 -0.95572
216
gcm: 0.565761 0.916388 -0.0390394
H: 1.38404 -0.112961 -1.01495
217
gcm: 0.567194 0.91663 -0.0305882
H: 3.98676 -0.741843 -1.05835
218
gcm: 0.569351 0.916532 -0.0219601
H: 3.31735 -0.639975 -0.131144
219
gcm: 0.570827 0.916555 -0.0138885
H: 2.17381 -0.099727 0.00857352
220
gcm: 0.57212 0.916695 -0.0054421
H: 3.14797 -0.656218 0.182729
221
gcm: 0.573867 0.91669 0.00334335
H: 2.48768 -0.591265 1.20372
222
gcm: 0.575429 0.916485 0.0123543
H: 0.881202 -0.158712 0.754418
223
gcm: 0.576703 0.917089 0.021186
H: 2.57217 -0.300545 -0.267922
224
gcm: 0.578189 0.918063 0.0299485
H: 3.43639 -0.571469 -0.421017
225
gcm: 0.579859 0.918836 0.0386402
H: 2.33002 -0.310422 -0.513197
226
gcm: 0.58147 0.919932 0.0474887
H: 3.59727 -0.488874 -0.0188464
227
gcm: 0.582805 0.920778 0.0566508
H: 3.59871 -0.567585 0.187487
228
gcm: 0.583999 0.921678 0.0655657
H: -0.459043 0.164632 -0.699932
229
gcm: 0.585276 0.922129 0.0743643
H: -1.98193 0.398895 -0.986482
230
gcm: 0.586445 0.92197 0.0836622
H: 1.17064 -0.597083 1.07272
231
gcm: 0.587787 0.922922 0.0931517
H: -0.200812 -0.533364 1.78114
232
gcm: 0.588742 0.924941 0.102361
H: 0.411259 -0.397797 1.64387
233
gcm: 0.589233 0.92621 0.111492
H: 0.657518 -0.063258 0.292725
234
gcm: 0.589309 0.926944 0.120409
H: -1.42873 0.0982619 0.171289
235
gcm: 0.590062 0.927044 0.13045
H: -2.2204 0.261624 0.583011
236
gcm: 0.590721 0.926727 0.140406
H: -2.48572 0.746291 -0.666367
237
gcm: 0.590981 0.926559 0.149892
H: -2.22953 0.757777 -1.29577
238
gcm: 0.591204 0.927043 0.15931
H: 0.953398 -0.195361 0.359306
239
gcm: 0.591749 0.927689 0.169274
H: 1.43784 -0.502991 1.30513
240
gcm: 0.592059 0.928054 0.178868
H: -0.98136 0.0178768 0.502904
241
gcm: 0.592087 0.927837 0.188255
H: -1.27957 0.261863 -0.551352
242
gcm: 0.592098 0.927275 0.198855
H: -1.81552 0.721317 -0.274883
243
gcm: 0.592421 0.926784 0.209164
H: -1.49481 0.23951 1.02
244
gcm: 0.592938 0.926634 0.218676
H: 1.00909 -0.0842518 1.38479
245
gcm: 0.593329 0.92677 0.228653
H: 0.0142873 0.143131 0.718371
246
gcm: 0.593486 0.92633 0.238523
H: -2.23248 0.178729 -0.102858
247
gcm: 0.593519 0.925338 0.247858
H: -1.05846 0.178576 -0.72433
248
gcm: 0.593546 0.923675 0.25788
H: -1.73099 0.240606 -0.296498
249
gcm: 0.593465 0.923051 0.268612
H: -3.42346 0.22608 0.774039
250
gcm: 0.593255 0.92289 0.279379
H: -1.66539 0.349199 0.56976
251
gcm: 0.593097 0.922016 0.289938
H: -1.38039 0.59809 -0.43605
252
gcm: 0.593336 0.920739 0.299637
H: -2.6646 0.410002 -0.621476
253
gcm: 0.593089 0.920074 0.309737
H: -1.77975 0.122646 0.084699
254
gcm: 0.593047 0.919302 0.319928
H: 0.473871 0.0785616 0.525639
255
gcm: 0.593065 0.918702 0.330021
H: 0.286928 0.254163 0.0467748
256
gcm: 0.592874 0.918922 0.340438
H: -2.92349 0.390748 -0.949999
257
gcm: 0.592167 0.91885 0.350652
H: 0.340283 0.124141 0.551733
258
gcm: 0.591914 0.918827 0.360651
H: -2.70602 0.396049 0.608847
259
gcm: 0.591119 0.919604 0.370429
H: -0.550662 0.279395 1.58031
260
gcm: 0.590707 0.92062 0.381238
H: -2.64779 0.163584 -0.373299
261
gcm: 0.589859 0.921207 0.390569
H: -2.88943 0.167288 -1.02658
262
gcm: 0.59049 0.921529 0.401698
H: -3.32578 0.197108 -0.814699
263
gcm: 0.588836 0.922313 0.410392
H: -0.849135 0.300386 -0.0372945
264
gcm: 0.589317 0.92338 0.421458
H: -1.12085 0.349423 0.502421
265
gcm: 0.588446 0.924107 0.431833
H: 0.323044 0.659459 0.568802
266
gcm: 0.587443 0.924012 0.441478
H: 0.906326 0.780236 -0.130253
267
gcm: 0.586435 0.92442 0.450513
H: -1.06801 0.555053 -0.0978948
268
gcm: 0.586093 0.925431 0.459439
H: -1.04876 -0.841566 -0.594938
269
gcm: 0.586858 0.926505 0.469135
H: -1.23069 -0.983315 0.368277
270
gcm: 0.586109 0.927311 0.478558
H: -1.33133 0.669898 0.717138
271
gcm: 0.585393 0.928431 0.488218
H: -1.40997 0.827716 0.125347
272
gcm: 0.585293 0.928851 0.498099
H: -1.6097 0.535677 0.529276
273
gcm: 0.584884 0.928466 0.50657
H: 0.412926 -1.87316 -1.21581
274
gcm: 0.582945 0.927708 0.516041
H: -2.48014 0.638933 0.138426
275
gcm: 0.58142 0.927147 0.52521
H: -2.94621 0.687669 0.9904
276
gcm: 0.580883 0.926338 0.533246
H: 0.104988 -0.813126 0.76727
277
gcm: 0.579871 0.925457 0.541818
H: 1.91993 0.131145 0.264143
278
gcm: 0.578572 0.924694 0.551114
H: 1.37803 0.775505 0.00718581
279
gcm: 0.578326 0.922104 0.559467
H: 1.47852 -0.343005 -0.296018
280
gcm: 0.577428 0.918566 0.567469
H: 2.50927 0.43029 -0.393026
281
gcm: 0.575622 0.917193 0.576111
H: 2.42295 0.318588 -0.377868
282
gcm: 0.57367 0.917713 0.585507
H: -0.355669 0.369583 1.1236
283
gcm: 0.572189 0.917537 0.594772
H: -1.66421 0.826987 1.46754
284
gcm: 0.570906 0.9164 0.604544
H: -2.15965 1.01059 1.62727
285
gcm: 0.569412 0.915228 0.612851
H: 1.26161 -1.87036 0.161658
286
gcm: 0.567699 0.914646 0.621236
H: -0.53085 -0.231506 0.691872
287
gcm: 0.566325 0.914204 0.629305
H: -0.539073 -0.677397 0.383846
288
gcm: 0.565634 0.913168 0.637983
H: 3.4478 -0.243923 0.402164
289
gcm: 0.564781 0.912245 0.646787
H: 5.303 0.48715 -0.283923
290
gcm: 0.563404 0.911901 0.655942
H: 5.65852 0.784185 -0.243079
291
gcm: 0.561904 0.912018 0.664874
H: 5.04566 0.734243 0.0290132
292
gcm: 0.560499 0.912175 0.673463
H: 3.49567 0.443033 -0.350205
293
gcm: 0.55935 0.912813 0.682215
H: 3.52813 0.758197 -1.15997
294
gcm: 0.558257 0.914105 0.691325
H: 3.6999 1.00066 -1.05194
295
gcm: 0.557254 0.915105 0.70029
H: 3.94757 0.844129 -0.629254
296
gcm: 0.556129 0.915857 0.709091
H: 2.54457 0.557153 -0.526773
297
gcm: 0.555061 0.917669 0.718363
H: -1.9204 -1.1911 0.494402
298
gcm: 0.553986 0.919334 0.726532
H: -0.289238 0.405423 0.402455
299
gcm: 0.552964 0.920082 0.734797
H: 11.2454 2.56396 -3.60489
300
gcm: 0.552016 0.92115 0.744498
H: -9.7393 -2.51551 2.59993
301
gcm: 0.551546 0.922734 0.754064
H: 1.18398 0.379658 -0.101216
302
gcm: 0.550865 0.924162 0.763421
H: 6.35164 1.99405 -2.02488
303
gcm: 0.549738 0.924853 0.772793
H: 3.04912 2.10146 -1.17918
304
gcm: 0.549107 0.92573 0.781648
H: -0.298333 -0.172497 -0.723125
305
gcm: 0.548685 0.932657 0.791432
H: -0.13558 -0.0518609 -0.620674
306
gcm: 0.549125 0.928921 0.800319
H: -2.64329 -0.310543 0.563423
307
gcm: 0.549229 0.927954 0.809075
H: -2.79085 -0.933849 0.831113
308
gcm: 0.54877 0.928509 0.818022
H: 0.770068 0.0620589 -0.565177
309
gcm: 0.548384 0.928471 0.826705
H: 2.06814 0.319634 -0.942286
310
gcm: 0.548189 0.928082 0.836056
H: 0.0503254 -0.262336 -0.367367
311
gcm: 0.548415 0.928895 0.846565
H: -3.36286 -0.784812 0.0726212
312
gcm: 0.548898 0.929188 0.85583
H: -2.85084 -0.787736 0.364028
313
gcm: 0.549225 0.929263 0.865026
H: -0.658634 -0.421287 -0.197836
314
gcm: 0.549284 0.929267 0.87507
H: 0.0630303 -0.0942523 -0.228162
315
gcm: 0.549401 0.92919 0.885255
H: 0.258043 -0.144462 0.190169
316
gcm: 0.549674 0.928629 0.89484
H: -2.15505 -0.578281 -0.0978798
317
gcm: 0.549933 0.928017 0.903915
H: -3.38315 -0.511459 -0.49165
318
gcm: 0.55028 0.927811 0.913198
H: -1.7669 -0.300091 -0.350574
319
gcm: 0.550822 0.927277 0.923125
H: -1.32935 -0.627804 0.297455
320
gcm: 0.551199 0.926543 0.93322
H: 0.219226 -0.354694 -0.0931847
321
gcm: 0.551356 0.926601 0.943311
H: 0.381621 -0.121305 -0.358269
322
gcm: 0.551866 0.927212 0.953372
H: -3.31405 -0.518001 0.392741
323
gcm: 0.552134 0.924908 0.961803
H: -3.52959 -0.253869 -0.290726
324
gcm: 0.553114 0.924392 0.971223
H: 3.87527 -0.0538683 -0.0697299
325
gcm: 0.553673 0.925809 0.980966
H: 2.45091 -0.203018 -0.228664
326
gcm: 0.554883 0.928764 0.991538
H: -6.16084 -0.8384 0.983991
327
gcm: 0.555244 0.928872 1.00114
H: 4.19051 -0.0399126 -2.02714
328
gcm: 0.555686 0.929722 1.01046
H: -1.00827 -0.41796 0.334396
329
gcm: 0.555813 0.930302 1.01982
H: -3.47581 -0.459898 1.19352
330
gcm: 0.556148 0.931455 1.02962
H: -3.71697 -0.608544 0.410678
331
gcm: 0.556734 0.932668 1.03897
H: -1.33588 -0.127093 0.207595
332
gcm: 0.557445 0.933328 1.04868
H: -0.265975 -0.521247 0.115643
333
gcm: 0.558324 0.933647 1.05808
H: -1.10304 -0.242665 -0.134702
334
gcm: 0.55903 0.9341 1.06765
H: -2.12025 -0.284773 -1.04367
335
gcm: 0.559559 0.934672 1.07752
H: -2.67108 -0.393229 -0.689284
336
gcm: 0.559884 0.936091 1.08674
H: -1.80403 -0.457927 0.873429
337
gcm: 0.560466 0.937987 1.0951
H: -1.1875 -0.41652 1.24429
338
gcm: 0.561271 0.938777 1.10372
H: -0.678484 -0.306794 0.122027
339
gcm: 0.561956 0.93939 1.11282
H: -0.578109 -0.235273 -0.637364
340
gcm: 0.562616 0.941145 1.12141
H: -0.133117 -0.231441 -0.491947
341
gcm: 0.562944 0.942911 1.12883
H: -0.690196 -0.113074 0.937582
342
gcm: 0.563274 0.943665 1.13869
H: -1.1677 0.136547 1.30336
343
gcm: 0.564558 0.94424 1.14849
H: -0.158955 0.0516845 0.489649
344
gcm: 0.565933 0.94466 1.15681
H: -1.13246 -0.0711273 -0.685393
345
gcm: 0.566663 0.944679 1.16504
H: -0.83094 0.0403072 -0.216101
346
gcm: 0.567703 0.944295 1.17407
H: 0.42693 -0.0661417 -0.0622217
347
gcm: 0.568902 0.943497 1.18289
H: 0.4844 -0.194693 -0.276566
348
gcm: 0.570695 0.942715 1.19015
H: 0.374125 -0.243746 -0.408596
349
gcm: 0.571999 0.940854 1.19805
H: 0.781809 0.0034459 -0.763141
350
gcm: 0.573348 0.939194 1.20678
H: 0.753521 -0.0514652 -0.677702
351
gcm: 0.574163 0.938613 1.21526
H: -0.0297288 -0.154138 0.43973
352
gcm: 0.575222 0.938611 1.22398
H: 2.00356 -0.158691 -0.411457
353
gcm: 0.576624 0.939601 1.23321
H: 2.78988 -0.0794178 -0.891896
354
gcm: 0.578224 0.939858 1.24262
H: 0.964873 -0.185507 0.0970091
355
gcm: 0.579816 0.939617 1.25145
H: 2.95532 -0.500053 0.438866
356
gcm: 0.58173 0.939346 1.26007
H: 3.47446 -0.461812 -0.525447
357
gcm: 0.583599 0.939054 1.26853
H: 2.79781 -0.249437 -0.398116
358
gcm: 0.585256 0.937914 1.27794
H: 4.65073 -0.27018 -0.452752
359
gcm: 0.586834 0.937931 1.28728
H: 6.22568 -0.338975 -1.47628
360
gcm: 0.588396 0.938034 1.29623
H: 4.3957 -0.247734 -1.7093
361
gcm: 0.59006 0.937748 1.30503
H: 2.28872 -0.294558 -0.599256
362
gcm: 0.591208 0.93724 1.31353
H: 4.02935 -0.679044 0.630048
363
gcm: 0.592215 0.936941 1.32304
H: 5.28306 -0.755021 0.536861
364
gcm: 0.594104 0.937771 1.33377
H: 0.073427 0.14432 -0.256491
365
gcm: 0.595954 0.938647 1.34341
H: 1.19999 0.199793 -1.5843
366
gcm: 0.597196 0.938935 1.35232
H: 4.46166 -0.85674 1.77661
367
gcm: 0.598244 0.939147 1.35894
H: 6.14804 -1.11371 1.03702
368
gcm: 0.599546 0.939367 1.3652
H: -3.06331 0.470987 0.671829
369
gcm: 0.601059 0.939948 1.37703
H: 6.42308 -1.21493 1.27322
370
gcm: 0.602539 0.944153 1.38952
H: 1.0748 -0.278687 0.728967
371
gcm: 0.603915 0.94243 1.39677
H: -1.17035 0.500589 -0.959678
372
gcm: 0.605271 0.942727 1.40659
H: -2.59383 0.602945 -0.724594
373
gcm: 0.606534 0.943231 1.41775
H: -0.186699 -0.3232 0.849061
374
gcm: 0.606698 0.944952 1.42345
H: -0.42367 -0.194639 2.23301
375
gcm: 0.607536 0.946352 1.4363
H: -3.1121 0.531799 -1.08455
376
gcm: 0.607196 0.94729 1.43981
H: 3.8339 -0.911644 1.92341
377
gcm: 0.608545 0.947236 1.45503
H: 4.98008 -1.18976 1.61054
378
gcm: 0.60851 0.948161 1.4602
H: 1.34666 0.094992 0.535761
379
gcm: 0.609813 0.949228 1.47547
H: -1.11528 0.0965512 0.386184
380
gcm: 0.610401 0.95068 1.48278
H: -1.12943 0.448009 -0.203769
381
gcm: 0.611755 0.950879 1.49509
H: -1.1771 0.329652 -0.582011
382
gcm: 0.612377 0.951488 1.50456
H: -0.603363 0.133518 0.394433
383
gcm: 0.612994 0.951812 1.515
H: -2.9811 0.514693 -0.192231
384
gcm: 0.614176 0.951576 1.52577
H: -3.42169 0.804416 -1.02971
385
gcm: 0.615131 0.951622 1.53628
H: -1.51635 0.551493 -0.22127
386
gcm: 0.615217 0.950739 1.54529
H: -1.6873 0.463389 0.214832
387
gcm: 0.614812 0.949967 1.55448
H: -1.36599 0.262603 -0.222777
388
gcm: 0.615196 0.950062 1.56475
H: -0.618902 0.205854 -0.139605
389
gcm: 0.617459 0.950654 1.57772
H: -2.37654 0.383725 -0.348599
390
gcm: 0.617974 0.950047 1.58736
H: -0.213192 0.429463 0.375154
391
gcm: 0.618458 0.948755 1.59779
H: -1.44202 0.457836 -0.175384
392
gcm: 0.619124 0.947917 1.60819
H: -2.59372 -0.0606372 0.0340287
393
gcm: 0.619848 0.946686 1.61885
H: -1.49225 0.135609 0.4037
394
gcm: 0.620498 0.945733 1.62868
H: 0.14006 0.0695798 0.284166
395
gcm: 0.620969 0.94552 1.63811
H: -0.301752 0.382985 0.0698014
396
gcm: 0.621406 0.944986 1.64895
H: -1.55476 0.373224 -0.27834
397
gcm: 0.621444 0.944684 1.6595
H: -0.481448 0.224929 -0.314169
398
gcm: 0.621428 0.94398 1.66966
H: -1.3867 0.287103 0.0284848
399
gcm: 0.621947 0.943495 1.68122
H: -3.39697 0.509087 0.771628
400
gcm: 0.622863 0.944913 1.69209
H: -1.97286 -0.25181 0.452858
401
gcm: 0.622753 0.946791 1.70204
H: -0.782397 0.506961 0.169509
402
gcm: 0.623233 0.947121 1.7107
H: 0.272373 -1.23291 -0.581648
403
gcm: 0.623343 0.947293 1.72126
H: -1.99089 0.702609 0.532674
404
gcm: 0.623439 0.948008 1.73221
H: -2.35561 0.770208 -0.330113
405
gcm: 0.623479 0.948898 1.74303
H: -1.45136 0.529223 -0.261646
406
gcm: 0.623547 0.949556 1.75372
H: -2.99302 0.417978 0.585733
407
gcm: 0.62308 0.950213 1.76293
H: -1.6577 0.243532 -0.0257049
408
gcm: 0.623194 0.950998 1.77317
H: -0.535941 0.204559 -0.316149
409
gcm: 0.623392 0.952303 1.78424
H: -3.97721 -0.128884 -0.292725
410
gcm: 0.623119 0.954464 1.79304
H: -3.52913 0.293246 -0.0429726
411
gcm: 0.623681 0.955498 1.80357
H: -1.70561 0.123323 -0.0934783
412
gcm: 0.62445 0.956673 1.81153
H: -1.23669 -0.104166 -0.644389
413
gcm: 0.624759 0.957186 1.8219
H: -0.285428 -0.15823 -0.684455
414
gcm: 0.625132 0.957387 1.83095
H: 0.556571 -0.0280925 0.216071
414
gcm: 0.625132 0.957387 1.83095
H: 0 0 0
