:metadata
 
Skeleton: /Network/Servers/duerer/Volumes/duerer/laturnus/workspace/new_acm/asf/07-walk.asf
Motion: /Network/Servers/duerer/Volumes/duerer/laturnus/workspace/new_acm/amc/07_02-walk.amc
Mass Distribution: /Network/Servers/duerer/Volumes/duerer/laturnus/workspace/new_acm/amd/clauser1969 _point.amd
 
Inital skeleton translation: 0 0 0
Initial skeleton rotation: 0 0 0
 
:data
1
gcm: 0.525519 1.01903 -1.95717
H: 5.7501 0.326798 -0.355711
2
gcm: 0.523934 1.0202 -1.94745
H: 5.51506 0.273081 -0.535679
3
gcm: 0.522871 1.02102 -1.93755
H: 4.73246 0.364071 0.546847
4
gcm: 0.521987 1.02169 -1.92758
H: 4.08752 0.451043 1.91336
5
gcm: 0.520952 1.02305 -1.91775
H: 3.51366 0.296534 1.55659
6
gcm: 0.519981 1.02451 -1.90815
H: 3.08633 0.128791 0.403154
7
gcm: 0.518963 1.02537 -1.89892
H: 2.52189 0.0546853 0.31405
8
gcm: 0.517763 1.02616 -1.88976
H: 1.82271 -0.0478883 0.587829
9
gcm: 0.516802 1.02763 -1.88041
H: 0.941748 -0.263893 0.196465
10
gcm: 0.516401 1.02913 -1.87094
H: 0.0694816 -0.615556 -0.474526
11
gcm: 0.516159 1.03011 -1.86187
H: -0.408889 -0.786142 -0.505016
12
gcm: 0.515667 1.03111 -1.8532
H: -0.389556 -0.614754 -0.503586
13
gcm: 0.515026 1.03219 -1.84417
H: 0.0757377 -0.417878 -0.13444
14
gcm: 0.514476 1.03322 -1.83502
H: -0.109877 -0.494385 0.156218
15
gcm: 0.513889 1.03379 -1.82637
H: -0.739282 -0.677196 -0.033856
16
gcm: 0.51321 1.03404 -1.81794
H: -0.843058 -0.723152 0.166018
17
gcm: 0.512618 1.03446 -1.80933
H: -0.815495 -0.681931 0.297002
18
gcm: 0.51169 1.03497 -1.80071
H: -1.37771 -0.529331 0.629186
19
gcm: 0.511611 1.03544 -1.79197
H: -1.17996 -0.943401 -0.387883
20
gcm: 0.511588 1.03575 -1.78357
H: -1.47849 -1.11332 -1.33484
21
gcm: 0.5114 1.03566 -1.77512
H: -1.62382 -1.0138 -0.574787
22
gcm: 0.510756 1.03554 -1.76655
H: -1.39115 -0.742803 0.665858
23
gcm: 0.510149 1.03565 -1.75782
H: -1.55408 -0.677284 0.32948
24
gcm: 0.509974 1.03564 -1.74911
H: -1.36861 -0.845223 -0.743295
25
gcm: 0.509848 1.03501 -1.74048
H: -1.57346 -0.86363 -0.422188
26
gcm: 0.509423 1.03394 -1.7319
H: -1.94919 -0.737954 0.301929
27
gcm: 0.508825 1.03319 -1.7235
H: -2.09456 -0.68861 0.108037
28
gcm: 0.508368 1.03267 -1.71526
H: -2.9928 -0.753254 0.0745071
29
gcm: 0.508384 1.03181 -1.707
H: -3.64789 -0.965049 -0.258962
30
gcm: 0.508253 1.03072 -1.69872
H: -3.18258 -0.936843 -0.298469
31
gcm: 0.50769 1.03069 -1.69035
H: -3.41796 -1.1664 -0.00122349
32
gcm: 0.507571 1.03173 -1.68213
H: -3.66723 -0.864661 -0.777115
33
gcm: 0.507788 1.03198 -1.67404
H: -3.94943 -0.956575 -0.427496
34
gcm: 0.507914 1.03158 -1.66569
H: -3.61758 -0.925298 0.286982
35
gcm: 0.50791 1.03183 -1.65742
H: -3.53717 -0.891526 -0.26898
36
gcm: 0.507655 1.03192 -1.6493
H: -4.37623 -0.824448 -0.143236
37
gcm: 0.507568 1.03223 -1.64112
H: -4.93977 -0.88423 -0.384545
38
gcm: 0.507862 1.0332 -1.63302
H: -4.57915 -0.932296 -0.786549
39
gcm: 0.507879 1.03383 -1.62494
H: -4.45328 -0.853013 0.0380669
40
gcm: 0.507772 1.03377 -1.61681
H: -4.76918 -0.882926 0.00569265
41
gcm: 0.507929 1.03375 -1.60884
H: -4.66344 -0.90111 -0.613454
42
gcm: 0.508011 1.03406 -1.60102
H: -4.33039 -0.830457 -0.486355
43
gcm: 0.508073 1.03437 -1.59307
H: -4.07975 -0.822628 -0.304277
44
gcm: 0.508211 1.03487 -1.585
H: -4.66037 -0.787892 -0.242652
45
gcm: 0.508401 1.03539 -1.57687
H: -5.06808 -0.716162 -0.492657
46
gcm: 0.508597 1.03573 -1.56876
H: -4.71758 -0.605276 -0.275063
47
gcm: 0.508835 1.03609 -1.56069
H: -4.14668 -0.521336 0.27476
48
gcm: 0.509125 1.03658 -1.55268
H: -3.25301 -0.398704 0.206087
49
gcm: 0.509365 1.03704 -1.54483
H: -2.73606 -0.0671433 0.673963
50
gcm: 0.509726 1.0373 -1.53691
H: -3.64366 0.151062 1.8395
51
gcm: 0.510275 1.03737 -1.52905
H: -4.64541 0.0470732 1.61437
52
gcm: 0.510884 1.03726 -1.52105
H: -2.06373 0.00658486 0.531415
53
gcm: 0.511589 1.0376 -1.51269
H: 1.45555 -0.297381 -1.00973
54
gcm: 0.512294 1.03769 -1.50338
H: 3.61841 -0.367116 -2.04944
55
gcm: 0.513197 1.03669 -1.49368
H: -2.14271 0.152746 3.79467
56
gcm: 0.514004 1.03584 -1.4846
H: 2.88713 -0.205984 -0.87663
57
gcm: 0.514694 1.03584 -1.47569
H: 2.72496 -0.145636 -0.631677
58
gcm: 0.5154 1.03558 -1.46667
H: 3.50225 -0.160623 -0.0174048
59
gcm: 0.516508 1.03525 -1.45723
H: 4.39654 -0.335414 -0.353885
60
gcm: 0.517759 1.03609 -1.4476
H: 4.88858 -0.0870189 -0.402874
61
gcm: 0.518769 1.03668 -1.4381
H: 5.39144 -0.0407044 -0.723504
62
gcm: 0.519768 1.03761 -1.42884
H: 4.42003 -0.247825 -1.99425
63
gcm: 0.52135 1.03912 -1.41908
H: 1.53757 -0.141022 0.968493
64
gcm: 0.523097 1.04025 -1.40931
H: 3.74557 -0.563591 -1.89906
65
gcm: 0.525008 1.04069 -1.39834
H: 5.76845 -0.430229 -0.468463
66
gcm: 0.526773 1.0414 -1.38728
H: 7.14114 -0.712488 -1.46476
67
gcm: 0.528623 1.04198 -1.37662
H: 6.64231 -0.685881 -1.83752
68
gcm: 0.530483 1.04247 -1.3665
H: 5.79276 -0.468491 -1.53309
69
gcm: 0.532073 1.04298 -1.35663
H: 6.13155 -0.487042 -0.911341
70
gcm: 0.533575 1.04493 -1.34662
H: 6.25259 -0.596121 -1.15699
71
gcm: 0.535124 1.0455 -1.33691
H: 5.21698 -0.64457 -1.3102
72
gcm: 0.536909 1.0458 -1.32753
H: 4.09102 -0.681433 -1.17537
73
gcm: 0.538712 1.04616 -1.31801
H: 4.36047 -0.461436 -1.22273
74
gcm: 0.540107 1.04734 -1.30816
H: 4.71831 -0.224667 -0.878505
75
gcm: 0.541302 1.04872 -1.29855
H: 4.72112 -0.21932 0.011994
76
gcm: 0.542463 1.04976 -1.28936
H: 4.36559 -0.274774 0.700451
77
gcm: 0.543647 1.05059 -1.27993
H: 3.62992 -0.220845 0.138675
78
gcm: 0.544798 1.05076 -1.27036
H: 3.15699 -0.014793 -0.351341
79
gcm: 0.545844 1.0507 -1.2611
H: 2.51488 0.184938 -0.178158
80
gcm: 0.546735 1.05145 -1.25201
H: 1.63232 0.200138 0.256705
81
gcm: 0.547615 1.05276 -1.24316
H: 0.502146 0.321251 -0.180948
82
gcm: 0.54891 1.05342 -1.23449
H: -0.230007 0.1618 -0.908658
83
gcm: 0.550382 1.05379 -1.22575
H: 0.674971 -0.025736 -1.2548
84
gcm: 0.551716 1.05394 -1.21708
H: 1.05646 0.178474 -1.1962
85
gcm: 0.552686 1.05392 -1.20866
H: 0.262579 0.610116 -0.5357
86
gcm: 0.553363 1.05435 -1.20023
H: -0.575369 0.742899 0.0710248
87
gcm: 0.554321 1.05496 -1.19158
H: -0.59238 0.677836 -0.0509019
88
gcm: 0.555116 1.05561 -1.18324
H: -1.16425 0.676744 0.276925
89
gcm: 0.555399 1.05616 -1.17513
H: -2.08851 0.941856 0.769106
90
gcm: 0.555831 1.05615 -1.16665
H: -1.2177 0.870627 0.591896
91
gcm: 0.556623 1.05606 -1.15773
H: -0.373037 0.621997 0.260609
92
gcm: 0.557355 1.05632 -1.149
H: -1.47624 0.993205 -0.0734419
93
gcm: 0.557862 1.05644 -1.14087
H: -3.13324 1.11787 -0.512767
94
gcm: 0.558415 1.05629 -1.13267
H: -3.02064 0.872176 -0.547209
95
gcm: 0.5592 1.05615 -1.12408
H: -1.46297 0.675757 -0.0524502
96
gcm: 0.559945 1.05558 -1.11579
H: -1.42444 0.764217 0.355895
97
gcm: 0.560505 1.05424 -1.10775
H: -1.70551 0.901698 0.585551
98
gcm: 0.561052 1.05405 -1.09942
H: -2.21941 0.881425 0.564903
99
gcm: 0.561543 1.05346 -1.09098
H: -2.5733 0.91287 0.461928
100
gcm: 0.562146 1.0522 -1.08255
H: -2.58441 0.724959 -0.128316
101
gcm: 0.562874 1.05144 -1.07405
H: -2.72608 0.733064 -0.356095
102
gcm: 0.563347 1.05097 -1.06553
H: -2.60147 0.83312 0.603555
103
gcm: 0.56356 1.05052 -1.05716
H: -2.8129 0.976714 1.21361
104
gcm: 0.56377 1.05009 -1.04898
H: -3.07785 0.802273 1.04311
105
gcm: 0.564217 1.04994 -1.04062
H: -3.23586 0.64358 0.519161
106
gcm: 0.564727 1.05051 -1.03197
H: -3.95173 0.715223 -0.280298
107
gcm: 0.565105 1.05098 -1.0235
H: -4.8216 0.843842 -0.0895139
108
gcm: 0.56569 1.05037 -1.01555
H: -4.73148 0.673751 -0.180677
109
gcm: 0.566131 1.04999 -1.00759
H: -4.18968 0.631668 -0.240236
110
gcm: 0.566071 1.05098 -0.999166
H: -4.84668 0.829056 0.796752
111
gcm: 0.566081 1.05131 -0.990853
H: -5.56998 1.02255 0.673088
112
gcm: 0.566324 1.05033 -0.982866
H: -4.63053 0.584888 -0.00459361
113
gcm: 0.566688 1.05028 -0.974753
H: -4.47278 0.643614 -0.151898
114
gcm: 0.567035 1.05119 -0.966678
H: -4.86815 0.626379 -0.0575849
115
gcm: 0.567339 1.05146 -0.958802
H: -5.60508 0.647934 0.155481
116
gcm: 0.567495 1.05119 -0.950963
H: -6.34759 0.762485 0.166361
117
gcm: 0.56741 1.05152 -0.943097
H: -6.14153 0.71024 0.0049464
118
gcm: 0.567436 1.0522 -0.935692
H: -6.73116 0.637535 -0.498719
119
gcm: 0.567728 1.05239 -0.92691
H: -2.07446 0.325319 -0.462137
120
gcm: 0.567899 1.05312 -0.918099
H: -3.16348 0.226128 -0.688616
121
gcm: 0.567991 1.05371 -0.908997
H: -3.12649 0.122473 -0.578513
122
gcm: 0.568011 1.05358 -0.899903
H: -1.87306 0.0627501 -0.57679
123
gcm: 0.568093 1.05344 -0.890903
H: -1.7088 0.0457641 -0.982687
124
gcm: 0.568347 1.05289 -0.881979
H: -1.75341 -0.028513 -1.07634
125
gcm: 0.568336 1.05151 -0.872998
H: -0.867137 0.0957593 0.0185898
126
gcm: 0.567715 1.05011 -0.864056
H: -0.30686 0.285289 0.79345
127
gcm: 0.56706 1.04915 -0.855227
H: 0.0927955 0.352051 0.165153
128
gcm: 0.566482 1.04851 -0.846172
H: 0.765261 0.448371 0.798796
129
gcm: 0.565654 1.04771 -0.837047
H: 1.40356 0.576271 2.11218
130
gcm: 0.564797 1.0468 -0.827945
H: 2.03057 0.536278 2.0563
131
gcm: 0.564141 1.046 -0.818851
H: 2.60696 0.423633 1.02341
132
gcm: 0.563509 1.04516 -0.809851
H: 2.95574 0.205655 0.0737984
133
gcm: 0.562867 1.04427 -0.800498
H: 3.56189 0.1771 -0.0396405
134
gcm: 0.562038 1.04287 -0.790867
H: 3.94584 0.370955 0.995552
135
gcm: 0.56082 1.04203 -0.781137
H: 4.12677 0.446665 2.18217
136
gcm: 0.559624 1.04253 -0.771173
H: 4.0423 0.248322 1.22211
137
gcm: 0.558561 1.04318 -0.761199
H: 4.04427 0.0143774 0.0813905
138
gcm: 0.557694 1.04349 -0.750951
H: 4.91017 0.0657309 0.376758
139
gcm: 0.556677 1.04312 -0.740616
H: 4.93964 0.201519 1.04503
140
gcm: 0.555167 1.04257 -0.730634
H: 4.57322 0.289622 1.61252
141
gcm: 0.553764 1.04305 -0.721101
H: 4.68981 0.304954 0.879347
142
gcm: 0.552636 1.04408 -0.71188
H: 4.42815 0.297402 -0.0815338
143
gcm: 0.551845 1.04401 -0.700267
H: 11.0915 0.254641 0.429125
144
gcm: 0.550251 1.04445 -0.689218
H: 7.67901 0.566859 1.96473
145
gcm: 0.548646 1.04436 -0.678373
H: 6.78152 0.630097 2.08816
146
gcm: 0.548087 1.04449 -0.668123
H: 6.86107 0.133255 -0.691965
147
gcm: 0.547434 1.04479 -0.657511
H: 7.42015 0.265102 -0.229892
148
gcm: 0.546463 1.04544 -0.647305
H: 5.9829 0.32843 0.377352
149
gcm: 0.545491 1.0464 -0.637441
H: 4.82538 0.0100232 -0.202728
150
gcm: 0.54445 1.04787 -0.627581
H: 4.42059 0.459318 0.115156
151
gcm: 0.543497 1.04943 -0.617551
H: 4.8676 0.347237 0.483792
152
gcm: 0.542713 1.0508 -0.607465
H: 3.80253 0.671882 0.484517
153
gcm: 0.541823 1.05194 -0.597625
H: 3.01466 0.195028 0.807458
154
gcm: 0.540874 1.05306 -0.588066
H: 2.2086 0.134061 0.738039
155
gcm: 0.54003 1.05481 -0.578755
H: 1.06517 -0.355495 0.0722709
156
gcm: 0.539155 1.05657 -0.569411
H: 1.62359 0.0525898 0.0299791
157
gcm: 0.538313 1.05749 -0.560134
H: 3.98813 0.484665 -0.0875235
158
gcm: 0.537856 1.05826 -0.551084
H: -2.21546 -0.964702 0.602811
159
gcm: 0.537329 1.05911 -0.542102
H: 1.0969 -0.345873 -0.135329
160
gcm: 0.536707 1.06 -0.53331
H: -1.6101 -0.711178 1.1545
161
gcm: 0.536825 1.06123 -0.524353
H: -0.22601 -0.590611 -0.914481
162
gcm: 0.537047 1.06216 -0.51558
H: 0.790998 -0.365338 -1.709
163
gcm: 0.536434 1.06301 -0.507134
H: -3.23951 -0.974193 0.637072
164
gcm: 0.535806 1.06373 -0.498463
H: -1.50456 -0.776089 0.148885
165
gcm: 0.535567 1.064 -0.4899
H: -1.11706 -0.671737 -0.235667
166
gcm: 0.535189 1.06441 -0.481376
H: -1.02255 -0.608844 -0.015455
167
gcm: 0.535016 1.06561 -0.472391
H: -0.228534 -0.784325 -0.721232
168
gcm: 0.535064 1.06703 -0.463434
H: -0.83384 -0.887015 -0.913317
169
gcm: 0.534887 1.06721 -0.455055
H: -1.66571 -0.806756 0.174852
170
gcm: 0.534632 1.06659 -0.446896
H: -1.69873 -0.778558 0.498582
171
gcm: 0.534251 1.06623 -0.438548
H: -1.85929 -0.691334 0.453745
172
gcm: 0.533858 1.06631 -0.429973
H: -2.40395 -0.736671 0.0600064
173
gcm: 0.533795 1.06613 -0.421444
H: -3.44428 -1.03376 -0.634473
174
gcm: 0.533962 1.06567 -0.412754
H: -2.83436 -1.06861 -0.967445
175
gcm: 0.53407 1.06536 -0.404061
H: -1.58963 -0.855209 -0.599495
176
gcm: 0.534083 1.06527 -0.395619
H: -2.50416 -0.971954 0.307769
177
gcm: 0.534576 1.0655 -0.38663
H: -2.12764 -1.10739 -1.42929
178
gcm: 0.533016 1.06155 -0.381228
H: -7.47447 -0.316618 5.43636
179
gcm: 0.533985 1.0643 -0.371307
H: -2.64176 -1.53065 -2.8793
180
gcm: 0.534393 1.06531 -0.362838
H: -2.99001 -1.17526 -1.66492
181
gcm: 0.534427 1.06596 -0.354905
H: -3.57128 -1.01137 -0.531632
182
gcm: 0.534345 1.06795 -0.346617
H: -4.04124 -1.07294 -0.305933
183
gcm: 0.534235 1.06945 -0.338538
H: -4.44432 -1.04127 -0.182018
184
gcm: 0.534494 1.06909 -0.331
H: -4.66311 -1.09138 -0.561194
185
gcm: 0.534871 1.06896 -0.3235
H: -4.82052 -1.26215 -1.1151
186
gcm: 0.534993 1.06996 -0.315412
H: -4.44217 -1.08207 -0.307024
187
gcm: 0.535251 1.07093 -0.307166
H: -3.9093 -0.99876 -0.239284
188
gcm: 0.535425 1.07158 -0.299215
H: -4.30916 -1.10082 -0.396587
189
gcm: 0.535632 1.07154 -0.291184
H: -4.34789 -1.01223 -0.368121
190
gcm: 0.535785 1.07063 -0.283095
H: -4.21628 -0.832491 0.302963
191
gcm: 0.535789 1.07041 -0.275655
H: -5.5265 -0.873883 0.555728
192
gcm: 0.536003 1.07073 -0.268118
H: -4.6654 -0.943274 -0.0547518
193
gcm: 0.536332 1.07087 -0.260019
H: -3.11659 -0.87001 -0.407495
194
gcm: 0.536652 1.0709 -0.252164
H: -3.96849 -0.645451 -0.0569539
195
gcm: 0.537121 1.07079 -0.244532
H: -4.37068 -0.486549 0.439994
196
gcm: 0.537737 1.07127 -0.236449
H: -3.45068 -0.591236 0.108101
197
gcm: 0.53863 1.07216 -0.228194
H: -2.96398 -0.664095 -0.744533
198
gcm: 0.539365 1.07245 -0.220469
H: -2.676 -0.379988 -0.0740099
199
gcm: 0.539726 1.07237 -0.213045
H: -1.96411 -0.185218 0.769626
200
gcm: 0.540411 1.0723 -0.205157
H: -2.33687 -0.203506 1.55617
201
gcm: 0.541445 1.07275 -0.196936
H: -2.2158 -0.240266 0.811197
202
gcm: 0.541895 1.07257 -0.188417
H: -0.289942 0.0752492 1.01148
203
gcm: 0.542995 1.07248 -0.179806
H: 0.240941 0.204414 0.363403
204
gcm: 0.54413 1.07261 -0.170661
H: 1.34246 -0.0314518 -0.00663914
205
gcm: 0.54522 1.07233 -0.161561
H: 1.73862 -0.120856 -0.319228
206
gcm: 0.546264 1.07148 -0.152523
H: 2.60802 -0.119835 -0.628255
207
gcm: 0.547323 1.07041 -0.14342
H: 2.97273 -0.160709 -0.776787
208
gcm: 0.548469 1.06883 -0.134388
H: 3.33662 -0.194145 -0.660172
209
gcm: 0.549582 1.06857 -0.125325
H: 4.12484 -0.10983 -0.434963
210
gcm: 0.550896 1.07 -0.115728
H: 4.08289 -0.00558401 -0.302214
211
gcm: 0.552475 1.07118 -0.105645
H: 4.02009 -0.0885649 -0.313246
212
gcm: 0.553864 1.07205 -0.095638
H: 4.36688 -0.215926 -0.542547
213
gcm: 0.555292 1.07242 -0.0858233
H: 4.07202 -0.34246 -0.781383
214
gcm: 0.557145 1.07275 -0.0763247
H: 3.28284 -0.329195 -1.31209
215
gcm: 0.559253 1.07265 -0.0648031
H: 9.54567 -0.42161 -2.61855
216
gcm: 0.56128 1.07319 -0.0537697
H: 5.69807 -0.393507 -1.2294
217
gcm: 0.562858 1.0738 -0.0440004
H: 5.51428 -0.59816 -1.04702
218
gcm: 0.565067 1.07414 -0.0336658
H: 5.72845 -0.809218 -2.20499
219
gcm: 0.566573 1.07455 -0.0238614
H: 4.84117 -0.509855 -0.618429
220
gcm: 0.568242 1.07492 -0.0140013
H: 5.05191 -0.500537 -0.239208
221
gcm: 0.570121 1.0752 -0.00379915
H: 5.48646 -0.43008 0.0319928
222
gcm: 0.571613 1.07526 0.00647969
H: 5.35258 -0.251312 0.237944
223
gcm: 0.573026 1.07607 0.0164457
H: 5.02431 -0.323128 -0.579687
224
gcm: 0.574641 1.07714 0.0260079
H: 5.21506 -0.532784 -1.44441
225
gcm: 0.576159 1.07791 0.0353595
H: 4.71131 -0.413947 -1.05988
226
gcm: 0.5777 1.07897 0.0451614
H: 4.32232 -0.329318 -0.560984
227
gcm: 0.579187 1.07979 0.0550802
H: 4.38389 -0.304901 -0.591285
228
gcm: 0.580481 1.08053 0.0644023
H: 3.05999 -0.112309 -0.863251
229
gcm: 0.581982 1.08071 0.0736484
H: 1.82524 -0.00155934 -0.901404
230
gcm: 0.583595 1.08037 0.0835041
H: 2.85977 -0.320109 0.00970939
231
gcm: 0.585286 1.08104 0.0932499
H: 2.09102 -0.198684 -1.64445
232
gcm: 0.586175 1.08287 0.102422
H: 0.813041 0.154654 -0.971154
233
gcm: 0.586371 1.08407 0.110729
H: -0.804327 0.498908 0.744623
234
gcm: 0.58636 1.0846 0.118175
H: -1.74015 0.716213 2.38025
235
gcm: 0.587367 1.08479 0.127487
H: 0.105093 0.530482 0.202743
236
gcm: 0.588067 1.08457 0.136521
H: -0.171329 0.655067 -0.166372
237
gcm: 0.588627 1.08432 0.145173
H: -1.5569 0.740248 -0.239832
238
gcm: 0.589387 1.08472 0.154095
H: -1.36607 0.598581 -0.0723332
239
gcm: 0.590281 1.08537 0.163402
H: 0.195734 0.488922 -0.183972
240
gcm: 0.590776 1.0857 0.172277
H: -0.334606 0.728822 0.817471
241
gcm: 0.590991 1.08567 0.180853
H: -1.214 0.912886 1.53973
242
gcm: 0.591451 1.08521 0.189796
H: -0.983162 0.957966 0.500219
243
gcm: 0.59219 1.08476 0.198552
H: -1.24042 0.745807 -0.637997
244
gcm: 0.592786 1.08488 0.206939
H: -1.67954 0.836377 0.335328
245
gcm: 0.593286 1.08523 0.215772
H: -1.6527 0.944562 0.917043
246
gcm: 0.593852 1.08478 0.224727
H: -1.6638 0.785592 -0.0345094
247
gcm: 0.594296 1.08369 0.233222
H: -2.14596 0.804455 0.114654
248
gcm: 0.594713 1.08191 0.24197
H: -2.48568 0.893745 0.458451
249
gcm: 0.59499 1.08113 0.251262
H: -2.40841 1.00102 0.593869
250
gcm: 0.595016 1.0808 0.260528
H: -2.32835 1.10636 1.07835
251
gcm: 0.595049 1.07978 0.269595
H: -3.0994 1.15333 1.32771
252
gcm: 0.595896 1.07831 0.277975
H: -3.61541 0.638985 -1.04318
253
gcm: 0.596309 1.07743 0.286942
H: -3.13754 0.758046 -0.0278486
254
gcm: 0.596607 1.07652 0.295821
H: -3.05091 0.785576 0.481199
255
gcm: 0.59687 1.07569 0.304536
H: -3.3927 0.827925 0.486579
256
gcm: 0.597058 1.07554 0.313329
H: -4.50163 0.934227 0.246075
257
gcm: 0.597101 1.0753 0.322136
H: -3.19548 0.802802 0.47475
258
gcm: 0.597161 1.07468 0.330451
H: -6.49429 0.844778 -0.145591
259
gcm: 0.596773 1.07496 0.338543
H: -5.74874 0.978912 1.3628
260
gcm: 0.596926 1.0755 0.347818
H: -4.31784 0.712057 -0.345926
261
gcm: 0.596505 1.07557 0.356138
H: -5.89999 0.942608 1.14461
262
gcm: 0.598156 1.07532 0.366694
H: -4.08685 0.145748 -3.50279
263
gcm: 0.596503 1.07538 0.372907
H: -8.22492 1.31378 2.78026
264
gcm: 0.597382 1.07578 0.382857
H: -4.7137 0.447062 -1.86716
265
gcm: 0.59664 1.07595 0.391755
H: -4.81696 1.13389 1.96104
266
gcm: 0.595978 1.07538 0.40017
H: -5.88658 1.04353 0.55556
267
gcm: 0.595515 1.07529 0.407905
H: -6.8213 0.844846 -0.329523
268
gcm: 0.595464 1.07581 0.416475
H: -4.84693 0.344431 -0.736021
269
gcm: 0.595488 1.07564 0.425971
H: -3.33821 0.0144318 0.133156
270
gcm: 0.595358 1.07568 0.435518
H: -2.9137 0.488663 -0.17849
271
gcm: 0.595181 1.07606 0.444882
H: -2.08948 0.328631 -0.770781
272
gcm: 0.59483 1.07576 0.454358
H: -1.63339 0.259919 0.0440664
273
gcm: 0.593934 1.07476 0.463995
H: -0.332544 -0.125219 0.158762
274
gcm: 0.592631 1.07348 0.4736
H: -1.03728 0.56669 0.850086
275
gcm: 0.591722 1.07254 0.483163
H: 0.0701104 0.622735 0.686263
276
gcm: 0.591063 1.07173 0.49272
H: 1.7546 0.212446 0.762543
277
gcm: 0.5902 1.0709 0.502555
H: 2.13433 0.259415 0.964174
278
gcm: 0.589252 1.07026 0.51254
H: 2.81179 0.336685 0.641046
279
gcm: 0.588377 1.06817 0.522215
H: 4.12191 0.174192 0.284995
280
gcm: 0.587053 1.06507 0.531682
H: 4.29541 0.449644 1.51456
281
gcm: 0.58531 1.06405 0.541538
H: 4.58733 0.391116 2.02113
282
gcm: 0.583618 1.06494 0.551841
H: 4.17031 0.467303 0.732903
283
gcm: 0.581965 1.06541 0.562252
H: 3.7703 0.574933 0.679257
284
gcm: 0.580472 1.06485 0.57277
H: 4.10778 0.425397 0.82429
285
gcm: 0.579059 1.06431 0.583172
H: 4.83584 -0.126671 0.271586
286
gcm: 0.577276 1.06427 0.593456
H: 4.48332 0.364912 0.849227
287
gcm: 0.575319 1.06444 0.603937
H: 4.4135 0.405404 1.19418
288
gcm: 0.574121 1.0638 0.615612
H: 9.67736 0.478391 0.355492
289
gcm: 0.573103 1.06326 0.62666
H: 9.92239 0.515285 -0.44442
290
gcm: 0.571756 1.06336 0.63771
H: 9.03172 0.584711 0.261486
291
gcm: 0.570219 1.06393 0.648834
H: 8.10154 0.658406 1.03189
292
gcm: 0.568648 1.06452 0.659537
H: 6.92653 0.498072 0.940817
293
gcm: 0.567177 1.0656 0.669937
H: 6.19123 0.524232 0.415264
294
gcm: 0.566012 1.0673 0.680417
H: 6.03735 0.608971 -0.371695
295
gcm: 0.565128 1.06871 0.690785
H: 5.68772 0.447136 -0.888507
296
gcm: 0.563932 1.0698 0.700765
H: 4.71181 0.36441 -0.0215778
297
gcm: 0.562561 1.07147 0.710642
H: 2.84389 -0.0827967 0.918866
298
gcm: 0.561624 1.07343 0.720327
H: 2.39319 0.293723 -0.0245606
299
gcm: 0.560634 1.07457 0.729982
H: 4.71774 0.53176 -0.28275
300
gcm: 0.559008 1.07544 0.739896
H: -1.12594 -0.495639 2.57746
301
gcm: 0.557855 1.07724 0.749902
H: 1.68178 -0.11464 0.549771
302
gcm: 0.557216 1.07904 0.759453
H: 1.88424 0.136627 -0.798936
303
gcm: 0.556354 1.08006 0.768359
H: -0.529618 0.0855011 0.171779
304
gcm: 0.555482 1.08121 0.777491
H: -0.517383 -0.564127 -0.0689219
305
gcm: 0.554261 1.08835 0.787526
H: -1.04652 -0.780281 -1.41782
306
gcm: 0.55429 1.08465 0.795982
H: -1.41491 -0.951441 -0.571073
307
gcm: 0.553944 1.08401 0.804507
H: -1.71853 -1.03988 -0.0646113
308
gcm: 0.55321 1.08504 0.813244
H: -0.100546 -0.570738 0.156472
309
gcm: 0.552479 1.0855 0.821784
H: -0.589964 -0.612297 0.168187
310
gcm: 0.551652 1.08545 0.830643
H: -1.05616 -0.811428 0.411004
311
gcm: 0.551542 1.08637 0.841175
H: -0.675421 -1.13751 -1.32673
312
gcm: 0.55145 1.08687 0.850424
H: -2.53548 -1.19205 -0.985257
313
gcm: 0.551125 1.08728 0.85912
H: -2.60355 -1.05035 -0.0640897
314
gcm: 0.55068 1.08756 0.868262
H: -2.0012 -0.936131 0.268431
315
gcm: 0.550198 1.08768 0.877652
H: -2.31175 -0.991462 0.178818
316
gcm: 0.549839 1.08716 0.886515
H: -3.00332 -1.12541 -0.196812
317
gcm: 0.549377 1.08642 0.894992
H: -3.10428 -0.972882 -0.0982412
318
gcm: 0.549051 1.08614 0.903798
H: -2.65785 -0.951619 -0.285014
319
gcm: 0.549199 1.0857 0.912875
H: -2.0143 -1.25151 -1.02775
320
gcm: 0.549109 1.08508 0.921857
H: -1.84048 -1.14598 -0.613887
321
gcm: 0.548768 1.08499 0.931015
H: -2.95169 -0.997818 0.164061
322
gcm: 0.548988 1.08528 0.940419
H: -3.64303 -1.19251 -0.819237
323
gcm: 0.548383 1.08294 0.946593
H: -5.93918 -0.732178 1.66015
324
gcm: 0.5484 1.08248 0.954399
H: -4.08555 -1.03604 0.0174706
325
gcm: 0.548208 1.08372 0.963524
H: -3.54118 -0.845539 0.607181
326
gcm: 0.549308 1.08636 0.974165
H: -2.68567 -1.53885 -3.51397
327
gcm: 0.549213 1.08648 0.982297
H: -4.30747 -1.06575 -0.339718
328
gcm: 0.549173 1.08711 0.990473
H: -5.19047 -1.10759 0.250639
329
gcm: 0.549015 1.08738 0.999054
H: -4.99883 -0.957244 0.734546
330
gcm: 0.549153 1.08803 1.0078
H: -5.37078 -1.08572 0.0199402
331
gcm: 0.549277 1.08882 1.01635
H: -5.17395 -1.0663 0.0108288
332
gcm: 0.5494 1.08875 1.02484
H: -5.11392 -1.15365 -0.0982412
333
gcm: 0.549939 1.08846 1.03327
H: -5.01574 -1.15357 -0.913722
334
gcm: 0.550486 1.08833 1.04184
H: -4.87888 -1.16224 -0.910925
335
gcm: 0.550783 1.08824 1.05052
H: -4.57952 -1.10788 -0.344949
336
gcm: 0.550841 1.08896 1.05882
H: -4.5095 -0.99741 0.728701
337
gcm: 0.551157 1.09006 1.06694
H: -5.50124 -0.883172 0.827481
338
gcm: 0.551864 1.09007 1.0754
H: -5.44091 -0.79722 0.210078
339
gcm: 0.552597 1.0901 1.08384
H: -3.67013 -0.681285 0.13031
340
gcm: 0.55326 1.09138 1.09192
H: -3.10983 -0.608372 0.237971
341
gcm: 0.553547 1.09275 1.09914
H: -5.98886 -0.411228 1.66863
342
gcm: 0.553689 1.09302 1.1087
H: -0.237023 -0.00322243 1.91197
343
gcm: 0.554971 1.09317 1.11901
H: 1.16897 -0.0782373 0.0696026
344
gcm: 0.556533 1.09312 1.12829
H: -0.184836 -0.353426 -0.625589
345
gcm: 0.557226 1.09285 1.1373
H: 0.143216 -0.127795 0.802338
346
gcm: 0.557958 1.09243 1.14691
H: 1.45921 -0.176422 0.214574
347
gcm: 0.558814 1.09158 1.15671
H: 1.5954 -0.320025 -0.109096
348
gcm: 0.561109 1.09083 1.16537
H: 0.579379 -0.565077 -1.96755
349
gcm: 0.562702 1.08916 1.17474
H: 1.63119 -0.176879 -0.91764
350
gcm: 0.564307 1.08779 1.18472
H: 3.02827 -0.208938 -1.13875
351
gcm: 0.565304 1.08769 1.19414
H: 3.1873 -0.155074 -0.209272
352
gcm: 0.566451 1.08828 1.20412
H: 4.44448 -0.238065 -0.299116
353
gcm: 0.567966 1.08985 1.21446
H: 4.72449 -0.171805 -0.88656
354
gcm: 0.569889 1.09067 1.2249
H: 4.51149 -0.295932 -1.37194
355
gcm: 0.571777 1.09114 1.2349
H: 4.08644 -0.357915 -1.03326
356
gcm: 0.57388 1.09163 1.24506
H: 4.22886 -0.460395 -1.47999
357
gcm: 0.576035 1.09208 1.25519
H: 3.90233 -0.267912 -1.23684
358
gcm: 0.577975 1.09141 1.26653
H: 7.57798 -0.224468 -0.866421
359
gcm: 0.579743 1.09175 1.27801
H: 8.97413 -0.347413 -0.551265
360
gcm: 0.581529 1.09231 1.28878
H: 6.51326 -0.412249 -1.1465
361
gcm: 0.583538 1.09241 1.29945
H: 5.9521 -0.477129 -1.76383
362
gcm: 0.585349 1.09235 1.30971
H: 6.85996 -0.519372 -0.872271
363
gcm: 0.586892 1.09268 1.32046
H: 8.29181 -0.47425 -0.569893
364
gcm: 0.58884 1.0941 1.33201
H: 4.64998 -0.192926 -0.367636
365
gcm: 0.590818 1.09535 1.34218
H: 7.38636 -0.358981 -2.23521
366
gcm: 0.592375 1.09591 1.352
H: 3.53118 -0.402784 1.07823
367
gcm: 0.593806 1.09617 1.36085
H: 6.77135 -0.567529 -1.40579
368
gcm: 0.595083 1.09642 1.37009
H: -0.740341 0.276619 1.33088
369
gcm: 0.596798 1.09705 1.38088
H: 8.18241 -0.640463 -1.02664
370
gcm: 0.598671 1.10139 1.39253
H: 3.61573 -0.285048 -0.615631
371
gcm: 0.600174 1.0996 1.40058
H: 2.52506 -0.0122745 -1.20973
372
gcm: 0.601519 1.09993 1.40977
H: 2.20724 0.169587 -0.802709
373
gcm: 0.602816 1.1006 1.41985
H: 3.06386 -0.0582103 -0.0210316
374
gcm: 0.603301 1.10212 1.428
H: -4.04408 0.483151 3.48612
375
gcm: 0.604508 1.10372 1.43775
H: 3.03696 0.38257 -1.2507
376
gcm: 0.604739 1.10452 1.44437
H: -2.36781 0.574683 1.30316
377
gcm: 0.605994 1.10485 1.45596
H: 4.27716 0.321774 0.837592
378
gcm: 0.606353 1.10567 1.46339
H: -3.53777 0.939982 1.13781
379
gcm: 0.607719 1.10733 1.47441
H: 1.44018 0.552879 -0.0387176
380
gcm: 0.608736 1.10891 1.48259
H: -2.2842 0.674244 -0.203385
381
gcm: 0.610279 1.10947 1.49244
H: 0.660214 0.4677 -1.05415
382
gcm: 0.611056 1.11025 1.50107
H: -1.91732 0.86938 1.18662
383
gcm: 0.612124 1.11075 1.50963
H: -2.1237 0.827032 0.263668
384
gcm: 0.61371 1.11068 1.5186
H: -0.773358 0.574319 -1.80217
385
gcm: 0.614837 1.11077 1.52851
H: -0.254977 0.695723 -0.953096
386
gcm: 0.614595 1.11012 1.53563
H: -4.14937 1.50382 2.9933
387
gcm: 0.614347 1.10952 1.54306
H: -4.19837 1.41536 2.8931
388
gcm: 0.615254 1.1096 1.55174
H: -1.83872 0.84743 0.406393
389
gcm: 0.618204 1.10997 1.56338
H: 1.65829 -0.207503 -4.92937
390
gcm: 0.618775 1.10922 1.57156
H: -4.90201 1.19681 0.966792
391
gcm: 0.619854 1.1077 1.58111
H: -2.69802 0.784365 -0.654134
392
gcm: 0.620782 1.10681 1.59067
H: -1.90737 0.640029 -0.122641
393
gcm: 0.621564 1.10544 1.5994
H: -2.65412 0.808493 0.33632
394
gcm: 0.62224 1.10417 1.60799
H: -3.47249 0.890591 0.941193
395
gcm: 0.622842 1.10349 1.61667
H: -4.40597 0.976605 0.570379
396
gcm: 0.623799 1.10272 1.62537
H: -2.78129 0.745768 -0.45717
397
gcm: 0.62429 1.10215 1.63454
H: -3.40398 0.914078 0.863714
398
gcm: 0.624564 1.10098 1.64333
H: -5.38198 1.07998 1.40601
399
gcm: 0.625406 1.1001 1.65198
H: -3.79354 0.810425 -0.42389
400
gcm: 0.626626 1.10124 1.66202
H: -3.33106 0.315591 -1.86699
401
gcm: 0.6267 1.10265 1.66979
H: -6.4856 1.12685 1.14628
402
gcm: 0.626894 1.1025 1.67772
H: -5.73209 0.667299 0.867001
403
gcm: 0.627481 1.10199 1.68645
H: -5.76785 0.896293 -0.00584669
404
gcm: 0.628217 1.10193 1.69517
H: -6.21052 0.858527 0.060396
405
gcm: 0.628722 1.10201 1.70371
H: -5.51231 0.906975 0.512309
406
gcm: 0.628686 1.10177 1.71254
H: -5.62966 0.918552 0.42466
407
gcm: 0.628121 1.10137 1.72193
H: -7.25973 0.887371 1.41351
408
gcm: 0.628219 1.10139 1.73
H: -4.01221 0.590033 -0.163515
409
gcm: 0.628376 1.10207 1.73789
H: -2.82731 0.460377 -0.101167
410
gcm: 0.628251 1.10294 1.74761
H: -7.78022 0.663241 1.12169
411
gcm: 0.628595 1.10333 1.75509
H: -3.95929 0.467736 -0.478348
412
gcm: 0.629481 1.10355 1.76395
H: -7.56546 0.18097 -1.6155
413
gcm: 0.630338 1.10341 1.77277
H: -0.494364 -0.0931509 -1.91343
414
gcm: 0.63102 1.10282 1.78298
H: -1.17125 -0.0726529 -1.81008
414
gcm: 0.63102 1.10282 1.78298
H: 0 0 0
