:metadata
 
Skeleton: /Network/Servers/duerer/Volumes/duerer/laturnus/workspace/new_acm/asf/07-walk.asf
Motion: /Network/Servers/duerer/Volumes/duerer/laturnus/workspace/new_acm/amc/07_05-walk.amc
Mass Distribution: /Network/Servers/duerer/Volumes/duerer/laturnus/workspace/new_acm/amd/cylinder.amd
 
Inital skeleton translation: 0 0 0
Initial skeleton rotation: 0 0 0
 
:data
1
gcm: 0.466918 0.862746 -2.13497
H: -0.649695 -0.421689 -0.274892
2
gcm: 0.467242 0.862612 -2.12733
H: -0.447741 -0.32657 -0.392017
3
gcm: 0.466669 0.862656 -2.11957
H: -0.892474 -0.0583592 -0.35257
4
gcm: 0.466841 0.863005 -2.11118
H: -0.768227 -0.154213 0.0550397
5
gcm: 0.467722 0.863561 -2.10304
H: -1.32036 -0.334155 0.0870463
6
gcm: 0.46883 0.86467 -2.09516
H: -2.3841 -0.343306 0.441698
7
gcm: 0.468931 0.867535 -2.08641
H: -22.6223 1.74052 -7.06081
8
gcm: 0.469787 0.866873 -2.07888
H: -0.20301 -0.135608 0.0624733
9
gcm: 0.470345 0.867138 -2.07126
H: -1.31477 -0.154923 0.0102745
10
gcm: 0.470857 0.867875 -2.06395
H: -1.37757 -0.0273906 -0.254883
11
gcm: 0.471618 0.867991 -2.05671
H: -1.48652 0.00452343 0.39294
12
gcm: 0.472428 0.868321 -2.04934
H: 0.0627343 0.0115495 1.34907
13
gcm: 0.473025 0.868255 -2.04229
H: -0.0774992 0.0563152 0.381316
14
gcm: 0.473436 0.867269 -2.03547
H: -0.327603 0.0424254 0.67168
15
gcm: 0.474461 0.866437 -2.02819
H: 0.0209639 -0.171305 0.782084
16
gcm: 0.475632 0.865937 -2.02083
H: 0.219918 -0.106897 -0.338421
17
gcm: 0.476548 0.866 -2.01362
H: 0.175332 0.229024 -0.294677
18
gcm: 0.477422 0.866478 -2.00633
H: -0.510572 0.368566 0.820275
19
gcm: 0.477366 0.86659 -2.00083
H: -1.03145 0.255272 1.43333
20
gcm: 0.478559 0.866029 -1.99412
H: -1.00772 -0.127914 0.761421
21
gcm: 0.481223 0.864887 -1.98579
H: -0.798381 -0.186403 -0.459786
22
gcm: 0.481082 0.864249 -1.98036
H: -1.61254 0.490487 0.269404
23
gcm: 0.484257 0.861959 -1.97131
H: -2.2744 -0.261259 -1.89339
24
gcm: 0.484699 0.861831 -1.96399
H: 0.742706 0.155395 0.219988
25
gcm: 0.486555 0.861223 -1.95721
H: -1.35782 -0.323465 -1.0465
26
gcm: 0.487258 0.86018 -1.95073
H: -0.715339 -0.00801004 -0.513047
27
gcm: 0.48845 0.858234 -1.9441
H: 2.36443 -0.292853 0.346696
28
gcm: 0.490542 0.858033 -1.93638
H: -26.1316 3.88294 -9.36814
29
gcm: 0.492122 0.857489 -1.92848
H: 7.75384 -1.17387 2.05024
30
gcm: 0.493258 0.856684 -1.92096
H: 5.86349 -0.92137 0.796116
31
gcm: 0.49467 0.855422 -1.91338
H: 5.61991 -0.896722 0.165649
32
gcm: 0.496334 0.853996 -1.90564
H: 2.88125 -0.324016 0.469674
33
gcm: 0.497867 0.85402 -1.8977
H: 1.69127 0.143735 0.0236442
34
gcm: 0.499672 0.853739 -1.88999
H: 5.44892 -0.216653 -1.96063
35
gcm: 0.501822 0.851754 -1.88228
H: 11.9115 -1.60893 -0.799548
36
gcm: 0.503494 0.849556 -1.87518
H: 22.9358 -3.49507 6.21501
37
gcm: 0.505435 0.849526 -1.86765
H: -18.4934 4.00027 -5.74289
38
gcm: 0.507186 0.848673 -1.85989
H: 26.7577 -5.11831 7.74398
39
gcm: 0.508214 0.848896 -1.85272
H: -15.1051 3.87136 -7.16181
40
gcm: 0.509318 0.848326 -1.8452
H: -2.24732 1.09329 -2.30006
41
gcm: 0.51226 0.847393 -1.83728
H: -1.40203 0.420927 -0.769767
42
gcm: 0.514612 0.846331 -1.8299
H: -1.80796 0.676187 -1.61647
43
gcm: 0.51582 0.848993 -1.82089
H: 9.18346 -1.88025 1.93913
44
gcm: 0.517228 0.849638 -1.81193
H: 5.04915 -1.20959 1.25026
45
gcm: 0.518702 0.849862 -1.80387
H: 1.76805 -0.495582 0.628497
46
gcm: 0.520833 0.850745 -1.79603
H: 1.51531 -0.263518 0.465128
47
gcm: 0.523127 0.85221 -1.78784
H: 4.8537 -1.02159 1.34538
48
gcm: 0.52538 0.853402 -1.77926
H: 2.78475 -0.422766 0.212559
49
gcm: 0.527593 0.853913 -1.77077
H: 1.17549 -0.0899529 0.176603
50
gcm: 0.529553 0.854316 -1.76266
H: 2.46557 -0.467984 0.634667
51
gcm: 0.531286 0.855485 -1.75452
H: 4.34131 -0.953364 0.455371
52
gcm: 0.533075 0.857161 -1.74589
H: 2.08472 -0.642469 0.415913
53
gcm: 0.535141 0.858604 -1.7372
H: -0.236097 -0.27669 1.01931
54
gcm: 0.537198 0.859923 -1.72894
H: 1.52778 -0.635612 1.17266
55
gcm: 0.538923 0.861243 -1.72059
H: 3.00748 -0.830938 0.600946
56
gcm: 0.540459 0.862835 -1.71182
H: 2.08568 -0.524637 0.384018
57
gcm: 0.541808 0.864635 -1.70314
H: 2.54716 -0.675449 0.864973
58
gcm: 0.542705 0.866346 -1.69483
H: 2.02246 -0.65083 0.962667
59
gcm: 0.543822 0.868076 -1.68689
H: 0.116262 -0.190526 0.495296
60
gcm: 0.545536 0.869577 -1.67878
H: 0.618864 -0.354751 0.521639
61
gcm: 0.547023 0.870971 -1.66989
H: 0.365466 -0.253145 0.331071
62
gcm: 0.548403 0.872514 -1.66078
H: -2.10127 0.596061 -0.567781
63
gcm: 0.549763 0.874458 -1.65196
H: -1.75069 0.547597 -0.548624
64
gcm: 0.550677 0.87606 -1.64331
H: 0.241767 -0.184165 0.475859
65
gcm: 0.551249 0.877635 -1.63441
H: 0.0867618 -0.177087 0.43321
66
gcm: 0.55202 0.878725 -1.62568
H: -0.855711 0.326182 -0.347479
67
gcm: 0.553152 0.879757 -1.61712
H: -2.2445 0.598266 -0.477021
68
gcm: 0.554225 0.88108 -1.60819
H: -2.63268 0.5407 -0.349947
69
gcm: 0.554979 0.881995 -1.59891
H: -2.61668 0.683337 -0.354219
70
gcm: 0.555389 0.882704 -1.58976
H: -2.20026 0.661711 -0.353697
71
gcm: 0.55603 0.883282 -1.58139
H: -1.41496 0.436753 -0.500425
72
gcm: 0.556757 0.883422 -1.57295
H: -1.64545 0.429321 -0.467321
73
gcm: 0.557209 0.883875 -1.56375
H: -0.637343 0.177719 -0.34381
74
gcm: 0.557636 0.884453 -1.55467
H: 0.614412 0.0482357 -0.633332
75
gcm: 0.558115 0.884694 -1.54584
H: 0.728718 0.417685 -0.777586
76
gcm: 0.558527 0.884095 -1.53688
H: -0.840744 0.503369 -0.933714
77
gcm: 0.559047 0.883901 -1.52792
H: -3.13452 0.335633 0.0635931
78
gcm: 0.559494 0.883584 -1.51922
H: -1.35631 0.265754 0.274156
79
gcm: 0.559792 0.883598 -1.51015
H: 0.542468 -0.070711 0.30618
80
gcm: 0.559953 0.884153 -1.50057
H: -1.89869 -0.587888 1.30959
81
gcm: 0.560078 0.884203 -1.49176
H: -2.38738 0.508288 -0.109423
82
gcm: 0.560255 0.883952 -1.48306
H: -0.486768 0.243488 0.0674964
83
gcm: 0.56026 0.883354 -1.47431
H: -0.52591 0.0433793 0.61273
84
gcm: 0.560262 0.8831 -1.46488
H: -3.7433 0.460913 -0.212459
85
gcm: 0.560315 0.882582 -1.45567
H: 2.56342 -0.178308 0.933781
86
gcm: 0.560127 0.882287 -1.44724
H: 0.463554 0.219104 -0.652424
87
gcm: 0.560046 0.882671 -1.43842
H: -3.67652 0.532919 -0.732264
88
gcm: 0.560222 0.883098 -1.4298
H: -3.55326 0.424507 -0.0230741
89
gcm: 0.560152 0.883239 -1.42186
H: -2.21617 0.326276 -0.356023
90
gcm: 0.560124 0.88321 -1.41359
H: -2.31488 0.417331 -0.574977
91
gcm: 0.560157 0.883072 -1.40505
H: -2.32873 0.481369 -0.727135
92
gcm: 0.559459 0.882821 -1.39688
H: -1.0921 0.213837 -0.69962
93
gcm: 0.558926 0.883122 -1.38853
H: 0.297899 0.145614 -0.0708016
94
gcm: 0.559329 0.88391 -1.37993
H: -1.14625 0.232665 0.507446
95
gcm: 0.559686 0.88422 -1.37184
H: -1.80342 0.141791 0.330188
96
gcm: 0.559582 0.884169 -1.3639
H: -0.867243 0.160327 0.253614
97
gcm: 0.559097 0.884228 -1.35612
H: -1.32446 0.232291 0.396145
98
gcm: 0.558596 0.884381 -1.34836
H: 0.176469 0.26934 0.347363
99
gcm: 0.55849 0.884453 -1.34037
H: 1.04493 0.271395 0.201075
100
gcm: 0.558696 0.884651 -1.33254
H: -2.16158 0.119302 -0.0997619
101
gcm: 0.558618 0.885605 -1.32496
H: -2.29096 0.0652014 0.327066
102
gcm: 0.558128 0.886773 -1.31749
H: -0.388787 0.245473 0.274922
103
gcm: 0.558023 0.886903 -1.30991
H: -1.95156 0.220943 -0.154702
104
gcm: 0.558139 0.887166 -1.30228
H: -1.929 0.194893 0.51238
105
gcm: 0.557771 0.88795 -1.2949
H: -0.737974 0.245262 0.184412
106
gcm: 0.557367 0.887434 -1.28773
H: -1.43035 0.160793 -0.758464
107
gcm: 0.557225 0.886446 -1.28062
H: -1.53726 0.0516584 -0.385499
108
gcm: 0.556341 0.886372 -1.27427
H: -1.64183 -0.182621 -0.828505
109
gcm: 0.556565 0.886749 -1.26682
H: -2.48013 0.165997 0.623655
110
gcm: 0.555561 0.886618 -1.25925
H: -1.63409 0.0689836 -0.0426847
111
gcm: 0.554292 0.886006 -1.25181
H: 1.16877 0.125516 -0.650101
112
gcm: 0.553634 0.885415 -1.24476
H: 1.41152 0.137073 -0.415384
113
gcm: 0.55307 0.884857 -1.23785
H: -0.510641 0.0302735 -0.167228
114
gcm: 0.552623 0.883734 -1.2306
H: -0.969574 -0.0348569 -0.635427
115
gcm: 0.552229 0.882335 -1.22331
H: -0.867939 -0.0684419 -0.170159
116
gcm: 0.55147 0.881097 -1.21639
H: -0.438764 0.051515 -0.00970914
117
gcm: 0.550811 0.880069 -1.20937
H: 0.158756 0.0728479 -0.343131
118
gcm: 0.550351 0.87947 -1.20243
H: -0.178103 -0.125025 0.0176301
119
gcm: 0.54929 0.878764 -1.19584
H: -1.55853 -0.351974 -0.426389
120
gcm: 0.548131 0.877651 -1.1887
H: -2.30785 -0.433948 -1.01709
121
gcm: 0.547563 0.875792 -1.18128
H: -0.206816 -0.0763274 -0.20758
122
gcm: 0.546904 0.874042 -1.17426
H: -0.122116 0.000694749 0.346528
123
gcm: 0.545754 0.873112 -1.16717
H: -0.0685377 -0.121196 0.39092
124
gcm: 0.544723 0.872181 -1.16002
H: 1.40205 0.122547 0.0198641
125
gcm: 0.544265 0.870864 -1.15271
H: 0.527842 0.0603159 0.232455
126
gcm: 0.543636 0.869181 -1.14536
H: 0.238008 0.0396654 0.471175
127
gcm: 0.542526 0.867579 -1.13776
H: 0.413491 0.166646 0.131862
128
gcm: 0.541614 0.866176 -1.13083
H: -1.03248 -0.331378 0.226084
129
gcm: 0.540745 0.864737 -1.12375
H: 0.7349 0.020569 0.383843
130
gcm: 0.539908 0.862588 -1.11645
H: 2.3246 0.183287 0.481865
131
gcm: 0.53875 0.860439 -1.10938
H: 1.74757 -0.541707 0.0405151
132
gcm: 0.53762 0.859479 -1.10203
H: 2.66954 -0.59198 -0.621304
133
gcm: 0.536373 0.859263 -1.09359
H: 3.66704 0.260002 0.267319
134
gcm: 0.534488 0.85903 -1.08526
H: 2.2772 0.343811 1.9421
135
gcm: 0.533092 0.858461 -1.07772
H: 1.57371 -0.22611 1.16135
136
gcm: 0.532231 0.857504 -1.0703
H: 1.22895 -0.363146 0.0690154
137
gcm: 0.53105 0.856285 -1.06275
H: 1.16224 -0.042673 0.345142
138
gcm: 0.529898 0.854655 -1.05504
H: 2.70755 0.752162 0.0785626
139
gcm: 0.528896 0.853842 -1.04691
H: 4.20948 0.851604 0.323541
140
gcm: 0.527558 0.853703 -1.03896
H: 3.36887 0.571539 0.475819
141
gcm: 0.526187 0.853864 -1.03148
H: 0.418819 -0.373136 0.0996097
142
gcm: 0.525112 0.854757 -1.02379
H: 0.833543 -0.933239 -0.0494502
143
gcm: 0.523154 0.854934 -1.01654
H: 3.00284 1.4385 0.0713833
144
gcm: 0.521615 0.85557 -1.00796
H: 2.84566 -0.0749851 0.012312
145
gcm: 0.520205 0.856519 -1.00043
H: 1.34814 0.162961 -0.244781
146
gcm: 0.518833 0.858164 -0.9933
H: 1.57999 0.25878 -0.653867
147
gcm: 0.517094 0.85961 -0.985573
H: 3.18844 0.652579 -0.38627
148
gcm: 0.515287 0.861277 -0.97711
H: 3.41104 0.69862 0.443294
149
gcm: 0.513868 0.863506 -0.969044
H: 2.88115 1.02081 -0.0410998
150
gcm: 0.512403 0.865844 -0.960982
H: 3.31551 0.499465 -0.615087
151
gcm: 0.511314 0.867847 -0.952639
H: 2.00229 0.911234 -0.337835
152
gcm: 0.509322 0.869885 -0.944475
H: 3.00748 0.748545 -0.366127
153
gcm: 0.50784 0.872476 -0.936274
H: 3.52784 0.906802 -0.870975
154
gcm: 0.506787 0.875265 -0.927915
H: -0.65146 0.0356673 0.133415
155
gcm: 0.50541 0.87814 -0.91946
H: -5.71547 -1.00731 1.27749
156
gcm: 0.504273 0.881113 -0.910529
H: -4.05195 -0.251393 0.569219
157
gcm: 0.503286 0.883866 -0.901598
H: -0.403337 0.835269 -0.558162
158
gcm: 0.50204 0.88649 -0.892827
H: -0.376581 0.278417 -1.12015
159
gcm: 0.501178 0.888495 -0.884106
H: -0.558339 0.132135 -0.449514
160
gcm: 0.499594 0.890177 -0.875497
H: -0.0679147 -0.107011 0.637035
161
gcm: 0.498104 0.892357 -0.867224
H: -0.492721 0.161876 -0.17325
162
gcm: 0.496966 0.894524 -0.858812
H: 2.25353 1.26538 -1.42699
163
gcm: 0.495932 0.896392 -0.850269
H: 9.98207 2.99598 -3.00514
164
gcm: 0.494985 0.898496 -0.840372
H: -12.656 -3.26775 3.47997
165
gcm: 0.493882 0.900134 -0.830975
H: -3.5956 -0.715752 0.524831
166
gcm: 0.492913 0.901266 -0.821896
H: 1.13862 0.420051 -0.461915
167
gcm: 0.49208 0.902226 -0.812586
H: 0.35464 0.0911457 0.274837
168
gcm: 0.491553 0.903024 -0.802882
H: -1.5479 -0.608676 1.05624
169
gcm: 0.491233 0.903315 -0.788404
H: -1.1368 -0.500492 0.370238
170
gcm: 0.489736 0.90402 -0.783758
H: 0.12089 0.0596523 -0.633504
171
gcm: 0.488464 0.90458 -0.77767
H: 1.05076 0.146257 -0.827004
172
gcm: 0.488049 0.904664 -0.769368
H: 1.55455 0.165373 -0.529916
173
gcm: 0.487693 0.904144 -0.760009
H: 1.46353 0.24282 -0.72815
174
gcm: 0.487304 0.903988 -0.750163
H: 0.498739 0.187335 -0.883778
175
gcm: 0.487282 0.904116 -0.740098
H: -2.4866 -0.466054 0.0689075
176
gcm: 0.487634 0.903502 -0.729297
H: -3.27751 -0.800214 0.702268
177
gcm: 0.488413 0.902384 -0.713621
H: -2.69023 -0.588948 1.03833
178
gcm: 0.488544 0.902002 -0.70471
H: 0.107227 -0.264726 0.42875
179
gcm: 0.489582 0.901354 -0.696137
H: 1.75745 0.0338993 -0.4932
180
gcm: 0.488288 0.900928 -0.685593
H: -0.564348 0.109256 0.160178
181
gcm: 0.48692 0.901597 -0.684141
H: -2.12178 -0.759232 0.89688
182
gcm: 0.486886 0.900873 -0.676691
H: -0.539008 -0.276332 -0.267482
183
gcm: 0.487819 0.899517 -0.665532
H: 2.79776 0.429602 -1.21326
184
gcm: 0.488422 0.898762 -0.654743
H: 4.51935 0.609756 -1.90771
185
gcm: 0.489987 0.899244 -0.641228
H: -10.629 -1.59819 4.00311
186
gcm: 0.488445 0.899922 -0.637909
H: 1.00811 0.0549138 -0.616431
187
gcm: 0.490196 0.89986 -0.624002
H: -0.654789 -0.0883468 -0.283094
188
gcm: 0.490766 0.899933 -0.611842
H: 0.6514 -0.111875 -0.555086
189
gcm: 0.491097 0.900277 -0.602119
H: -3.16615 -0.404633 -0.660806
190
gcm: 0.491423 0.899943 -0.594443
H: -4.11677 -0.314386 -0.184385
191
gcm: 0.491168 0.899893 -0.588886
H: 0.225689 -0.435043 1.80259
192
gcm: 0.490665 0.900559 -0.583294
H: -0.114923 -0.51803 1.70646
193
gcm: 0.491131 0.900373 -0.574976
H: -1.47978 -0.00501759 -0.636105
194
gcm: 0.492556 0.899833 -0.563713
H: 0.0308681 -0.612968 0.0759396
195
gcm: 0.492736 0.90003 -0.555723
H: -0.358964 -0.374798 0.148974
196
gcm: 0.494926 0.900305 -0.543851
H: -0.848044 -0.850306 0.10384
197
gcm: 0.494398 0.900055 -0.538102
H: -0.134702 -0.0147414 0.162669
198
gcm: 0.496108 0.900496 -0.527266
H: -1.31108 -0.276365 0.941772
199
gcm: 0.495753 0.901285 -0.520788
H: -2.09197 -0.179985 0.110417
200
gcm: 0.496171 0.901416 -0.513497
H: -1.82236 -0.234916 -0.647929
201
gcm: 0.497237 0.901359 -0.505567
H: -1.13773 -0.305689 0.111581
202
gcm: 0.498441 0.900992 -0.497444
H: -2.75216 -0.180648 0.944615
203
gcm: 0.499201 0.900603 -0.489628
H: -1.12411 -0.144346 0.25791
204
gcm: 0.499782 0.900642 -0.48184
H: 0.442397 -0.171389 -0.212609
205
gcm: 0.500603 0.901421 -0.473793
H: -3.33752 0.143287 0.249411
206
gcm: 0.501516 0.901492 -0.465898
H: -2.25382 0.11421 1.05456
207
gcm: 0.502107 0.901436 -0.458408
H: 1.28965 -0.368404 0.679353
208
gcm: 0.502725 0.901365 -0.451176
H: 0.159922 -0.00409201 -0.522107
209
gcm: 0.503529 0.901059 -0.444185
H: -0.231339 0.170312 0.656728
210
gcm: 0.504526 0.900557 -0.436363
H: -0.607146 0.0498911 0.892355
211
gcm: 0.505676 0.899923 -0.428547
H: -1.03126 -0.140583 0.371538
212
gcm: 0.507048 0.899369 -0.420073
H: 0.0168022 -0.668917 -0.542858
213
gcm: 0.508323 0.899278 -0.411656
H: 1.19452 -1.09351 -1.39203
214
gcm: 0.509387 0.898765 -0.404427
H: 0.0753969 -0.0215674 -0.212768
215
gcm: 0.510648 0.898238 -0.396412
H: -4.69005 0.561103 1.22387
216
gcm: 0.512097 0.896894 -0.388713
H: -3.70737 0.58818 0.883876
217
gcm: 0.513473 0.895035 -0.381416
H: 3.70759 0.0302806 -0.529766
218
gcm: 0.515102 0.892914 -0.373578
H: 6.78391 -0.293977 -1.17016
219
gcm: 0.516834 0.891072 -0.365309
H: 2.89149 -0.116842 -1.09559
220
gcm: 0.518543 0.8888 -0.357469
H: 0.543265 -0.21692 -0.750857
221
gcm: 0.519915 0.887474 -0.350169
H: 0.345339 -0.0010612 -0.327828
222
gcm: 0.521691 0.885684 -0.341872
H: -1.50105 0.209381 0.577248
223
gcm: 0.523305 0.883499 -0.33318
H: -1.05055 0.0826403 1.31495
224
gcm: 0.524383 0.882367 -0.325307
H: 0.96834 0.106191 0.792345
225
gcm: 0.525371 0.882867 -0.317794
H: 2.69536 0.321707 -0.599766
226
gcm: 0.526998 0.882195 -0.309271
H: 5.10036 0.0604304 -2.22116
227
gcm: 0.529313 0.880765 -0.30003
H: 2.90996 -0.226029 -1.47056
228
gcm: 0.531751 0.878104 -0.291631
H: 2.17649 -0.33793 -0.0365081
229
gcm: 0.533738 0.87715 -0.283651
H: 4.59905 -0.351408 0.169211
230
gcm: 0.535617 0.87648 -0.274659
H: 2.41621 -0.438571 -0.455907
231
gcm: 0.537606 0.87534 -0.266147
H: 3.29813 -0.276308 -0.61474
232
gcm: 0.53938 0.874547 -0.258438
H: 2.1678 -0.0305225 -1.23765
233
gcm: 0.541277 0.874254 -0.24895
H: 0.436192 0.0987772 -0.663019
234
gcm: 0.542851 0.874256 -0.240648
H: 0.734294 0.146992 -0.20598
235
gcm: 0.544584 0.874313 -0.231554
H: 2.21527 0.0801232 -0.165287
236
gcm: 0.546355 0.874714 -0.222036
H: 3.54363 -0.323658 -0.0749534
237
gcm: 0.548338 0.875298 -0.213642
H: 3.50921 -0.480823 0.127472
238
gcm: 0.550225 0.875649 -0.205733
H: 1.43089 -0.409676 0.255457
239
gcm: 0.552337 0.876036 -0.196709
H: -0.558301 -0.224801 0.518831
240
gcm: 0.554344 0.876187 -0.187983
H: 0.734752 0.01418 0.228135
241
gcm: 0.556157 0.876284 -0.178863
H: 2.85933 -0.417708 0.327106
242
gcm: 0.558058 0.876861 -0.169547
H: 5.03379 -0.697718 0.365739
243
gcm: 0.559883 0.878308 -0.160837
H: 3.74357 -0.456715 0.1871
244
gcm: 0.561687 0.880232 -0.152398
H: -0.0205032 -0.0776069 -0.174664
245
gcm: 0.563571 0.881784 -0.143759
H: 0.242945 -0.30044 0.234231
246
gcm: 0.564902 0.882996 -0.134555
H: 3.15943 -0.458193 0.32759
247
gcm: 0.566943 0.885042 -0.126064
H: 3.37211 -0.689128 -0.829734
248
gcm: 0.568955 0.886487 -0.116138
H: 2.71824 -0.665148 -0.0333706
249
gcm: 0.570918 0.88808 -0.106539
H: -0.144786 0.177157 0.489897
250
gcm: 0.572327 0.890193 -0.0963103
H: -0.373621 -0.338711 0.489866
251
gcm: 0.573797 0.891749 -0.0863152
H: -0.178342 -0.144146 0.448123
252
gcm: 0.57491 0.893519 -0.0770794
H: -0.874501 -0.0040042 0.460302
253
gcm: 0.575651 0.895977 -0.068064
H: 0.561743 -0.343359 0.228975
254
gcm: 0.576653 0.898174 -0.0582352
H: -0.0357039 -0.206285 -0.132311
255
gcm: 0.577847 0.899644 -0.0479442
H: -0.706734 -0.0756923 0.51796
256
gcm: 0.578435 0.901027 -0.0382948
H: 0.0661624 -0.259069 1.3767
257
gcm: 0.579106 0.902574 -0.0291056
H: 0.665544 -0.442357 0.814269
258
gcm: 0.580034 0.904155 -0.0189107
H: -1.47988 0.298799 0.261023
259
gcm: 0.580876 0.905738 -0.00861712
H: -2.20964 0.352023 0.491216
260
gcm: 0.581604 0.907533 0.00141684
H: -0.658171 -0.0371757 0.495579
261
gcm: 0.582315 0.91005 0.0116288
H: -1.89271 0.414649 -0.160912
262
gcm: 0.582754 0.911112 0.0215978
H: -1.58402 0.436439 -0.228412
263
gcm: 0.583282 0.912053 0.0317254
H: -0.345388 0.182107 -0.204401
264
gcm: 0.584128 0.913113 0.0417736
H: -0.353308 0.188895 -0.683911
265
gcm: 0.584845 0.913619 0.0518188
H: -0.40165 0.173482 -0.18936
266
gcm: 0.585249 0.913101 0.0621729
H: -2.16776 0.465089 0.169771
267
gcm: 0.585979 0.914035 0.0723456
H: -4.65198 0.746633 -0.521347
268
gcm: 0.58685 0.915828 0.0823748
H: -2.69003 0.552617 -0.133923
269
gcm: 0.587587 0.916503 0.092388
H: 0.906689 0.12008 0.227584
270
gcm: 0.587614 0.916829 0.102564
H: 0.940742 -0.105884 -0.0960993
271
gcm: 0.587644 0.916213 0.112317
H: -2.05205 0.126273 -0.530221
272
gcm: 0.587992 0.915862 0.12201
H: -3.20707 0.492792 0.0085652
273
gcm: 0.588387 0.91582 0.1324
H: -3.07495 0.534568 0.153797
274
gcm: 0.588721 0.915827 0.142073
H: -1.50475 0.245096 -0.183796
275
gcm: 0.589237 0.91532 0.152012
H: 1.3664 0.094289 -0.161576
276
gcm: 0.589633 0.914824 0.162175
H: 0.422763 0.201877 -0.537684
277
gcm: 0.58966 0.914469 0.171674
H: -1.14957 0.243815 -0.304874
278
gcm: 0.589794 0.914505 0.180966
H: 0.243653 0.135672 0.31048
279
gcm: 0.590215 0.91486 0.191172
H: -0.0217864 0.362371 0.511376
280
gcm: 0.590569 0.915353 0.201215
H: -1.78364 0.282775 0.376031
281
gcm: 0.590736 0.916064 0.210136
H: -1.8107 -0.136141 0.0420322
282
gcm: 0.590638 0.916885 0.219078
H: -1.57996 0.0756782 -0.0735341
283
gcm: 0.590674 0.917778 0.228967
H: -2.77522 0.421351 -0.165042
284
gcm: 0.591006 0.918553 0.239256
H: -3.51218 0.284964 -0.0719573
285
gcm: 0.590964 0.918785 0.248944
H: -2.1967 0.246351 0.338618
286
gcm: 0.590571 0.918488 0.257613
H: -2.162 0.400566 -0.103335
287
gcm: 0.591373 0.919337 0.266996
H: -2.16324 0.279617 -0.294844
288
gcm: 0.591595 0.920498 0.276006
H: -1.1136 0.292367 0.12756
289
gcm: 0.591499 0.920336 0.285075
H: -1.03549 0.331938 0.298546
290
gcm: 0.591517 0.920348 0.293794
H: 0.472449 0.38896 0.71193
291
gcm: 0.591603 0.921226 0.302518
H: 1.32454 0.366356 0.951705
292
gcm: 0.591542 0.922592 0.311065
H: -2.55423 0.189682 0.301656
293
gcm: 0.590956 0.923791 0.319426
H: -2.3848 0.0067703 -0.601174
294
gcm: 0.590779 0.924194 0.327896
H: 0.0303195 0.380107 -0.721219
295
gcm: 0.591017 0.924248 0.337051
H: 0.0754143 0.878979 -0.242553
296
gcm: 0.590811 0.924342 0.345532
H: -2.35878 0.435068 -0.402812
297
gcm: 0.590516 0.924612 0.353403
H: -3.00564 -0.0785234 -0.147633
298
gcm: 0.590244 0.925622 0.361374
H: 0.108647 0.0882997 0.988226
299
gcm: 0.590092 0.926948 0.369475
H: 0.398922 0.260243 0.988262
300
gcm: 0.589708 0.927873 0.377364
H: -1.57556 0.0277336 -1.20082
301
gcm: 0.589311 0.927999 0.385549
H: -3.04669 -0.0402768 -2.37963
302
gcm: 0.589503 0.927622 0.39426
H: -2.93289 0.302349 -1.10326
303
gcm: 0.589245 0.927493 0.402151
H: -1.10247 -0.578989 -0.927471
304
gcm: 0.588716 0.927008 0.410205
H: -0.961842 -0.251356 -0.993092
305
gcm: 0.587966 0.926054 0.418072
H: -0.182805 0.0219607 -0.757834
306
gcm: 0.587314 0.924858 0.425508
H: 0.125028 0.144392 0.126687
307
gcm: 0.586747 0.92372 0.433142
H: -0.669721 0.0864225 0.397537
308
gcm: 0.586001 0.922639 0.441405
H: -0.782346 0.200733 0.481326
309
gcm: 0.585063 0.921101 0.449759
H: 1.58267 0.496798 0.266517
310
gcm: 0.583791 0.919804 0.458141
H: 1.35217 0.346246 1.00937
311
gcm: 0.582745 0.918399 0.466542
H: 0.252247 0.228028 1.91084
312
gcm: 0.582467 0.91632 0.47501
H: -0.313801 0.42712 2.1119
313
gcm: 0.582103 0.914146 0.483274
H: -2.23129 -0.0534639 0.949185
314
gcm: 0.581266 0.91184 0.491452
H: 2.20526 0.239579 -0.604357
315
gcm: 0.580406 0.909927 0.499933
H: 6.86853 1.24546 1.38816
316
gcm: 0.579545 0.90859 0.508317
H: -3.88324 -0.0130427 0.405955
317
gcm: 0.578682 0.906529 0.516578
H: -1.91765 -0.375764 -0.872361
318
gcm: 0.578356 0.904662 0.525331
H: 1.29564 -0.090886 -0.112222
319
gcm: 0.577983 0.903284 0.534831
H: 3.67008 0.304437 1.05642
320
gcm: 0.576512 0.90187 0.544667
H: 1.43804 0.0897113 2.0494
321
gcm: 0.57543 0.90095 0.554013
H: 0.737581 0.124083 2.12522
322
gcm: 0.574359 0.899887 0.562939
H: 2.4121 0.176957 1.0036
323
gcm: 0.572918 0.898345 0.571898
H: 1.81935 -0.0174562 0.817984
324
gcm: 0.571739 0.897227 0.581002
H: 1.90375 0.220144 0.801913
325
gcm: 0.570885 0.896405 0.590102
H: 3.60226 0.568878 0.081432
326
gcm: 0.570014 0.895322 0.59876
H: 3.54676 0.47628 -0.314577
327
gcm: 0.569102 0.894156 0.607133
H: 3.1598 0.295272 -0.0103771
328
gcm: 0.56815 0.893173 0.615869
H: 3.97043 0.351113 0.270724
329
gcm: 0.566907 0.8926 0.624858
H: 2.70567 0.0145117 0.17035
330
gcm: 0.565849 0.892633 0.633692
H: 1.62183 0.0725959 -0.0269095
331
gcm: 0.565838 0.8926 0.643391
H: 3.89275 0.288916 -0.299902
332
gcm: 0.565522 0.892646 0.652174
H: 5.6912 1.31029 -1.05727
333
gcm: 0.564899 0.893286 0.660855
H: 3.54977 0.373205 -0.74345
334
gcm: 0.564243 0.894311 0.669589
H: 1.21379 0.0235897 0.0201677
335
gcm: 0.563821 0.89565 0.678462
H: 3.4213 0.446072 -0.48042
336
gcm: 0.563827 0.897032 0.687638
H: 3.09667 0.640475 -1.05929
337
gcm: 0.563688 0.898347 0.696743
H: 1.3596 0.479433 -0.578603
338
gcm: 0.563259 0.899625 0.705688
H: 1.34012 0.139672 -0.220851
339
gcm: 0.563133 0.900793 0.714214
H: 0.77961 -0.0621525 -0.388733
340
gcm: 0.562713 0.902051 0.723028
H: 1.71294 0.566211 -0.480277
341
gcm: 0.562938 0.903907 0.732312
H: 1.78654 0.887635 -0.700574
342
gcm: 0.563408 0.906031 0.741465
H: -0.745432 0.160669 -0.489837
343
gcm: 0.563926 0.908166 0.749668
H: -0.0902695 -0.207548 -0.624019
344
gcm: 0.564072 0.909795 0.756755
H: 3.20074 0.145244 -0.66881
345
gcm: 0.564082 0.910945 0.765172
H: 2.33948 0.422959 -0.323037
346
gcm: 0.565035 0.913155 0.77613
H: -0.0274023 0.311118 -0.493182
347
gcm: 0.565143 0.914508 0.785412
H: 1.61379 0.276366 0.614467
348
gcm: 0.565238 0.915652 0.794228
H: 1.18908 0.0892451 0.84954
349
gcm: 0.564969 0.91678 0.802856
H: -2.07511 -0.278339 -0.139798
350
gcm: 0.564978 0.917872 0.811931
H: -1.21056 -0.132511 -0.750468
351
gcm: 0.565541 0.919082 0.821707
H: -8.24669 -2.1075 1.81269
352
gcm: 0.566141 0.920559 0.830257
H: 5.84834 1.5561 -2.29883
353
gcm: 0.566661 0.922165 0.838973
H: -0.679709 -0.234647 -0.309571
354
gcm: 0.566803 0.923305 0.847828
H: -1.48964 -0.528089 0.427316
355
gcm: 0.567086 0.923699 0.856662
H: -2.36392 -0.385489 0.151128
356
gcm: 0.567539 0.924185 0.866178
H: -1.65669 -0.152619 -0.289161
357
gcm: 0.567811 0.92465 0.875232
H: -1.28899 -0.51169 0.0759539
358
gcm: 0.568043 0.924497 0.883482
H: -0.94798 -0.441983 0.128618
359
gcm: 0.568531 0.92457 0.892457
H: -0.177877 -0.0448306 -0.26994
360
gcm: 0.569143 0.925027 0.902441
H: -0.843186 -0.253331 -0.481914
361
gcm: 0.56988 0.924877 0.909959
H: -1.90514 -0.659556 -0.0620231
362
gcm: 0.570538 0.924574 0.918193
H: -2.21256 -0.455336 -0.106364
363
gcm: 0.57104 0.924562 0.927209
H: -1.215 -0.406922 -0.382471
364
gcm: 0.5713 0.924195 0.937289
H: 0.499891 -0.395585 0.340378
365
gcm: 0.571887 0.923895 0.94664
H: 0.607315 -0.141259 0.671709
366
gcm: 0.572337 0.923771 0.954705
H: -3.68594 -0.243567 0.0713137
367
gcm: 0.57272 0.924 0.963423
H: -4.19099 -0.293991 -0.866688
368
gcm: 0.573514 0.924374 0.9723
H: 0.994659 0.0486533 -1.67337
369
gcm: 0.573983 0.924608 0.980951
H: 1.05473 -0.107939 -0.654482
370
gcm: 0.574163 0.924853 0.989573
H: -1.42189 -0.440646 0.5029
371
gcm: 0.574609 0.925006 0.998104
H: 0.141929 -0.298111 0.30989
372
gcm: 0.575124 0.92525 1.00693
H: 0.009837 -0.234998 0.373231
373
gcm: 0.575418 0.925893 1.01553
H: -3.34405 -0.368316 0.0774205
374
gcm: 0.57595 0.926989 1.02377
H: -2.23255 -0.376704 -0.0936671
375
gcm: 0.576612 0.927745 1.03229
H: 1.5861 -0.305254 0.77624
376
gcm: 0.576943 0.928445 1.04104
H: -2.65065 -0.35944 0.200881
377
gcm: 0.577317 0.929295 1.04978
H: -3.35627 -0.4601 0.246805
378
gcm: 0.577237 0.928902 1.05835
H: -4.0393 -0.320787 -0.0832047
379
gcm: 0.577769 0.928225 1.0657
H: 0.644556 -0.22651 1.47209
380
gcm: 0.577929 0.928016 1.07363
H: -2.69137 -0.0982402 -0.576757
381
gcm: 0.57821 0.928768 1.08207
H: -2.18913 -0.310773 -0.507806
382
gcm: 0.578584 0.929012 1.09003
H: -1.8727 -0.39496 -0.354719
383
gcm: 0.579057 0.929038 1.09748
H: -0.556999 -0.294395 -0.365389
384
gcm: 0.579738 0.929646 1.10579
H: 1.12171 -0.207892 0.469118
385
gcm: 0.580188 0.930596 1.1142
H: 0.95564 -0.315264 0.624297
386
gcm: 0.58028 0.930878 1.1219
H: -0.29108 -0.241586 0.233474
387
gcm: 0.580751 0.930911 1.13022
H: 0.0200308 0.113141 -0.0591083
388
gcm: 0.58135 0.931145 1.13893
H: 1.19494 -0.0333387 -0.20045
389
gcm: 0.581547 0.931079 1.14674
H: -1.7272 -0.1406 0.76661
390
gcm: 0.581804 0.930442 1.15437
H: -5.10877 0.157729 1.19474
391
gcm: 0.582071 0.930263 1.16219
H: -2.3327 0.0335417 0.0104014
392
gcm: 0.582396 0.930833 1.16965
H: 1.80226 -0.372662 -0.0253369
393
gcm: 0.583363 0.931089 1.17635
H: 4.3309 -0.0954146 1.12284
394
gcm: 0.583242 0.930661 1.18389
H: 1.17464 -0.16082 1.428
395
gcm: 0.583525 0.930083 1.19206
H: -2.7945 0.0919069 1.26592
396
gcm: 0.584242 0.929151 1.20009
H: -2.1247 0.276115 0.299056
397
gcm: 0.585156 0.929369 1.20754
H: 1.29749 -0.0507709 -1.17568
398
gcm: 0.585639 0.92872 1.21464
H: 3.44208 0.0784294 0.166278
399
gcm: 0.585768 0.92799 1.22204
H: -1.15218 0.0587635 0.463634
400
gcm: 0.586702 0.927058 1.22939
H: -1.26651 -0.00679319 -0.890665
401
gcm: 0.587952 0.926203 1.23718
H: 1.10161 -0.59219 -0.776605
402
gcm: 0.588516 0.924993 1.24508
H: 0.218009 -0.0781885 0.446759
403
gcm: 0.589202 0.92335 1.25296
H: 1.33136 -0.0312233 0.0905988
404
gcm: 0.590312 0.92154 1.26008
H: 1.83497 0.119991 -0.0315796
405
gcm: 0.591303 0.919122 1.26764
H: -1.54321 -0.187481 -0.987974
406
gcm: 0.592348 0.917163 1.27525
H: -0.830445 0.331129 -0.802617
407
gcm: 0.593903 0.915517 1.28309
H: 0.813003 -0.26043 -0.648299
408
gcm: 0.594294 0.913452 1.29139
H: 1.7406 -0.492744 -0.691568
409
gcm: 0.595938 0.911996 1.29798
H: 3.31412 0.173504 -0.00618706
410
gcm: 0.597403 0.911662 1.30601
H: 1.69713 0.0428389 0.343806
411
gcm: 0.598462 0.91227 1.3131
H: 2.58073 -0.107809 0.0262902
412
gcm: 0.600239 0.91182 1.32215
H: 3.88805 -0.262212 -0.217682
413
gcm: 0.602136 0.911323 1.3308
H: 3.21524 -0.227898 -0.0260398
414
gcm: 0.603732 0.910316 1.33907
H: 3.57266 -0.0191652 -0.306806
415
gcm: 0.605277 0.909308 1.34756
H: 6.92284 -0.450118 -1.37389
416
gcm: 0.60682 0.907779 1.35591
H: 5.74606 -0.31369 -1.22699
417
gcm: 0.608047 0.907594 1.36423
H: 1.28334 -0.535042 -0.433024
418
gcm: 0.608732 0.9072 1.37113
H: 2.56239 -0.700704 0.106037
419
gcm: 0.609895 0.906636 1.37986
H: 2.49182 -0.0305675 -0.728678
420
gcm: 0.61169 0.90642 1.38789
H: -0.274841 0.3529 -0.701125
421
gcm: 0.61308 0.906627 1.39585
H: 4.50784 -0.941342 1.03186
422
gcm: 0.614079 0.907944 1.40421
H: 13.3088 -2.82405 2.96899
423
gcm: 0.615991 0.909051 1.41193
H: -1.78355 0.749683 -1.58502
424
gcm: 0.617508 0.910068 1.42022
H: -1.78042 0.456268 -0.190042
425
gcm: 0.61919 0.91102 1.43094
H: 3.03563 -0.498283 0.15383
426
gcm: 0.62079 0.912462 1.43979
H: 2.94384 -0.534394 -0.571563
427
gcm: 0.622204 0.914063 1.44768
H: -1.77128 0.450902 -1.25402
428
gcm: 0.623212 0.915427 1.45484
H: 2.07372 -0.408127 0.168704
429
gcm: 0.624144 0.917002 1.4617
H: 7.90434 -2.06034 2.42918
430
gcm: 0.625522 0.918746 1.46953
H: 2.77676 -0.9676 1.58705
431
gcm: 0.626886 0.92048 1.47916
H: -2.64423 0.433497 -0.234861
432
gcm: 0.627476 0.922149 1.48513
H: 0.418663 -0.109845 0.137718
433
gcm: 0.62889 0.923474 1.49751
H: 1.01156 -0.42367 0.40291
434
gcm: 0.628916 0.923172 1.50592
H: -2.43468 0.372036 -0.119086
435
gcm: 0.631523 0.927278 1.51747
H: -0.184959 -0.102893 -0.628804
436
gcm: 0.633052 0.929115 1.5279
H: 1.38629 -0.715862 0.700414
437
gcm: 0.632078 0.929884 1.53637
H: -1.57745 0.122104 1.81452
438
gcm: 0.631967 0.930813 1.54316
H: -1.95914 0.643404 0.837506
439
gcm: 0.634111 0.933066 1.55568
H: -2.67096 -0.131837 -0.272361
440
gcm: 0.63418 0.933934 1.56265
H: 0.248881 -0.450511 0.749792
441
gcm: 0.637068 0.937474 1.57255
H: -1.06393 0.139407 -0.719044
442
gcm: 0.638591 0.939108 1.58478
H: -0.803078 0.49357 -1.70001
443
gcm: 0.638943 0.941124 1.5971
H: -1.42647 0.710819 -1.03589
444
gcm: 0.638635 0.940646 1.60238
H: -2.54135 0.417473 0.597618
445
gcm: 0.638713 0.943141 1.61262
H: 1.17721 0.131163 -0.662976
446
gcm: 0.638996 0.943377 1.62237
H: -4.00894 0.651043 0.560463
447
gcm: 0.640339 0.943218 1.63397
H: -4.63366 0.752132 0.131563
448
gcm: 0.64099 0.943593 1.64333
H: -1.88463 0.486282 -0.357377
449
gcm: 0.641061 0.944158 1.65151
H: -1.80199 0.507355 -0.358016
450
gcm: 0.642005 0.944803 1.66341
H: -2.20259 0.816783 -0.873441
451
gcm: 0.642953 0.945259 1.67367
H: -1.09267 -0.207389 -0.312273
452
gcm: 0.643439 0.945822 1.68363
H: 0.128528 0.0191219 0.129777
453
gcm: 0.643619 0.946492 1.69374
H: -0.284129 0.382305 0.0892606
454
gcm: 0.643767 0.946397 1.70307
H: -1.65132 0.366672 0.152528
455
gcm: 0.644328 0.945664 1.71261
H: -1.70213 0.336382 -0.155145
456
gcm: 0.644724 0.944757 1.72247
H: -0.904923 0.289331 0.294329
457
gcm: 0.644795 0.944194 1.7316
H: 1.03079 -0.0173848 0.0362288
458
gcm: 0.645469 0.943877 1.74162
H: -0.374998 0.369772 0.162761
459
gcm: 0.645731 0.944391 1.75257
H: -2.96264 0.623445 -0.449223
460
gcm: 0.645453 0.945402 1.76056
H: -1.41268 0.323076 -0.689692
461
gcm: 0.646029 0.94583 1.76959
H: -0.550931 0.35266 0.167092
462
gcm: 0.646297 0.946809 1.77934
H: -0.158992 0.418335 0.44105
463
gcm: 0.646104 0.948009 1.78894
H: 0.130819 0.283813 0.805018
464
gcm: 0.646558 0.94791 1.79851
H: -1.13261 -0.189391 0.539951
465
gcm: 0.646747 0.947815 1.80718
H: -2.2493 0.674946 0.500464
466
gcm: 0.64648 0.948151 1.81684
H: -2.40877 -0.0112602 0.159866
467
gcm: 0.646732 0.94987 1.8238
H: -0.0668057 -1.63097 -1.34378
468
gcm: 0.647358 0.950719 1.83373
H: -0.0284778 0.245628 0.0461026
469
gcm: 0.647579 0.95015 1.84163
H: -0.720437 0.248495 0.173883
470
gcm: 0.646944 0.950516 1.85095
H: -3.312 0.53397 0.0763499
471
gcm: 0.646793 0.951733 1.86071
H: -1.62602 0.757194 0.196464
472
gcm: 0.647138 0.952166 1.87018
H: -0.596939 -0.0682957 0.272104
473
gcm: 0.647084 0.952575 1.87822
H: -1.00231 0.486587 0.432148
474
gcm: 0.647202 0.95367 1.88522
H: 0.709067 0.194764 -0.551265
475
gcm: 0.647539 0.954596 1.89326
H: 0.00419913 0.412112 -0.436838
476
gcm: 0.647372 0.954293 1.90213
H: -1.007 0.472557 0.36041
477
gcm: 0.646777 0.953238 1.91247
H: -1.92842 0.375062 1.03054
478
gcm: 0.646781 0.953961 1.91974
H: -0.198119 0.132281 0.926066
479
gcm: 0.646607 0.954613 1.92751
H: 1.04417 0.168879 0.378499
480
gcm: 0.646417 0.954929 1.93522
H: -1.96971 0.143203 -0.0389152
481
gcm: 0.646535 0.955006 1.9427
H: -3.79521 -0.0165692 -0.970718
482
gcm: 0.646814 0.95497 1.9502
H: -1.18229 0.251647 0.430998
483
gcm: 0.646867 0.954734 1.95837
H: -1.26009 0.0182525 0.546703
484
gcm: 0.646256 0.95431 1.96739
H: -3.07277 -0.0291727 -0.805659
485
gcm: 0.645728 0.954111 1.97511
H: -1.08709 -0.102438 -0.326768
486
gcm: 0.64582 0.954124 1.98117
H: -1.3715 -0.0226203 -0.205529
487
gcm: 0.645754 0.953731 1.9881
H: -0.951152 0.170133 -0.0641547
488
gcm: 0.645216 0.952922 1.99496
H: -0.898238 -0.0252778 0.233285
489
gcm: 0.64438 0.951859 2.00194
H: 1.29795 0.308003 1.20768
490
gcm: 0.644158 0.950912 2.00996
H: 10.0139 1.79408 2.64995
491
gcm: 0.644164 0.949712 2.01794
H: 0.377073 -0.0240688 -0.395105
492
gcm: 0.643701 0.947562 2.0254
H: -1.66244 -0.313677 -1.33496
493
gcm: 0.642765 0.946223 2.03391
H: -2.45033 -0.37453 0.0461005
494
gcm: 0.640989 0.943642 2.04117
H: -19.6531 -3.17665 -3.80228
495
gcm: 0.639749 0.94242 2.04926
H: -0.731244 0.272753 0.439761
496
gcm: 0.63914 0.940978 2.05647
H: 2.52551 0.447786 -0.715116
497
gcm: 0.638033 0.938893 2.06479
H: 1.13122 0.128341 -0.371838
498
gcm: 0.636782 0.934829 2.07097
H: -1.47179 -0.318566 0.452141
499
gcm: 0.634856 0.932932 2.07755
H: 0.30206 -0.0734689 -0.309801
500
gcm: 0.633353 0.931106 2.08496
H: 1.01247 0.253491 -0.126806
501
gcm: 0.632713 0.927818 2.0926
H: 1.45058 0.251068 -0.415566
502
gcm: 0.632326 0.924976 2.09983
H: 0.524046 -0.218891 -0.233662
503
gcm: 0.631225 0.924504 2.10801
H: -2.03189 -0.701395 0.735864
504
gcm: 0.629286 0.924457 2.11569
H: -1.62617 -0.466283 0.805954
505
gcm: 0.628362 0.923164 2.12304
H: 0.28687 -0.101054 -0.374068
506
gcm: 0.626274 0.922454 2.13137
H: -0.444779 -0.142782 -0.228569
507
gcm: 0.624771 0.921041 2.13924
H: -1.19669 -0.231074 0.603447
508
gcm: 0.624178 0.919991 2.1467
H: -0.804109 -0.198154 0.321824
509
gcm: 0.62227 0.919697 2.15429
H: 0.53939 -0.0256724 -0.0864514
510
gcm: 0.621076 0.919459 2.16201
H: 2.5589 0.265003 -0.304217
511
gcm: 0.619008 0.918764 2.16954
H: 1.78811 0.658717 -0.163427
512
gcm: 0.61756 0.917957 2.17557
H: 1.95876 0.224202 -0.867041
513
gcm: 0.616196 0.917727 2.18057
H: 1.41678 -0.468883 -0.660253
514
gcm: 0.616005 0.917574 2.18867
H: 2.63414 0.538878 -0.519959
515
gcm: 0.614005 0.917351 2.19595
H: 4.65569 1.09206 -1.74689
516
gcm: 0.61415 0.916934 2.20762
H: 3.64085 0.618866 0.230703
516
gcm: 0.61415 0.916934 2.20762
H: 0 0 0
