:metadata
 
Skeleton: /Network/Servers/duerer/Volumes/duerer/laturnus/workspace/new_acm/mocapPlayer/mocapPlayer/07-walk.asf
Motion: /Network/Servers/duerer/Volumes/duerer/laturnus/workspace/new_acm/amc/07_01-walk.amc
Mass Distribution: /Network/Servers/duerer/Volumes/duerer/laturnus/workspace/new_acm/amd/pointmass.amd
 
Inital skeleton translation: 0 0 0
Initial skeleton rotation: 0 0 0
 
:data
1
gcm: 0.524163 0.879009 -1.84396
H: 7.31903 1.10048 -0.670906
2
gcm: 0.523416 0.877709 -1.83355
H: 7.00926 1.05085 -1.69768
3
gcm: 0.522345 0.877472 -1.8224
H: 3.96335 1.14667 -0.791124
4
gcm: 0.52121 0.876582 -1.81038
H: 1.8198 0.0640733 1.23441
5
gcm: 0.520175 0.876147 -1.79855
H: 2.95002 0.185802 1.46716
6
gcm: 0.519286 0.876346 -1.78703
H: 3.71363 0.391086 0.344402
7
gcm: 0.518745 0.876781 -1.77569
H: 4.75855 1.25533 -1.35571
8
gcm: 0.518002 0.877282 -1.76407
H: 6.65801 1.94782 -2.36027
9
gcm: 0.516811 0.877617 -1.75233
H: 4.27586 1.14607 -1.90485
10
gcm: 0.516158 0.877975 -1.74104
H: 2.60851 0.44865 -1.09642
11
gcm: 0.516124 0.878951 -1.7295
H: 4.59451 1.09495 -1.04385
12
gcm: 0.515908 0.879861 -1.71742
H: 1.42692 1.01639 -0.524718
13
gcm: 0.515126 0.880826 -1.70539
H: -8.2205 -1.36531 -0.392031
14
gcm: 0.514319 0.882243 -1.69428
H: -3.30554 -0.927923 1.63495
15
gcm: 0.51459 0.883616 -1.6816
H: -1.88937 -0.157134 0.659902
16
gcm: 0.514017 0.884485 -1.66983
H: -0.604792 -0.437346 -0.927096
17
gcm: 0.513898 0.885662 -1.65827
H: 0.380059 0.0725098 -0.66768
18
gcm: 0.514572 0.886549 -1.64668
H: 1.39749 0.485204 -0.551753
19
gcm: 0.515799 0.886434 -1.63512
H: 3.8586 0.85674 -0.83826
20
gcm: 0.516487 0.885993 -1.62347
H: 6.0494 0.826652 -1.49537
21
gcm: 0.516779 0.886143 -1.61165
H: 0.414824 -0.162616 -0.640057
22
gcm: 0.517775 0.886693 -1.60091
H: 0.202981 0.491794 -2.41783
23
gcm: 0.517253 0.886672 -1.58861
H: -3.24669 -1.49793 1.80444
24
gcm: 0.517508 0.886182 -1.57776
H: -0.74777 -0.532387 -0.667639
25
gcm: 0.51809 0.885483 -1.56628
H: -0.905123 -0.406205 -0.376457
26
gcm: 0.519721 0.884638 -1.55552
H: 0.970328 0.0133946 -1.61928
27
gcm: 0.521052 0.883424 -1.5451
H: 6.76226 0.959749 -3.11087
28
gcm: 0.522217 0.882442 -1.53402
H: 0.463689 -0.36231 -0.671745
29
gcm: 0.52314 0.88164 -1.52191
H: -6.74386 -1.85104 1.73107
30
gcm: 0.523783 0.880503 -1.50978
H: -9.04918 -2.31258 1.58577
31
gcm: 0.524065 0.878902 -1.49805
H: -5.10715 -0.783929 1.66893
32
gcm: 0.524374 0.877489 -1.48599
H: 2.82504 -0.086259 1.00822
33
gcm: 0.525081 0.876107 -1.47372
H: 7.03218 -0.403245 -0.176872
34
gcm: 0.526229 0.876128 -1.46095
H: -6.56917 -1.05247 -4.34996
35
gcm: 0.527311 0.876711 -1.44813
H: -4.42172 -1.34277 -1.07691
36
gcm: 0.527885 0.87613 -1.43594
H: 4.91307 -1.66969 5.86753
37
gcm: 0.528921 0.875434 -1.42421
H: -3.89906 -0.565968 -3.04857
38
gcm: 0.529679 0.875148 -1.41243
H: -3.51712 -0.600108 -0.999315
39
gcm: 0.530422 0.875184 -1.40094
H: -2.15223 0.0591118 0.97648
40
gcm: 0.531047 0.876569 -1.38837
H: -1.96554 -0.356678 -0.0378271
41
gcm: 0.531982 0.877548 -1.37606
H: -0.486336 -0.272739 -0.816944
42
gcm: 0.532494 0.877972 -1.36381
H: -0.265628 -0.438207 -0.329987
43
gcm: 0.533159 0.878691 -1.35165
H: -2.09258 -0.466465 -0.0740062
44
gcm: 0.53415 0.879638 -1.33961
H: -2.15919 -0.337206 -0.796697
45
gcm: 0.535147 0.880646 -1.32808
H: -2.70874 -0.194728 -0.483325
46
gcm: 0.536036 0.881597 -1.31702
H: -1.89399 -0.133825 0.323896
47
gcm: 0.536581 0.882951 -1.30561
H: 1.24562 -0.386535 0.663374
48
gcm: 0.537147 0.884553 -1.29363
H: 0.46314 -0.638532 0.277946
49
gcm: 0.537448 0.885579 -1.28191
H: -2.11039 0.147442 -0.99883
50
gcm: 0.537739 0.886839 -1.27087
H: -3.16184 0.399504 0.134357
51
gcm: 0.538385 0.887641 -1.25894
H: -3.01367 0.025652 0.330202
52
gcm: 0.539231 0.888887 -1.24693
H: 2.42794 -0.819568 -0.143467
53
gcm: 0.539903 0.889858 -1.23615
H: -0.186541 -0.264058 1.30821
54
gcm: 0.540191 0.89034 -1.22524
H: 3.9496 -0.3765 -0.73203
55
gcm: 0.540712 0.890236 -1.21433
H: -1.64671 0.105302 0.16481
56
gcm: 0.541515 0.889813 -1.20349
H: 2.13808 -0.181151 -0.933923
57
gcm: 0.542232 0.889284 -1.19277
H: 2.15818 -0.208275 0.135967
58
gcm: 0.543179 0.888394 -1.18194
H: 1.02714 -0.110181 1.70632
59
gcm: 0.544056 0.887455 -1.17083
H: 3.94886 -0.461195 0.334336
60
gcm: 0.545447 0.887354 -1.15963
H: 4.36387 -0.153369 -2.38804
61
gcm: 0.545968 0.888098 -1.14795
H: 3.2289 -0.533905 -0.890877
62
gcm: 0.547902 0.888545 -1.13688
H: -2.0416 0.807001 -2.02198
63
gcm: 0.548287 0.888312 -1.12548
H: 3.86011 -0.640788 0.742804
64
gcm: 0.549149 0.888215 -1.11524
H: 5.09086 -0.618371 0.571318
65
gcm: 0.550295 0.888344 -1.10459
H: 2.82459 -0.635377 1.08721
66
gcm: 0.551454 0.88838 -1.09281
H: 2.69495 -0.640845 0.347706
67
gcm: 0.552147 0.888233 -1.08073
H: 4.17283 -0.88768 0.141763
68
gcm: 0.55309 0.887943 -1.06879
H: 4.80396 -0.834767 0.69131
69
gcm: 0.554124 0.888238 -1.05726
H: 5.47493 -0.791602 0.860875
70
gcm: 0.554942 0.888769 -1.04556
H: 4.91438 -0.965537 0.771441
71
gcm: 0.555902 0.889758 -1.03359
H: 3.00609 -0.885102 0.522193
72
gcm: 0.557643 0.891095 -1.02166
H: 2.0862 -0.561183 -0.00339953
73
gcm: 0.560012 0.891886 -1.00943
H: 1.17817 -0.26731 0.131073
74
gcm: 0.561566 0.892749 -0.997554
H: 1.30284 -0.260613 1.13557
75
gcm: 0.562398 0.894859 -0.986926
H: 3.80462 -1.07023 0.685597
76
gcm: 0.563662 0.896871 -0.975409
H: 0.469561 -0.37133 0.444281
77
gcm: 0.564991 0.898456 -0.962709
H: -0.262075 -0.337547 0.508962
78
gcm: 0.566048 0.900382 -0.95062
H: 3.28784 -1.35729 1.67895
79
gcm: 0.566824 0.902255 -0.938896
H: 3.4795 -1.333 1.47848
80
gcm: 0.567066 0.904018 -0.926152
H: -0.41973 -0.322078 0.421445
81
gcm: 0.567323 0.905677 -0.913166
H: -2.06097 0.450681 -0.80244
82
gcm: 0.567834 0.907254 -0.900911
H: -0.849587 0.486076 -1.26296
83
gcm: 0.568559 0.909211 -0.888843
H: -2.25793 0.498854 -0.346379
84
gcm: 0.569406 0.910593 -0.876754
H: -1.9831 0.318124 0.173957
85
gcm: 0.569244 0.910989 -0.864436
H: -0.0473877 -0.0701614 0.4214
86
gcm: 0.568692 0.91156 -0.852181
H: -0.54189 -0.0763038 0.451591
87
gcm: 0.568406 0.912238 -0.839325
H: -4.54722 1.05493 -0.608993
88
gcm: 0.568542 0.913049 -0.825939
H: -1.86545 0.633224 0.0589968
89
gcm: 0.568657 0.913773 -0.812716
H: -0.767177 0.312915 0.270458
90
gcm: 0.568686 0.914117 -0.79971
H: -3.13643 0.436744 -0.062496
91
gcm: 0.568417 0.914509 -0.786478
H: -4.10557 0.623656 -0.409755
92
gcm: 0.568041 0.914267 -0.773119
H: -2.43437 0.560327 -0.588354
93
gcm: 0.568081 0.913401 -0.759871
H: -0.89258 0.592485 -0.648689
94
gcm: 0.568301 0.912551 -0.746384
H: -2.54769 0.873741 -0.442986
95
gcm: 0.568216 0.911709 -0.732753
H: -3.35201 1.10489 -0.737715
96
gcm: 0.568063 0.910837 -0.719179
H: -1.23486 0.890123 -0.585607
97
gcm: 0.567793 0.910061 -0.705449
H: -1.57519 0.367667 0.0591628
98
gcm: 0.567371 0.909466 -0.692221
H: -2.29459 0.321287 0.237466
99
gcm: 0.567227 0.90876 -0.678757
H: -2.03667 0.379076 0.250146
100
gcm: 0.567163 0.907807 -0.664614
H: -2.61462 0.502434 0.280047
101
gcm: 0.567165 0.90692 -0.650839
H: -2.64453 0.598046 0.298532
102
gcm: 0.567406 0.906471 -0.63702
H: -1.76405 0.346758 -0.206618
103
gcm: 0.567063 0.906085 -0.624054
H: -1.66147 0.072077 -0.0978001
104
gcm: 0.566278 0.906495 -0.611045
H: -1.75571 0.287929 0.922518
105
gcm: 0.565786 0.907232 -0.597375
H: -0.887402 0.45029 0.244142
106
gcm: 0.56577 0.907466 -0.583604
H: -1.68051 0.517628 -0.0684686
107
gcm: 0.565849 0.907944 -0.570204
H: -2.8646 0.178807 0.802178
108
gcm: 0.565746 0.908424 -0.556689
H: -0.0518087 0.117102 0.574599
109
gcm: 0.565323 0.908503 -0.543385
H: 2.13111 0.754472 1.02731
110
gcm: 0.564637 0.908887 -0.531461
H: -0.424033 -0.13427 0.702527
111
gcm: 0.564174 0.91006 -0.518519
H: -5.10984 0.409287 0.204832
112
gcm: 0.56412 0.911492 -0.504781
H: -3.66103 0.459839 0.110277
113
gcm: 0.564019 0.912433 -0.491833
H: 0.97765 0.341054 -0.196337
114
gcm: 0.56362 0.913544 -0.479638
H: -1.74968 -0.163978 -0.914287
115
gcm: 0.563298 0.91503 -0.46688
H: -6.45979 -0.349914 -0.381601
116
gcm: 0.563645 0.916045 -0.453619
H: -4.08361 -0.0324324 0.225417
117
gcm: 0.563881 0.916921 -0.440831
H: -0.77514 0.194214 0.757188
118
gcm: 0.563631 0.917732 -0.42859
H: -1.01225 -0.0537035 0.150267
119
gcm: 0.563137 0.9177 -0.417026
H: -1.52899 0.0778397 0.0170026
120
gcm: 0.56247 0.917217 -0.406002
H: -0.961741 0.260883 0.30842
121
gcm: 0.561587 0.917064 -0.395009
H: 0.358023 -0.242093 0.29517
122
gcm: 0.560674 0.916556 -0.384131
H: 1.38562 -0.0835663 0.549475
123
gcm: 0.560613 0.914902 -0.37168
H: 2.08571 0.768321 -0.114025
124
gcm: 0.558651 0.913595 -0.362295
H: 2.79905 0.779677 0.165148
125
gcm: 0.557535 0.911881 -0.351702
H: 3.46505 0.738474 1.15536
126
gcm: 0.557165 0.909921 -0.340277
H: 4.26911 1.082 1.77476
127
gcm: 0.556431 0.908998 -0.328405
H: 1.0461 0.375461 1.70146
128
gcm: 0.554976 0.909447 -0.316385
H: -3.27984 -0.443819 0.963933
129
gcm: 0.553538 0.909797 -0.305089
H: 1.14167 -0.172389 0.12914
130
gcm: 0.552096 0.909522 -0.294542
H: 6.15907 0.268954 0.251243
131
gcm: 0.550678 0.908922 -0.283389
H: 4.03773 0.892151 0.424345
132
gcm: 0.549507 0.908259 -0.272104
H: 4.11759 1.65843 -0.435273
133
gcm: 0.547948 0.907889 -0.261348
H: 6.13641 1.41984 -0.925432
134
gcm: 0.547135 0.907702 -0.25055
H: 4.10977 1.15229 -0.403971
135
gcm: 0.546338 0.907305 -0.238761
H: 4.24088 0.366507 0.0293014
136
gcm: 0.545402 0.907762 -0.227888
H: 4.24108 0.453894 -0.687472
137
gcm: 0.544337 0.908497 -0.215759
H: 3.43333 0.718393 0.149449
138
gcm: 0.543741 0.909357 -0.203871
H: 15.6101 4.27793 -4.13833
139
gcm: 0.542771 0.910378 -0.191894
H: 1.00066 0.302627 0.0562586
140
gcm: 0.541419 0.91153 -0.180089
H: -2.47584 -0.387384 0.771585
141
gcm: 0.539674 0.912738 -0.168646
H: -0.267747 -0.0389721 -0.179892
142
gcm: 0.538222 0.913521 -0.157157
H: 0.75076 0.544557 -0.244914
143
gcm: 0.537764 0.914579 -0.145017
H: -1.72119 0.184396 0.4385
144
gcm: 0.537344 0.916006 -0.132975
H: -1.28992 -0.29292 -0.25543
145
gcm: 0.536588 0.917218 -0.121272
H: 2.56683 0.618571 -1.12075
146
gcm: 0.536423 0.918308 -0.109143
H: 3.17104 0.844118 -1.03869
147
gcm: 0.536794 0.919411 -0.0969795
H: -0.89658 -0.35162 0.120657
148
gcm: 0.537125 0.920377 -0.0851223
H: -6.10639 -2.01605 1.28372
149
gcm: 0.537624 0.921099 -0.0731148
H: -4.16318 -1.66012 0.746635
150
gcm: 0.537624 0.921539 -0.0617848
H: 2.25361 0.378778 -1.07765
151
gcm: 0.536992 0.922028 -0.0508992
H: 5.79553 1.51671 -2.57939
152
gcm: 0.537217 0.922928 -0.0388211
H: 0.401825 -0.042738 -0.973827
153
gcm: 0.537918 0.923734 -0.0258863
H: -5.54588 -1.09089 1.65412
154
gcm: 0.53682 0.922738 -0.0149035
H: -2.25975 -0.5849 1.09575
155
gcm: 0.537466 0.922218 -0.00268646
H: 0.113633 -0.295248 -0.659704
156
gcm: 0.538679 0.921774 0.00912603
H: 0.529645 -0.025667 -0.6716
157
gcm: 0.53898 0.921211 0.0213669
H: 2.143 -0.200052 0.258547
158
gcm: 0.539277 0.920083 0.0332909
H: -1.76004 -0.708888 -0.273329
159
gcm: 0.539383 0.918048 0.0449017
H: -2.37838 -0.495468 -1.44161
160
gcm: 0.539912 0.917174 0.0575274
H: -1.03177 -0.0117351 -1.52669
161
gcm: 0.54043 0.916107 0.0701045
H: -4.16916 -0.680325 0.255113
162
gcm: 0.5408 0.915338 0.0821049
H: -2.70528 -0.889889 0.434891
163
gcm: 0.541185 0.914574 0.0936225
H: 1.91519 -0.356039 -0.927533
164
gcm: 0.541912 0.913873 0.105833
H: 1.75815 -0.449594 -0.590306
165
gcm: 0.5427 0.913787 0.118722
H: -1.07622 -0.928315 0.605786
166
gcm: 0.543041 0.913763 0.131065
H: -2.20687 -0.844412 0.118875
167
gcm: 0.543243 0.913796 0.142979
H: -0.995373 -0.486588 -1.03244
168
gcm: 0.543587 0.914672 0.155451
H: -1.03186 -0.663902 0.0142884
169
gcm: 0.544061 0.915648 0.168184
H: -3.02614 -0.737785 1.00681
170
gcm: 0.544729 0.915737 0.180597
H: -2.10078 -0.48513 -0.312251
171
gcm: 0.545726 0.915929 0.193123
H: -1.81481 -0.588156 -0.51279
172
gcm: 0.546665 0.916035 0.205808
H: -1.3673 -0.697395 0.0331455
173
gcm: 0.547209 0.915875 0.217881
H: -0.786487 -0.638302 0.0319433
174
gcm: 0.547887 0.916128 0.23028
H: -3.19739 -0.402194 -0.360694
175
gcm: 0.548663 0.916695 0.242947
H: -2.34367 -0.293909 -0.869247
176
gcm: 0.549147 0.917204 0.255533
H: -0.913481 -0.517143 -0.67429
177
gcm: 0.549613 0.918167 0.267789
H: -1.44706 -0.97819 0.875792
178
gcm: 0.550317 0.918919 0.278522
H: -2.09091 -1.00575 0.830172
179
gcm: 0.550681 0.920205 0.290748
H: -0.0419446 -0.848983 0.543297
180
gcm: 0.551585 0.921039 0.304279
H: 0.436437 -0.0345915 -0.0827048
181
gcm: 0.552118 0.922612 0.315873
H: 0.647189 -0.588052 -0.480914
182
gcm: 0.552333 0.924322 0.327921
H: 0.487259 -0.300753 -0.523695
183
gcm: 0.552472 0.925224 0.340282
H: -2.00586 0.0817152 0.362411
184
gcm: 0.552457 0.925347 0.352059
H: 1.4564 -0.257183 -0.544033
185
gcm: 0.552524 0.924836 0.363745
H: 4.43368 -0.493685 -1.45271
186
gcm: 0.552981 0.923742 0.375399
H: -2.13177 0.224599 1.07926
187
gcm: 0.553242 0.922841 0.386624
H: 0.583828 -0.11359 -0.181482
188
gcm: 0.553257 0.921984 0.397402
H: -1.44341 0.271438 0.402051
189
gcm: 0.553668 0.921002 0.408012
H: -0.819517 0.287738 0.833756
190
gcm: 0.554488 0.919867 0.419075
H: 3.41512 -0.788161 -0.269514
191
gcm: 0.554975 0.919323 0.431125
H: 10.271 -1.47103 -2.26717
192
gcm: 0.555636 0.920124 0.443879
H: -2.93539 0.582591 1.09434
193
gcm: 0.556471 0.92016 0.45658
H: 5.26759 -0.205385 -1.95664
194
gcm: 0.557388 0.919504 0.468411
H: 1.20865 -0.135476 0.531452
195
gcm: 0.558115 0.91906 0.479312
H: 4.64859 -1.15113 0.114472
196
gcm: 0.559401 0.91859 0.490423
H: 6.84475 -0.974352 0.548386
197
gcm: 0.560482 0.91798 0.50193
H: 8.0806 -1.87387 0.238397
198
gcm: 0.561512 0.916809 0.515223
H: 5.979 -0.717113 -0.607034
199
gcm: 0.562362 0.916246 0.528043
H: 2.11114 0.141435 -0.214087
200
gcm: 0.563198 0.916306 0.541231
H: 3.80044 -0.0190086 -1.17176
201
gcm: 0.564087 0.917122 0.554211
H: 3.58615 -0.296945 -0.902409
202
gcm: 0.565348 0.918144 0.566281
H: 3.56279 -0.890726 1.46196
203
gcm: 0.567109 0.919131 0.578517
H: 0.443293 -0.0953219 0.535891
204
gcm: 0.569021 0.920439 0.591085
H: 1.83393 -0.282324 -0.154378
205
gcm: 0.570559 0.92166 0.603493
H: 3.74857 -0.990515 0.631006
206
gcm: 0.571311 0.922496 0.615552
H: 7.10569 -2.23631 2.79801
207
gcm: 0.572958 0.924692 0.628917
H: -5.91153 1.37064 -1.89518
208
gcm: 0.573886 0.926847 0.6412
H: 4.07401 -1.39231 1.69094
209
gcm: 0.574722 0.92912 0.654041
H: -1.59836 0.11427 -0.0219336
210
gcm: 0.575133 0.930696 0.666765
H: -1.35992 -0.286023 1.13244
211
gcm: 0.575114 0.932219 0.679496
H: -0.225071 -0.440824 1.34733
212
gcm: 0.575061 0.933934 0.691874
H: 2.60453 -0.585331 0.507643
213
gcm: 0.575516 0.93606 0.704892
H: 0.0869578 0.169459 -0.614331
214
gcm: 0.576021 0.938055 0.718134
H: -1.53885 0.54733 -0.894626
215
gcm: 0.576554 0.939274 0.730881
H: -1.34634 0.461593 -0.547741
216
gcm: 0.577354 0.940021 0.743629
H: -2.94393 0.630156 -0.389603
217
gcm: 0.577648 0.940903 0.756819
H: -2.59922 0.668303 -0.186494
218
gcm: 0.577793 0.941777 0.770533
H: -0.981118 0.195481 -0.0138539
219
gcm: 0.577695 0.942964 0.783995
H: -2.87909 0.52106 -0.606289
220
gcm: 0.577287 0.943967 0.796724
H: -3.99053 0.808031 -0.73897
221
gcm: 0.577161 0.943538 0.809591
H: -2.5751 1.19735 -0.14862
222
gcm: 0.576883 0.943387 0.823462
H: -3.08513 0.796822 -0.128726
223
gcm: 0.57661 0.94365 0.837099
H: -3.61087 0.788002 0.153781
224
gcm: 0.5762 0.943698 0.850559
H: -1.44433 0.471304 0.540975
225
gcm: 0.576626 0.943159 0.8636
H: -0.774272 0.331424 0.177474
226
gcm: 0.576143 0.942331 0.877467
H: -1.08272 0.326069 0.616441
227
gcm: 0.576577 0.941509 0.890864
H: -1.43403 0.403255 -0.0145439
228
gcm: 0.576544 0.940106 0.905176
H: -1.97166 0.603492 -0.038598
229
gcm: 0.576493 0.938851 0.9192
H: -1.8094 0.51724 -0.0894807
230
gcm: 0.576428 0.938165 0.93314
H: -2.76065 0.55481 0.0535488
231
gcm: 0.576378 0.937628 0.946799
H: -1.90257 0.524945 0.407244
232
gcm: 0.576084 0.937345 0.960196
H: 0.0772513 0.223078 0.507611
233
gcm: 0.575774 0.937737 0.973813
H: -2.70368 0.197015 0.112092
234
gcm: 0.575827 0.938531 0.987597
H: -3.31841 0.450642 0.21333
235
gcm: 0.576141 0.938817 1.00114
H: -0.5743 0.58251 0.842373
236
gcm: 0.575978 0.939116 1.01433
H: -1.79721 0.474988 0.18665
237
gcm: 0.575938 0.93968 1.02736
H: -2.24195 0.0120024 0.0597031
238
gcm: 0.575907 0.940687 1.04078
H: -2.2699 0.398061 0.292443
239
gcm: 0.575557 0.941831 1.05364
H: -1.77646 0.512035 0.0937605
240
gcm: 0.5756 0.942396 1.06678
H: -0.682106 0.526062 0.300183
241
gcm: 0.576306 0.943153 1.08056
H: -1.68743 0.300634 -0.00330969
242
gcm: 0.575581 0.944186 1.0915
H: -1.33572 0.104204 -0.379522
243
gcm: 0.576041 0.944905 1.10446
H: -3.03164 -1.3489 -1.2658
244
gcm: 0.57629 0.945813 1.11704
H: -0.73371 -0.304467 0.453341
245
gcm: 0.575709 0.946615 1.13004
H: -0.36878 1.61905 1.76287
246
gcm: 0.575349 0.947493 1.14262
H: -0.670959 0.92552 0.827767
247
gcm: 0.574985 0.948202 1.15472
H: -3.12643 0.0989797 0.084125
248
gcm: 0.574585 0.948279 1.16664
H: -3.64311 0.0629873 0.19602
249
gcm: 0.574525 0.947805 1.17809
H: -0.083997 0.326406 0.332431
250
gcm: 0.574558 0.946808 1.18924
H: 2.45572 0.24362 0.404862
251
gcm: 0.574274 0.945649 1.20028
H: 1.8996 -0.0477765 0.29354
252
gcm: 0.574112 0.94461 1.21145
H: 2.06411 0.224379 0.18626
253
gcm: 0.573676 0.943144 1.22272
H: 4.4964 0.97527 1.26982
254
gcm: 0.572676 0.941704 1.23354
H: 0.571426 0.202579 1.2706
255
gcm: 0.571861 0.939179 1.24429
H: -3.69223 -0.401178 1.59435
256
gcm: 0.571312 0.937548 1.25526
H: -2.47864 -0.303563 0.859259
257
gcm: 0.570482 0.936447 1.26683
H: -1.43169 -0.217366 -0.601346
258
gcm: 0.569668 0.937543 1.27912
H: -0.539659 -0.0406842 -0.435848
259
gcm: 0.568422 0.936893 1.29113
H: 11.7316 1.57742 3.11231
260
gcm: 0.567104 0.937022 1.30299
H: 8.34929 1.38156 -0.323638
261
gcm: 0.566405 0.936511 1.31379
H: 1.53741 0.676539 -0.81328
262
gcm: 0.566025 0.935851 1.32552
H: -1.24532 -0.159178 0.233004
263
gcm: 0.564864 0.936036 1.3377
H: 2.49771 0.6386 -0.513667
264
gcm: 0.56322 0.936238 1.35006
H: 4.22878 0.733039 0.324412
265
gcm: 0.561706 0.936609 1.3618
H: 3.68866 0.547511 -0.257092
266
gcm: 0.560493 0.937319 1.37323
H: 5.04303 1.0607 -0.895654
267
gcm: 0.559756 0.937836 1.38458
H: 3.78846 0.919515 -0.185239
268
gcm: 0.559664 0.938455 1.39672
H: 1.81405 0.487879 -0.0971577
269
gcm: 0.559975 0.939224 1.4097
H: 0.970913 0.109105 -0.135086
270
gcm: 0.558734 0.940192 1.42151
H: 2.28381 0.765727 -0.938063
271
gcm: 0.558888 0.942006 1.43315
H: 3.75387 1.50365 -1.93129
272
gcm: 0.558066 0.942695 1.44572
H: 3.90557 1.28167 -1.63684
273
gcm: 0.558157 0.944402 1.45756
H: -2.62603 -0.478731 -0.207553
274
gcm: 0.558016 0.945908 1.46909
H: 2.16476 0.482509 -1.00228
275
gcm: 0.557971 0.9468 1.4808
H: 2.95928 0.560565 -0.281523
276
gcm: 0.557731 0.947103 1.4931
H: 0.15216 0.320829 0.03836
277
gcm: 0.557832 0.947145 1.50534
H: -2.72793 -0.282303 0.211229
278
gcm: 0.558445 0.94742 1.5175
H: -3.709 -1.03068 1.36257
279
gcm: 0.558812 0.94756 1.52916
H: 0.394254 -0.36178 0.305747
280
gcm: 0.559181 0.947661 1.54008
H: 1.44904 0.392989 -2.21994
281
gcm: 0.559664 0.947892 1.55205
H: -3.24503 -0.314922 -2.15022
282
gcm: 0.560234 0.947954 1.5651
H: -4.12597 -1.01997 0.0708703
283
gcm: 0.560994 0.947703 1.57708
H: -1.14298 -0.788945 1.24257
284
gcm: 0.561606 0.946671 1.58832
H: 0.232705 -0.2878 0.106702
285
gcm: 0.561896 0.945137 1.5998
H: 0.443413 -0.345203 0.100686
286
gcm: 0.562204 0.943787 1.61067
H: -0.131717 -0.694623 1.00757
287
gcm: 0.562753 0.941926 1.62095
H: -0.692323 -0.536457 0.0411093
288
gcm: 0.564157 0.942142 1.63357
H: -0.287284 -0.483797 -0.333139
289
gcm: 0.565006 0.942033 1.64634
H: -0.30462 -0.424822 -0.270362
290
gcm: 0.565286 0.940929 1.65716
H: -1.34463 -0.359122 -1.18362
291
gcm: 0.56585 0.93985 1.66954
H: -2.24072 -0.578024 -0.351026
292
gcm: 0.566762 0.939567 1.68166
H: -2.93277 -0.892113 0.267485
293
gcm: 0.567662 0.940296 1.69378
H: -2.23131 -0.817536 -0.255995
294
gcm: 0.568416 0.940573 1.70565
H: 2.26852 -0.33257 -0.945556
295
gcm: 0.569192 0.940299 1.71699
H: 2.54028 -0.439669 -0.791961
296
gcm: 0.569857 0.940458 1.72903
H: -2.66953 -0.775882 0.168638
297
gcm: 0.570258 0.940986 1.73968
H: -3.28596 -0.762884 0.396492
298
gcm: 0.570736 0.941588 1.75102
H: -2.32164 -0.654218 -0.137867
299
gcm: 0.571184 0.941743 1.7635
H: -1.19429 -0.503613 -0.864519
300
gcm: 0.571851 0.942148 1.77543
H: -0.257278 -0.675227 -0.926789
301
gcm: 0.572594 0.943471 1.78722
H: -1.71325 -0.955097 -0.134876
302
gcm: 0.572796 0.944767 1.79826
H: -3.17651 -0.554816 0.406294
303
gcm: 0.573047 0.945512 1.80893
H: -1.26422 -0.564365 -0.420634
304
gcm: 0.573844 0.946215 1.82151
H: -0.95614 -1.05745 -0.478859
305
gcm: 0.5741 0.947357 1.83367
H: -3.3214 -0.113062 0.552319
306
gcm: 0.57435 0.948468 1.84502
H: 0.410259 -0.18978 0.200184
307
gcm: 0.574303 0.949444 1.85645
H: 2.66075 -0.170511 -0.0122624
308
gcm: 0.573926 0.950723 1.86744
H: 0.90254 -0.483085 -1.0164
309
gcm: 0.573483 0.951654 1.87732
H: 0.428251 -0.246449 0.083499
310
gcm: 0.573886 0.951285 1.88953
H: -2.96614 0.208795 1.62927
311
gcm: 0.574471 0.949484 1.9014
H: -6.17082 0.674862 2.33845
312
gcm: 0.574289 0.951874 1.90932
H: -3.98459 0.603091 2.51854
313
gcm: 0.575119 0.953807 1.91818
H: 3.51845 -0.343208 -1.45195
314
gcm: 0.575342 0.954026 1.92733
H: -0.00359433 0.0504357 -1.49557
315
gcm: 0.575416 0.953092 1.937
H: 2.77106 -0.169995 -0.502037
315
gcm: 0.575416 0.953092 1.937
H: 0 0 0
