:metadata
 
Skeleton: /Network/Servers/duerer/Volumes/duerer/laturnus/workspace/new_acm/asf/07-walk.asf
Motion: /Network/Servers/duerer/Volumes/duerer/laturnus/workspace/new_acm/amc/07_01-walk.amc
Mass Distribution: /Network/Servers/duerer/Volumes/duerer/laturnus/workspace/new_acm/amd/clauser1969 _point.amd
 
Inital skeleton translation: 0 0 0
Initial skeleton rotation: 0 0 0
 
:data
1
gcm: 0.540897 1.00853 -1.88775
H: 6.48856 0.8431 1.71389
2
gcm: 0.539881 1.00865 -1.87467
H: 6.58358 0.656907 -0.0251166
3
gcm: 0.53864 1.00946 -1.86169
H: 5.70701 0.95068 -0.0943098
4
gcm: 0.53775 1.00896 -1.84664
H: 11.8717 0.782526 0.542341
5
gcm: 0.536981 1.00903 -1.8317
H: 11.1378 0.68492 0.848232
6
gcm: 0.536183 1.00989 -1.81755
H: 9.10771 0.57724 0.274356
7
gcm: 0.535534 1.01104 -1.80366
H: 8.28236 0.691192 -0.923361
8
gcm: 0.534925 1.01229 -1.78972
H: 7.66329 0.748102 -0.894023
9
gcm: 0.533869 1.01338 -1.77618
H: 6.38218 0.607166 0.0746534
10
gcm: 0.532762 1.01453 -1.76297
H: 5.57447 0.462795 0.468737
11
gcm: 0.532051 1.01641 -1.75015
H: 5.5785 0.40357 -0.143322
12
gcm: 0.53128 1.01826 -1.73783
H: 4.05769 0.319608 0.159848
13
gcm: 0.530298 1.02011 -1.72494
H: -2.43979 -0.595586 -1.63787
14
gcm: 0.529513 1.0225 -1.71152
H: -0.121826 -0.130139 4.06188
15
gcm: 0.528524 1.02501 -1.69995
H: 0.839564 -0.44453 -0.237357
16
gcm: 0.528315 1.02733 -1.68689
H: -1.3184 -0.738275 -0.124069
17
gcm: 0.528014 1.03014 -1.67457
H: -0.971442 -0.798301 -0.464252
18
gcm: 0.528022 1.03268 -1.66261
H: -0.751969 -0.873462 -0.987716
19
gcm: 0.528336 1.03422 -1.65071
H: -0.22837 -0.855817 -1.82374
20
gcm: 0.528309 1.03539 -1.6388
H: 0.130267 -0.706055 -1.38713
21
gcm: 0.528158 1.03704 -1.62696
H: -1.80305 -1.01077 -0.0908718
22
gcm: 0.528048 1.03898 -1.61514
H: 2.54284 0.0926094 -3.39757
23
gcm: 0.527614 1.04043 -1.6036
H: -6.47748 -2.38031 2.77033
24
gcm: 0.527068 1.04119 -1.59232
H: -2.06037 -1.22808 0.33411
25
gcm: 0.526803 1.04177 -1.58068
H: -2.1238 -1.15961 0.0999535
26
gcm: 0.52682 1.04204 -1.56874
H: 1.74524 -0.531528 -3.07528
27
gcm: 0.526944 1.04193 -1.55719
H: 2.20352 -0.797389 -3.13225
28
gcm: 0.526949 1.04196 -1.54576
H: -1.5379 -1.38479 -1.49224
29
gcm: 0.526881 1.0418 -1.534
H: -4.78612 -1.80063 0.0637552
30
gcm: 0.5269 1.04101 -1.52231
H: -6.15903 -2.11676 0.196773
31
gcm: 0.526711 1.04011 -1.51075
H: -7.09843 -1.62916 1.86429
32
gcm: 0.526336 1.03929 -1.49937
H: -4.43884 -1.46226 1.5262
33
gcm: 0.526367 1.03823 -1.4879
H: -2.66988 -1.63071 0.0755713
34
gcm: 0.526619 1.03794 -1.47614
H: -4.1785 -1.73577 -1.38202
35
gcm: 0.526676 1.03809 -1.46443
H: -4.22777 -1.69632 -0.908487
36
gcm: 0.52662 1.03726 -1.45305
H: -3.71953 -1.72385 0.704213
37
gcm: 0.526578 1.03629 -1.44173
H: -4.94081 -1.61536 -0.0870834
38
gcm: 0.526532 1.03564 -1.43025
H: -4.68477 -1.64979 -0.0927684
39
gcm: 0.526403 1.03557 -1.41867
H: -4.6037 -1.4944 0.304584
40
gcm: 0.526432 1.03635 -1.40717
H: -5.87512 -1.22789 -0.52578
41
gcm: 0.526825 1.03656 -1.39585
H: -6.65844 -1.29769 -0.864745
42
gcm: 0.527161 1.03602 -1.38451
H: -6.72399 -1.27914 -0.247961
43
gcm: 0.527471 1.0356 -1.37309
H: -5.92256 -1.38667 -1.06493
44
gcm: 0.527835 1.03529 -1.36187
H: -5.41082 -1.42961 -1.80035
45
gcm: 0.528129 1.03492 -1.3509
H: -5.92485 -1.19009 -0.821095
46
gcm: 0.528334 1.03442 -1.33993
H: -6.22224 -0.911761 0.0614298
47
gcm: 0.528439 1.03427 -1.32869
H: -5.41643 -0.754705 0.439706
48
gcm: 0.528873 1.03437 -1.31706
H: -4.36222 -0.821686 0.300458
49
gcm: 0.529508 1.03418 -1.30553
H: -3.77141 -0.606593 0.049961
50
gcm: 0.529905 1.03405 -1.29416
H: -3.36978 -0.305147 0.584242
51
gcm: 0.530456 1.03367 -1.28227
H: -2.55955 -0.78233 -0.182714
52
gcm: 0.531172 1.03394 -1.27043
H: -1.94662 -0.712166 0.184186
53
gcm: 0.531938 1.03424 -1.25944
H: -3.44132 -0.513583 0.420163
54
gcm: 0.532595 1.03407 -1.24728
H: 1.72935 -0.396348 -0.102421
55
gcm: 0.53347 1.03331 -1.23507
H: 0.995279 -0.290751 0.0479829
56
gcm: 0.534378 1.03244 -1.2228
H: 1.99275 -0.220307 -0.0736567
57
gcm: 0.53512 1.03176 -1.21049
H: 3.25454 -0.161563 -0.0413463
58
gcm: 0.535864 1.03095 -1.19814
H: 4.18221 -0.0787001 0.239719
59
gcm: 0.536822 1.03034 -1.18554
H: 5.66072 -0.395005 -0.218433
60
gcm: 0.537937 1.03059 -1.17265
H: 6.7938 -0.422708 -0.782166
61
gcm: 0.539277 1.03166 -1.15962
H: 6.09541 -0.376209 -1.05528
62
gcm: 0.540964 1.03254 -1.14672
H: 4.01632 -0.390822 -1.37888
63
gcm: 0.542579 1.03306 -1.13393
H: 4.81615 -0.404148 -0.735608
64
gcm: 0.543894 1.03382 -1.12153
H: 5.34896 -0.370922 -0.0579495
65
gcm: 0.545474 1.03477 -1.10896
H: 5.45781 -0.587623 -0.250286
66
gcm: 0.547191 1.03517 -1.09475
H: 9.66466 -0.83695 -0.616823
67
gcm: 0.548458 1.03541 -1.08041
H: 9.65444 -0.797646 0.272332
68
gcm: 0.549648 1.03573 -1.06655
H: 8.43469 -0.614347 0.6683
69
gcm: 0.550915 1.03662 -1.05307
H: 7.83841 -0.506043 0.545625
70
gcm: 0.552059 1.03758 -1.03965
H: 7.55822 -0.5104 0.410358
71
gcm: 0.55356 1.03892 -1.02635
H: 6.71401 -0.680335 -0.476819
72
gcm: 0.555576 1.04068 -1.01331
H: 6.25738 -0.729843 -1.46675
73
gcm: 0.557446 1.04179 -1.00037
H: 5.2258 -0.365721 -0.699934
74
gcm: 0.558896 1.04307 -0.987846
H: 3.0939 -0.147772 0.958708
75
gcm: 0.56007 1.04559 -0.976167
H: 5.36154 -0.784884 -1.85416
76
gcm: 0.561271 1.048 -0.964388
H: 3.84393 -0.463677 -1.38075
77
gcm: 0.562409 1.04999 -0.952328
H: 2.1748 -0.305863 -0.548221
78
gcm: 0.563457 1.05234 -0.940535
H: 1.1411 -0.341934 0.00886396
79
gcm: 0.564467 1.05468 -0.929099
H: 0.187683 -0.0503514 -0.0437891
80
gcm: 0.565082 1.05713 -0.917499
H: -0.541752 0.415942 0.520863
81
gcm: 0.565243 1.05964 -0.905803
H: -0.701797 0.782414 1.05238
82
gcm: 0.565448 1.06207 -0.894478
H: -0.483581 0.857831 0.707383
83
gcm: 0.566024 1.06475 -0.883402
H: -1.1714 0.818734 0.143444
84
gcm: 0.566687 1.06673 -0.87232
H: -1.42819 0.78278 0.264566
85
gcm: 0.567144 1.06786 -0.861372
H: -1.51086 1.0379 0.421979
86
gcm: 0.567364 1.06924 -0.850726
H: -1.83048 1.08974 0.562894
87
gcm: 0.567736 1.07057 -0.839856
H: -3.28451 1.41562 -0.217024
88
gcm: 0.568468 1.07193 -0.82844
H: -2.69916 1.24913 -0.847585
89
gcm: 0.569081 1.07313 -0.817078
H: -2.87541 1.21879 -0.89031
90
gcm: 0.569545 1.07383 -0.805989
H: -3.73276 1.23871 -0.42971
91
gcm: 0.569686 1.07439 -0.795005
H: -3.82553 1.40118 0.700196
92
gcm: 0.569847 1.07425 -0.784149
H: -3.18204 1.35222 0.666047
93
gcm: 0.570504 1.07358 -0.773121
H: -2.66995 1.20398 -0.590674
94
gcm: 0.571327 1.07283 -0.761795
H: -2.44924 1.36761 0.0248303
95
gcm: 0.571634 1.07194 -0.750569
H: -2.15808 1.35442 -0.0892512
96
gcm: 0.571809 1.07097 -0.739196
H: -1.74312 1.20907 0.0145833
97
gcm: 0.572247 1.06982 -0.727561
H: -2.65488 1.04594 0.497582
98
gcm: 0.57275 1.06865 -0.716176
H: -3.29892 0.972093 0.309746
99
gcm: 0.573269 1.06735 -0.7048
H: -3.27441 1.01313 0.214086
100
gcm: 0.573451 1.06571 -0.693456
H: -3.43546 1.16255 0.58597
101
gcm: 0.573742 1.06404 -0.682163
H: -3.5268 1.13866 0.187748
102
gcm: 0.574536 1.06265 -0.67064
H: -4.38926 0.870784 -0.385623
103
gcm: 0.574917 1.06151 -0.659448
H: -5.74131 0.919495 0.465036
104
gcm: 0.574759 1.06099 -0.648585
H: -5.68815 1.12692 1.03102
105
gcm: 0.57495 1.06051 -0.637495
H: -5.3355 1.07764 0.286039
106
gcm: 0.575445 1.05948 -0.626244
H: -5.95925 1.07345 -0.07832
107
gcm: 0.575859 1.0587 -0.615195
H: -6.73726 0.957354 0.0611618
108
gcm: 0.576142 1.05789 -0.604074
H: -6.56047 0.848391 0.0893087
109
gcm: 0.57621 1.05667 -0.593035
H: -6.53995 0.968129 0.286525
110
gcm: 0.576089 1.05565 -0.582548
H: -7.81034 0.90001 0.0902985
111
gcm: 0.575921 1.05526 -0.571586
H: -7.65384 0.993573 -0.0867258
112
gcm: 0.575904 1.05496 -0.559405
H: -4.14577 0.727683 -0.281153
113
gcm: 0.576097 1.05425 -0.54719
H: -3.33654 0.483925 -0.649767
114
gcm: 0.576288 1.05363 -0.535099
H: -3.53092 0.229285 -0.491465
115
gcm: 0.576024 1.05339 -0.522485
H: -2.95992 0.603396 0.29442
116
gcm: 0.57593 1.05276 -0.509528
H: -1.82186 0.638909 -0.474661
117
gcm: 0.575966 1.05209 -0.496937
H: -0.894624 0.605287 -0.284723
118
gcm: 0.575851 1.05152 -0.484426
H: -0.34969 0.434684 0.407151
119
gcm: 0.575298 1.05057 -0.471967
H: 0.373918 0.46671 0.872191
120
gcm: 0.57491 1.04945 -0.459729
H: 0.659089 0.529219 -0.0201495
121
gcm: 0.574803 1.04864 -0.447517
H: 1.54049 0.349616 -0.425866
122
gcm: 0.574198 1.04776 -0.435514
H: 2.31693 0.402572 0.614301
123
gcm: 0.574447 1.04614 -0.420932
H: 5.18985 0.194757 -0.578075
124
gcm: 0.572048 1.04483 -0.410439
H: 2.16024 1.01646 3.55031
125
gcm: 0.570731 1.04324 -0.39856
H: 4.35285 0.928083 1.99993
126
gcm: 0.570062 1.0416 -0.385604
H: 6.04839 0.933889 1.25843
127
gcm: 0.569041 1.04098 -0.37213
H: 6.16231 0.903404 1.18594
128
gcm: 0.567451 1.04167 -0.3585
H: 5.02418 0.722081 0.86936
129
gcm: 0.565945 1.04243 -0.345014
H: 5.72421 0.466919 0.835381
130
gcm: 0.564526 1.04282 -0.33204
H: 6.60494 0.571505 1.19537
131
gcm: 0.562896 1.04312 -0.318974
H: 6.29979 0.881231 1.06532
132
gcm: 0.561466 1.04345 -0.305649
H: 6.25206 1.16128 0.187493
133
gcm: 0.560141 1.04401 -0.292075
H: 6.8939 1.20476 -0.659705
134
gcm: 0.558871 1.04471 -0.27857
H: 6.04859 1.01243 -0.458846
135
gcm: 0.558111 1.04427 -0.263561
H: 13.0478 0.852542 -0.691384
136
gcm: 0.557281 1.04484 -0.249947
H: 9.58353 0.456506 -0.957312
137
gcm: 0.556519 1.04582 -0.235114
H: 8.78118 0.576046 -0.0356504
138
gcm: 0.555207 1.04726 -0.221114
H: 9.30659 1.77534 -0.440347
139
gcm: 0.55384 1.04871 -0.207612
H: 6.72531 0.771342 0.737849
140
gcm: 0.552571 1.05026 -0.194434
H: 4.94619 0.328925 0.609899
141
gcm: 0.551153 1.05189 -0.181641
H: 3.30311 0.242614 1.15352
142
gcm: 0.54977 1.05341 -0.169038
H: 2.6799 0.213692 1.6952
143
gcm: 0.549014 1.05525 -0.156243
H: 0.965612 -0.0187621 1.09792
144
gcm: 0.548532 1.05742 -0.143165
H: 1.09072 -0.392505 -0.242075
145
gcm: 0.547921 1.05958 -0.130341
H: 1.15952 -0.245452 0.155854
146
gcm: 0.5476 1.06186 -0.118119
H: 1.01444 -0.364339 -0.754101
147
gcm: 0.547408 1.06419 -0.106211
H: -0.853551 -0.933313 -1.08479
148
gcm: 0.547128 1.06631 -0.0945333
H: -3.06299 -1.47947 -0.630688
149
gcm: 0.547197 1.06832 -0.0824485
H: -2.13458 -1.40881 -0.471157
150
gcm: 0.54701 1.07027 -0.0704551
H: -0.520637 -0.868911 -0.124433
151
gcm: 0.546228 1.07235 -0.0589947
H: -0.181077 -0.674289 -0.436194
152
gcm: 0.545975 1.07456 -0.0469614
H: -0.933801 -1.19136 -1.39332
153
gcm: 0.546247 1.07655 -0.0342661
H: -1.94284 -1.38687 -1.47942
154
gcm: 0.544354 1.0769 -0.0246297
H: -4.06197 -0.686733 3.76587
155
gcm: 0.544413 1.07748 -0.0125347
H: -1.11122 -1.37475 -1.12885
156
gcm: 0.544797 1.0782 -0.00100219
H: -1.95663 -1.47095 -2.09593
157
gcm: 0.544721 1.07885 0.0105637
H: -1.64494 -1.1837 -0.760055
158
gcm: 0.544206 1.07861 0.0219218
H: -3.12259 -1.26742 0.28583
159
gcm: 0.543717 1.07729 0.0329686
H: -3.34803 -1.22249 -0.265432
160
gcm: 0.543618 1.07735 0.0449298
H: -2.36675 -1.26266 -0.94266
161
gcm: 0.543521 1.07695 0.0570646
H: -3.00396 -1.38443 -0.321584
162
gcm: 0.543132 1.07647 0.0687031
H: -4.54631 -1.42142 0.422331
163
gcm: 0.542727 1.07607 0.0799261
H: -4.03366 -1.28049 -0.103611
164
gcm: 0.542749 1.07584 0.091663
H: -2.82282 -1.3994 -0.849537
165
gcm: 0.543098 1.07601 0.103878
H: -2.97055 -1.59047 -0.921483
166
gcm: 0.542884 1.07599 0.115309
H: -4.89882 -1.43683 0.375079
167
gcm: 0.542294 1.0759 0.126123
H: -5.66451 -1.30093 0.961711
168
gcm: 0.542045 1.07659 0.137404
H: -4.79412 -1.41874 -0.00344552
169
gcm: 0.54184 1.07718 0.14891
H: -5.45265 -1.42545 -0.0706023
170
gcm: 0.541741 1.07676 0.160473
H: -5.78626 -1.41266 -0.20214
171
gcm: 0.542014 1.07633 0.172069
H: -5.83493 -1.50069 -0.834644
172
gcm: 0.542273 1.07568 0.183146
H: -5.36774 -1.50611 -0.888373
173
gcm: 0.54222 1.07463 0.194291
H: -5.65152 -1.44741 -0.535828
174
gcm: 0.542222 1.07375 0.205731
H: -5.96485 -1.3789 -0.694227
175
gcm: 0.542407 1.07303 0.217405
H: -5.7662 -1.37957 -0.768064
176
gcm: 0.542491 1.07222 0.229064
H: -5.72887 -1.38747 0.12056
177
gcm: 0.542795 1.07151 0.241337
H: -5.26068 -1.13482 0.74379
178
gcm: 0.543216 1.0704 0.252222
H: -5.54307 -1.50346 0.0986745
179
gcm: 0.543641 1.07003 0.264765
H: -2.60495 -0.934902 0.582509
180
gcm: 0.544142 1.06983 0.276992
H: -2.70994 -1.18063 -0.386683
181
gcm: 0.544734 1.07013 0.288378
H: -3.25865 -1.28524 -0.413949
182
gcm: 0.545459 1.07078 0.299825
H: -4.85683 -0.752085 -0.365405
183
gcm: 0.545969 1.07057 0.312941
H: -0.127973 -0.453611 -0.123956
184
gcm: 0.546228 1.06981 0.325479
H: 0.294941 -0.431734 0.583861
185
gcm: 0.546518 1.0685 0.337661
H: 1.35168 -0.385592 0.277565
186
gcm: 0.547224 1.06684 0.350149
H: 3.16398 -0.328735 -0.384649
187
gcm: 0.547925 1.06548 0.362747
H: 2.16661 -0.174707 0.182671
188
gcm: 0.54831 1.06435 0.375245
H: 2.90661 0.00402254 0.479267
189
gcm: 0.548973 1.06322 0.387905
H: 4.00255 0.00124994 -0.066275
190
gcm: 0.550328 1.06225 0.401005
H: 5.32105 -0.949919 -1.82437
191
gcm: 0.551398 1.06232 0.414581
H: 8.31915 -1.03213 -1.95072
192
gcm: 0.552234 1.06324 0.428612
H: 5.28532 -0.103883 0.122024
193
gcm: 0.553316 1.06357 0.442542
H: 6.2993 -0.296249 -0.519381
194
gcm: 0.554597 1.06339 0.456245
H: 6.06351 -0.423275 -0.467547
195
gcm: 0.555999 1.06349 0.469623
H: 6.08125 -0.664567 -0.682905
196
gcm: 0.557531 1.06374 0.482807
H: 5.85044 -0.611466 -0.3233
197
gcm: 0.559092 1.06386 0.496238
H: 6.59671 -1.12238 0.121707
198
gcm: 0.560203 1.06256 0.512298
H: 14.321 -0.851194 -0.124668
199
gcm: 0.561342 1.06226 0.527032
H: 9.10554 -0.320402 -0.505969
200
gcm: 0.562339 1.06262 0.541823
H: 8.64072 -0.235193 -0.917146
201
gcm: 0.563142 1.06359 0.556367
H: 8.19697 -0.325995 -0.161354
202
gcm: 0.564365 1.06483 0.570123
H: 7.19884 -0.639174 0.306461
203
gcm: 0.566088 1.06615 0.58351
H: 5.73502 -0.441343 -1.06552
204
gcm: 0.568027 1.06773 0.596861
H: 5.96203 -0.579095 -2.08416
205
gcm: 0.569746 1.0692 0.61009
H: 5.54736 -0.74231 -1.78036
206
gcm: 0.570961 1.07039 0.622813
H: 4.4576 -0.909542 0.11379
207
gcm: 0.572101 1.07316 0.63586
H: 1.31072 0.281243 -1.19343
208
gcm: 0.573064 1.07573 0.648104
H: 1.80279 -0.436796 -0.024598
209
gcm: 0.573756 1.07874 0.660089
H: 0.333464 0.227291 0.118573
210
gcm: 0.574238 1.08108 0.671746
H: -0.212882 0.448233 0.925265
211
gcm: 0.574349 1.08341 0.68352
H: -0.991508 0.729024 1.50935
212
gcm: 0.574249 1.0861 0.695136
H: -1.2368 0.797621 1.64279
213
gcm: 0.574451 1.08926 0.70721
H: -0.76693 0.818358 0.905528
214
gcm: 0.574894 1.09223 0.719259
H: -0.816017 0.919037 0.833966
215
gcm: 0.575309 1.09442 0.730804
H: -1.82898 0.994302 0.720382
216
gcm: 0.575883 1.09612 0.742133
H: -2.33164 0.902418 -0.450276
217
gcm: 0.576792 1.09788 0.75336
H: -2.77186 1.1124 -1.20183
218
gcm: 0.577626 1.09947 0.764848
H: -2.48723 1.08999 -0.762827
219
gcm: 0.577927 1.1013 0.776309
H: -3.38048 1.33558 0.0998512
220
gcm: 0.578038 1.10288 0.787559
H: -4.34594 1.55237 0.466265
221
gcm: 0.578284 1.10317 0.799064
H: -2.92926 1.69827 0.123605
222
gcm: 0.578598 1.10332 0.810718
H: -2.55051 1.55615 0.160501
223
gcm: 0.578693 1.10386 0.822224
H: -3.66261 1.5434 0.81054
224
gcm: 0.578405 1.10417 0.83404
H: -3.03895 1.50862 1.75877
225
gcm: 0.579375 1.10378 0.845293
H: -3.2865 0.944109 -0.702202
226
gcm: 0.579485 1.10292 0.8569
H: -3.49826 1.24113 0.616555
227
gcm: 0.58114 1.10184 0.868023
H: -2.91857 0.735898 -2.19299
228
gcm: 0.581443 1.10011 0.880232
H: -2.91466 1.29855 0.426479
229
gcm: 0.581704 1.09837 0.892081
H: -3.35777 1.3092 1.04726
230
gcm: 0.582047 1.09703 0.903886
H: -4.00135 1.34612 1.32819
231
gcm: 0.582546 1.0957 0.915702
H: -4.59549 1.21162 0.669075
232
gcm: 0.582926 1.09457 0.927427
H: -4.93531 1.0626 0.620957
233
gcm: 0.583178 1.09405 0.939065
H: -5.68174 1.16521 0.7444
234
gcm: 0.583569 1.09384 0.950432
H: -6.05593 1.24138 0.447346
235
gcm: 0.58413 1.09293 0.961704
H: -6.03223 1.1475 0.245768
236
gcm: 0.584604 1.09178 0.972919
H: -6.46282 0.999353 -0.0284178
237
gcm: 0.585016 1.09085 0.98412
H: -6.76576 0.89538 -0.0804222
238
gcm: 0.585425 1.09032 0.995632
H: -6.61238 1.0267 0.251759
239
gcm: 0.585383 1.08988 1.0064
H: -7.42408 1.12874 0.807655
240
gcm: 0.585596 1.08869 1.01698
H: -7.02681 0.89835 -0.268354
241
gcm: 0.58668 1.08765 1.02955
H: -5.91943 0.612715 -1.74071
242
gcm: 0.5859 1.0872 1.04057
H: -9.56401 1.0348 0.901584
243
gcm: 0.586223 1.08604 1.05316
H: -2.50593 0.0287834 -0.851624
244
gcm: 0.586636 1.08508 1.06566
H: -2.42967 0.488878 -0.730528
245
gcm: 0.586674 1.08435 1.07806
H: -1.62978 0.933717 0.0798705
246
gcm: 0.586454 1.08379 1.09046
H: -0.53582 0.813749 0.68283
247
gcm: 0.586197 1.08304 1.10291
H: -0.787285 0.606585 0.420448
248
gcm: 0.585917 1.0817 1.11548
H: -0.631157 0.577712 0.202726
249
gcm: 0.585805 1.08002 1.12775
H: 0.668444 0.565543 0.0175511
250
gcm: 0.585921 1.0781 1.14005
H: 2.25613 0.39444 -0.0453574
251
gcm: 0.585851 1.07628 1.15253
H: 3.03113 0.319587 0.409185
252
gcm: 0.58573 1.07484 1.16497
H: 3.70418 0.33791 0.346168
253
gcm: 0.585082 1.07324 1.17757
H: 5.16443 0.987681 1.8187
254
gcm: 0.583899 1.0716 1.19028
H: 4.49986 0.915782 2.40098
255
gcm: 0.582915 1.06887 1.20324
H: 4.49168 0.720375 1.72005
256
gcm: 0.582341 1.06726 1.21633
H: 5.60432 0.489528 0.746118
257
gcm: 0.581635 1.06638 1.22966
H: 6.56039 0.404245 0.434355
258
gcm: 0.580953 1.06783 1.24348
H: 6.39137 0.411818 -0.374413
259
gcm: 0.579816 1.06774 1.25714
H: 7.90909 0.826948 0.251142
260
gcm: 0.578197 1.06865 1.27129
H: 8.03077 1.00279 0.579582
261
gcm: 0.576856 1.06879 1.28481
H: 6.10393 0.977299 0.174114
262
gcm: 0.576656 1.06743 1.30036
H: 14.2536 0.787539 0.663731
263
gcm: 0.575721 1.06731 1.31487
H: 11.4662 1.0517 1.11185
264
gcm: 0.574252 1.06742 1.32893
H: 9.86859 1.09574 2.20301
265
gcm: 0.5728 1.06774 1.34257
H: 8.12979 0.891972 2.14388
266
gcm: 0.571729 1.06856 1.3562
H: 7.88187 0.803339 0.869842
267
gcm: 0.570938 1.06937 1.36947
H: 6.80425 0.683352 0.21678
268
gcm: 0.570752 1.07033 1.38283
H: 5.70528 0.391325 -0.838859
269
gcm: 0.571143 1.07155 1.39689
H: 4.9972 -0.125768 -1.94627
270
gcm: 0.569494 1.07306 1.40929
H: 2.49232 0.602459 2.22363
271
gcm: 0.569862 1.07558 1.42123
H: 1.9681 -0.185723 -2.43856
272
gcm: 0.568656 1.07717 1.4341
H: 2.3527 0.268315 0.928924
273
gcm: 0.568712 1.07988 1.44587
H: -1.22163 -0.74031 -0.97084
274
gcm: 0.568457 1.08248 1.45752
H: -0.515905 -0.513445 -0.573908
275
gcm: 0.568007 1.08459 1.46928
H: -0.174504 -0.512299 -0.0983788
276
gcm: 0.56723 1.08633 1.48121
H: -0.361527 -0.463997 0.778708
277
gcm: 0.566791 1.08795 1.49278
H: -1.40726 -0.793741 0.418794
278
gcm: 0.566943 1.08979 1.5042
H: -2.09437 -1.33928 -0.667978
279
gcm: 0.566926 1.09161 1.51571
H: -1.49165 -1.24699 -0.677662
280
gcm: 0.566869 1.09349 1.5269
H: -2.41908 -1.09915 -0.857198
281
gcm: 0.56699 1.09528 1.53837
H: -2.75791 -1.33733 -1.48781
282
gcm: 0.567054 1.09679 1.55023
H: -1.7436 -1.49038 -1.26815
283
gcm: 0.567011 1.09814 1.56126
H: -2.63945 -1.39147 -0.256496
284
gcm: 0.566759 1.09864 1.57189
H: -2.8981 -1.13807 0.364685
285
gcm: 0.566336 1.09847 1.58241
H: -2.1881 -1.0601 0.572524
286
gcm: 0.565778 1.09846 1.59199
H: -3.79265 -1.23025 0.748331
287
gcm: 0.565155 1.09786 1.6009
H: -5.01093 -1.22263 0.921654
288
gcm: 0.566113 1.09895 1.61397
H: -1.07344 -1.79895 -2.82268
289
gcm: 0.566489 1.09969 1.62718
H: -1.76661 -1.55996 -1.88733
290
gcm: 0.565822 1.09945 1.63811
H: -5.00433 -1.13608 0.527646
291
gcm: 0.565463 1.09903 1.64871
H: -3.61061 -1.28494 0.354036
292
gcm: 0.56552 1.09915 1.65954
H: -4.207 -1.6304 -0.966815
293
gcm: 0.565771 1.10018 1.67039
H: -4.0224 -1.70513 -1.43448
294
gcm: 0.565821 1.10081 1.68171
H: -3.76547 -1.48454 -0.695724
295
gcm: 0.5659 1.10075 1.69354
H: -4.79366 -1.5005 -0.511757
296
gcm: 0.565773 1.10079 1.70385
H: -5.4414 -1.49114 0.0298644
297
gcm: 0.565591 1.10096 1.71335
H: -7.19507 -1.50252 0.245473
298
gcm: 0.5654 1.1011 1.7237
H: -5.68122 -1.51099 0.111361
299
gcm: 0.564897 1.10053 1.73492
H: -5.0021 -1.4382 0.264633
300
gcm: 0.565009 1.09995 1.74579
H: -5.88333 -1.71972 -0.978776
301
gcm: 0.565473 1.10017 1.7561
H: -5.35882 -1.96123 -1.70209
302
gcm: 0.565225 1.1001 1.76704
H: -6.59001 -1.51309 0.155203
303
gcm: 0.565087 1.0993 1.77861
H: -6.72488 -1.50678 -0.219863
304
gcm: 0.565552 1.09836 1.78966
H: -3.76572 -1.94302 -1.01972
305
gcm: 0.565939 1.09779 1.80087
H: -6.03411 -1.04143 -0.538663
306
gcm: 0.566326 1.09728 1.81209
H: -5.22826 -0.856526 -0.579253
307
gcm: 0.566562 1.09676 1.82345
H: -2.89218 -0.406008 -0.0657146
308
gcm: 0.566693 1.09658 1.83493
H: -2.96365 -0.898994 -0.493802
309
gcm: 0.566682 1.09604 1.84625
H: -3.98203 -0.669885 0.575004
310
gcm: 0.567413 1.09462 1.85621
H: 0.571135 -0.553855 0.0934968
311
gcm: 0.568376 1.09196 1.86657
H: 0.330374 -0.362384 0.113215
312
gcm: 0.568192 1.09354 1.87685
H: -5.49458 0.108975 2.83059
313
gcm: 0.569173 1.09479 1.88945
H: 0.0807713 -0.451491 -2.05955
314
gcm: 0.5696 1.09412 1.90164
H: 0.463984 0.0489915 0.585512
315
gcm: 0.570198 1.09276 1.91319
H: 1.54831 -0.153455 0.381884
315
gcm: 0.570198 1.09276 1.91319
H: 0 0 0
