:metadata
 
Skeleton: /Network/Servers/duerer/Volumes/duerer/laturnus/workspace/new_acm/asf/07-walk.asf
Motion: /Network/Servers/duerer/Volumes/duerer/laturnus/workspace/new_acm/amc/07_01-walk.amc
Mass Distribution: /Network/Servers/duerer/Volumes/duerer/laturnus/workspace/new_acm/amd/cylinder.amd
 
Inital skeleton translation: 0 0 0
Initial skeleton rotation: 0 0 0
 
:data
1
gcm: 0.524163 0.879009 -1.84396
H: 7.41201 1.06813 -0.613498
2
gcm: 0.523416 0.877709 -1.83355
H: 7.11551 1.01501 -1.66503
3
gcm: 0.522345 0.877472 -1.8224
H: 4.06878 1.12347 -0.740097
4
gcm: 0.52121 0.876582 -1.81038
H: 2.11847 0.105692 1.30186
5
gcm: 0.520175 0.876147 -1.79855
H: 3.23593 0.213772 1.53823
6
gcm: 0.519286 0.876346 -1.78703
H: 3.9437 0.398654 0.405012
7
gcm: 0.518745 0.876781 -1.77569
H: 4.94921 1.25547 -1.32608
8
gcm: 0.518002 0.877282 -1.76407
H: 6.84207 1.9473 -2.32859
9
gcm: 0.516811 0.877617 -1.75233
H: 4.43606 1.14246 -1.83536
10
gcm: 0.516158 0.877975 -1.74104
H: 2.73859 0.440209 -1.01276
11
gcm: 0.516124 0.878951 -1.7295
H: 4.72004 1.08795 -0.971802
12
gcm: 0.515908 0.879861 -1.71742
H: 1.53277 1.01224 -0.439078
13
gcm: 0.515126 0.880826 -1.70539
H: -8.16518 -1.38095 -0.311593
14
gcm: 0.514319 0.882243 -1.69428
H: -3.27243 -0.952745 1.69473
15
gcm: 0.51459 0.883616 -1.6816
H: -1.84201 -0.179831 0.731999
16
gcm: 0.514017 0.884485 -1.66983
H: -0.579197 -0.476064 -0.974817
17
gcm: 0.513898 0.885662 -1.65827
H: 0.391301 0.0285962 -0.714063
18
gcm: 0.514572 0.886549 -1.64668
H: 1.38686 0.436212 -0.577787
19
gcm: 0.515799 0.886434 -1.63512
H: 3.84897 0.805526 -0.874435
20
gcm: 0.516487 0.885993 -1.62347
H: 6.04692 0.763771 -1.53776
21
gcm: 0.516779 0.886143 -1.61165
H: 0.37882 -0.233245 -0.657987
22
gcm: 0.517775 0.886693 -1.60091
H: 0.201659 0.450842 -2.43455
23
gcm: 0.517253 0.886672 -1.58861
H: -3.29973 -1.60125 1.8232
24
gcm: 0.517508 0.886182 -1.57776
H: -0.808435 -0.599256 -0.622586
25
gcm: 0.51809 0.885483 -1.56628
H: -0.965416 -0.480393 -0.355197
26
gcm: 0.519721 0.884638 -1.55552
H: 0.941254 -0.032682 -1.61484
27
gcm: 0.521052 0.883424 -1.5451
H: 6.73751 0.899513 -3.11062
28
gcm: 0.522217 0.882442 -1.53402
H: 0.400798 -0.43996 -0.669951
29
gcm: 0.52314 0.88164 -1.52191
H: -6.83328 -1.9443 1.73853
30
gcm: 0.523783 0.880503 -1.50978
H: -9.14842 -2.41845 1.60534
31
gcm: 0.524065 0.878902 -1.49805
H: -5.20297 -0.891221 1.73063
32
gcm: 0.524374 0.877489 -1.48599
H: 2.74725 -0.201384 1.08589
33
gcm: 0.525081 0.876107 -1.47372
H: 6.97292 -0.526663 -0.139059
34
gcm: 0.526229 0.876128 -1.46095
H: -6.6587 -1.17525 -4.32631
35
gcm: 0.527311 0.876711 -1.44813
H: -4.52999 -1.46156 -1.03305
36
gcm: 0.527885 0.87613 -1.43594
H: 4.80439 -1.79193 5.93304
37
gcm: 0.528921 0.875434 -1.42421
H: -4.00752 -0.688428 -2.99175
38
gcm: 0.529679 0.875148 -1.41243
H: -3.6194 -0.727544 -0.938139
39
gcm: 0.530422 0.875184 -1.40094
H: -2.24794 -0.0707126 1.06116
40
gcm: 0.531047 0.876569 -1.38837
H: -2.12735 -0.465875 -0.0320178
41
gcm: 0.531982 0.877548 -1.37606
H: -0.654059 -0.382461 -0.822741
42
gcm: 0.532494 0.877972 -1.36381
H: -0.422613 -0.553577 -0.309729
43
gcm: 0.533159 0.878691 -1.35165
H: -2.24147 -0.584488 -0.0672141
44
gcm: 0.53415 0.879638 -1.33961
H: -2.31136 -0.451375 -0.805356
45
gcm: 0.535147 0.880646 -1.32808
H: -2.86512 -0.298665 -0.450051
46
gcm: 0.536036 0.881597 -1.31702
H: -2.04065 -0.221671 0.37081
47
gcm: 0.536581 0.882951 -1.30561
H: 1.13076 -0.464518 0.715071
48
gcm: 0.537147 0.884553 -1.29363
H: 0.372269 -0.718198 0.341546
49
gcm: 0.537448 0.885579 -1.28191
H: -2.19131 0.0769068 -0.961152
50
gcm: 0.537739 0.886839 -1.27087
H: -3.23739 0.34204 0.179548
51
gcm: 0.538385 0.887641 -1.25894
H: -3.07957 -0.0327322 0.345614
52
gcm: 0.539231 0.888887 -1.24693
H: 2.3888 -0.86838 -0.131612
53
gcm: 0.539903 0.889858 -1.23615
H: -0.24853 -0.278022 1.30542
54
gcm: 0.540191 0.89034 -1.22524
H: 4.00338 -0.411256 -0.749375
55
gcm: 0.540712 0.890236 -1.21433
H: -1.59434 0.0711061 0.148044
56
gcm: 0.541515 0.889813 -1.20349
H: 2.20832 -0.207303 -0.945025
57
gcm: 0.542232 0.889284 -1.19277
H: 2.24271 -0.219294 0.131644
58
gcm: 0.543179 0.888394 -1.18194
H: 1.11463 -0.114241 1.72335
59
gcm: 0.544056 0.887455 -1.17083
H: 4.04516 -0.466391 0.329077
60
gcm: 0.545447 0.887354 -1.15963
H: 4.45468 -0.150546 -2.39818
61
gcm: 0.545968 0.888098 -1.14795
H: 3.3237 -0.547581 -0.937079
62
gcm: 0.547902 0.888545 -1.13688
H: -1.98066 0.81956 -2.07855
63
gcm: 0.548287 0.888312 -1.12548
H: 3.95013 -0.636944 0.650188
64
gcm: 0.549149 0.888215 -1.11524
H: 5.18104 -0.596749 0.510287
65
gcm: 0.550295 0.888344 -1.10459
H: 2.91879 -0.615219 1.00483
66
gcm: 0.551454 0.88838 -1.09281
H: 2.89634 -0.661508 0.261087
67
gcm: 0.552147 0.888233 -1.08073
H: 4.38371 -0.908374 0.104518
68
gcm: 0.55309 0.887943 -1.06879
H: 4.97721 -0.835088 0.652799
69
gcm: 0.554124 0.888238 -1.05726
H: 5.62627 -0.783448 0.810062
70
gcm: 0.554942 0.888769 -1.04556
H: 5.07232 -0.967056 0.735872
71
gcm: 0.555902 0.889758 -1.03359
H: 3.15546 -0.892258 0.458069
72
gcm: 0.557643 0.891095 -1.02166
H: 2.21289 -0.55989 -0.109127
73
gcm: 0.560012 0.891886 -1.00943
H: 1.2912 -0.262996 0.0425289
74
gcm: 0.561566 0.892749 -0.997554
H: 1.39647 -0.259162 1.05955
75
gcm: 0.562398 0.894859 -0.986926
H: 3.88338 -1.07244 0.590471
76
gcm: 0.563662 0.896871 -0.975409
H: 0.53882 -0.36914 0.351339
77
gcm: 0.564991 0.898456 -0.962709
H: -0.201173 -0.339978 0.441881
78
gcm: 0.566048 0.900382 -0.95062
H: 3.33302 -1.35834 1.61722
79
gcm: 0.566824 0.902255 -0.938896
H: 3.5164 -1.32773 1.4204
80
gcm: 0.567066 0.904018 -0.926152
H: -0.396134 -0.302767 0.426997
81
gcm: 0.567323 0.905677 -0.913166
H: -2.05526 0.489459 -0.729351
82
gcm: 0.567834 0.907254 -0.900911
H: -0.844832 0.535256 -1.20074
83
gcm: 0.568559 0.909211 -0.888843
H: -2.26259 0.549804 -0.330733
84
gcm: 0.569406 0.910593 -0.876754
H: -1.99738 0.366453 0.183173
85
gcm: 0.569244 0.910989 -0.864436
H: -0.0898472 -0.00278789 0.395878
86
gcm: 0.568692 0.91156 -0.852181
H: -0.596088 -0.00734476 0.450948
87
gcm: 0.568406 0.912238 -0.839325
H: -4.62284 1.13726 -0.646441
88
gcm: 0.568542 0.913049 -0.825939
H: -1.93126 0.717661 -0.0231941
89
gcm: 0.568657 0.913773 -0.812716
H: -0.834261 0.394907 0.221378
90
gcm: 0.568686 0.914117 -0.79971
H: -3.22207 0.525436 -0.0736321
91
gcm: 0.568417 0.914509 -0.786478
H: -4.1943 0.722417 -0.393703
92
gcm: 0.568041 0.914267 -0.773119
H: -2.50433 0.653357 -0.566209
93
gcm: 0.568081 0.913401 -0.759871
H: -0.953751 0.689083 -0.675398
94
gcm: 0.568301 0.912551 -0.746384
H: -2.60582 0.981465 -0.491385
95
gcm: 0.568216 0.911709 -0.732753
H: -3.41511 1.21074 -0.763075
96
gcm: 0.568063 0.910837 -0.719179
H: -1.29839 0.992835 -0.580688
97
gcm: 0.567793 0.910061 -0.705449
H: -1.63101 0.472734 0.0646388
98
gcm: 0.567371 0.909466 -0.692221
H: -2.35681 0.432552 0.210852
99
gcm: 0.567227 0.90876 -0.678757
H: -2.10787 0.48617 0.22283
100
gcm: 0.567163 0.907807 -0.664614
H: -2.69996 0.602857 0.282824
101
gcm: 0.567165 0.90692 -0.650839
H: -2.72745 0.703461 0.278485
102
gcm: 0.567406 0.906471 -0.63702
H: -1.84632 0.453711 -0.26103
103
gcm: 0.567063 0.906085 -0.624054
H: -1.78754 0.155722 -0.118764
104
gcm: 0.566278 0.906495 -0.611045
H: -1.89704 0.382462 0.928445
105
gcm: 0.565786 0.907232 -0.597375
H: -1.02826 0.558169 0.222407
106
gcm: 0.56577 0.907466 -0.583604
H: -1.82267 0.61939 -0.101221
107
gcm: 0.565849 0.907944 -0.570204
H: -3.00682 0.267436 0.771622
108
gcm: 0.565746 0.908424 -0.556689
H: -0.196244 0.20037 0.546653
109
gcm: 0.565323 0.908503 -0.543385
H: 1.98022 0.837804 0.985526
110
gcm: 0.564637 0.908887 -0.531461
H: -0.60447 -0.0648793 0.651072
111
gcm: 0.564174 0.91006 -0.518519
H: -5.2892 0.478525 0.181895
112
gcm: 0.56412 0.911492 -0.504781
H: -3.74443 0.547908 0.0836962
113
gcm: 0.564019 0.912433 -0.491833
H: 0.915182 0.418504 -0.257473
114
gcm: 0.56362 0.913544 -0.479638
H: -1.80843 -0.0922187 -0.971458
115
gcm: 0.563298 0.91503 -0.46688
H: -6.50736 -0.270401 -0.382531
116
gcm: 0.563645 0.916045 -0.453619
H: -4.1245 0.0450009 0.197649
117
gcm: 0.563881 0.916921 -0.440831
H: -0.793238 0.263765 0.725853
118
gcm: 0.563631 0.917732 -0.42859
H: -0.99813 0.00160692 0.161337
119
gcm: 0.563137 0.9177 -0.417026
H: -1.50276 0.120433 0.0666015
120
gcm: 0.56247 0.917217 -0.406002
H: -0.926127 0.295532 0.278542
121
gcm: 0.561587 0.917064 -0.395009
H: 0.421399 -0.216441 0.216418
122
gcm: 0.560674 0.916556 -0.384131
H: 1.44729 -0.0614603 0.537761
123
gcm: 0.560613 0.914902 -0.37168
H: 2.24119 0.777336 -0.154262
124
gcm: 0.558651 0.913595 -0.362295
H: 2.8064 0.788854 0.300749
125
gcm: 0.557535 0.911881 -0.351702
H: 3.54417 0.747896 1.22713
126
gcm: 0.557165 0.909921 -0.340277
H: 4.37642 1.09442 1.83462
127
gcm: 0.556431 0.908998 -0.328405
H: 1.17177 0.380996 1.74102
128
gcm: 0.554976 0.909447 -0.316385
H: -3.15845 -0.440408 0.973284
129
gcm: 0.553538 0.909797 -0.305089
H: 1.2669 -0.177748 0.15829
130
gcm: 0.552096 0.909522 -0.294542
H: 6.28376 0.251539 0.315396
131
gcm: 0.550678 0.908922 -0.283389
H: 4.15871 0.875688 0.496162
132
gcm: 0.549507 0.908259 -0.272104
H: 4.24355 1.64925 -0.395759
133
gcm: 0.547948 0.907889 -0.261348
H: 6.29929 1.41086 -0.953755
134
gcm: 0.547135 0.907702 -0.25055
H: 4.23473 1.13466 -0.389502
135
gcm: 0.546338 0.907305 -0.238761
H: 4.57891 0.4298 0.0453822
136
gcm: 0.545402 0.907762 -0.227888
H: 4.481 0.485105 -0.662118
137
gcm: 0.544337 0.908497 -0.215759
H: 3.69296 0.747739 0.182625
138
gcm: 0.543741 0.909357 -0.203871
H: 15.8167 4.31328 -4.06072
139
gcm: 0.542771 0.910378 -0.191894
H: 1.16327 0.320269 0.15325
140
gcm: 0.541419 0.91153 -0.180089
H: -2.34464 -0.374493 0.85388
141
gcm: 0.539674 0.912738 -0.168646
H: -0.191175 -0.0435748 -0.0623535
142
gcm: 0.538222 0.913521 -0.157157
H: 0.830169 0.532533 -0.128334
143
gcm: 0.537764 0.914579 -0.145017
H: -1.61164 0.182159 0.48403
144
gcm: 0.537344 0.916006 -0.132975
H: -1.20363 -0.301913 -0.217968
145
gcm: 0.536588 0.917218 -0.121272
H: 2.60724 0.595463 -1.08057
146
gcm: 0.536423 0.918308 -0.109143
H: 3.19932 0.812633 -1.04762
147
gcm: 0.536794 0.919411 -0.0969795
H: -0.889583 -0.389689 0.0967684
148
gcm: 0.537125 0.920377 -0.0851223
H: -6.14606 -2.06296 1.26567
149
gcm: 0.537624 0.921099 -0.0731148
H: -4.18353 -1.71678 0.724465
150
gcm: 0.537624 0.921539 -0.0617848
H: 2.252 0.315787 -1.0819
151
gcm: 0.536992 0.922028 -0.0508992
H: 5.75101 1.44891 -2.55405
152
gcm: 0.537217 0.922928 -0.0388211
H: 0.371465 -0.111165 -1.00061
153
gcm: 0.537918 0.923734 -0.0258863
H: -5.5421 -1.15764 1.56058
154
gcm: 0.53682 0.922738 -0.0149035
H: -2.38988 -0.664558 1.26026
155
gcm: 0.537466 0.922218 -0.00268646
H: 0.0871151 -0.369552 -0.665068
156
gcm: 0.538679 0.921774 0.00912603
H: 0.472531 -0.102548 -0.722954
157
gcm: 0.53898 0.921211 0.0213669
H: 2.09179 -0.294582 0.237249
158
gcm: 0.539277 0.920083 0.0332909
H: -1.83973 -0.798334 -0.223846
159
gcm: 0.539383 0.918048 0.0449017
H: -2.46546 -0.580895 -1.41489
160
gcm: 0.539912 0.917174 0.0575274
H: -1.12595 -0.102 -1.50325
161
gcm: 0.54043 0.916107 0.0701045
H: -4.24468 -0.773458 0.2877
162
gcm: 0.5408 0.915338 0.0821049
H: -2.7902 -0.989974 0.482837
163
gcm: 0.541185 0.914574 0.0936225
H: 1.8092 -0.459848 -0.903314
164
gcm: 0.541912 0.913873 0.105833
H: 1.65663 -0.55333 -0.595444
165
gcm: 0.5427 0.913787 0.118722
H: -1.15516 -1.03522 0.58938
166
gcm: 0.543041 0.913763 0.131065
H: -2.31714 -0.954981 0.15704
167
gcm: 0.543243 0.913796 0.142979
H: -1.14166 -0.59611 -0.945807
168
gcm: 0.543587 0.914672 0.155451
H: -1.16464 -0.778322 0.0515329
169
gcm: 0.544061 0.915648 0.168184
H: -3.16832 -0.855647 1.0316
170
gcm: 0.544729 0.915737 0.180597
H: -2.25019 -0.5961 -0.27905
171
gcm: 0.545726 0.915929 0.193123
H: -1.95888 -0.70096 -0.511492
172
gcm: 0.546665 0.916035 0.205808
H: -1.5105 -0.817697 0.0333943
173
gcm: 0.547209 0.915875 0.217881
H: -0.924058 -0.756293 0.0748906
174
gcm: 0.547887 0.916128 0.23028
H: -3.32928 -0.519437 -0.315564
175
gcm: 0.548663 0.916695 0.242947
H: -2.47618 -0.409944 -0.832448
176
gcm: 0.549147 0.917204 0.255533
H: -1.04669 -0.634278 -0.600835
177
gcm: 0.549613 0.918167 0.267789
H: -1.54269 -1.09155 0.968022
178
gcm: 0.550317 0.918919 0.278522
H: -2.21254 -1.12553 0.907386
179
gcm: 0.550681 0.920205 0.290748
H: -0.0852594 -0.951561 0.658472
180
gcm: 0.551585 0.921039 0.304279
H: 0.392028 -0.110118 -0.0087116
181
gcm: 0.552118 0.922612 0.315873
H: 0.583414 -0.669066 -0.438827
182
gcm: 0.552333 0.924322 0.327921
H: 0.405577 -0.33586 -0.546918
183
gcm: 0.552472 0.925224 0.340282
H: -1.97966 0.0289894 0.344412
184
gcm: 0.552457 0.925347 0.352059
H: 1.46224 -0.299979 -0.507047
185
gcm: 0.552524 0.924836 0.363745
H: 4.46072 -0.537147 -1.42161
186
gcm: 0.552981 0.923742 0.375399
H: -2.076 0.188834 1.05779
187
gcm: 0.553242 0.922841 0.386624
H: 0.640368 -0.137173 -0.193514
188
gcm: 0.553257 0.921984 0.397402
H: -1.37265 0.258477 0.420479
189
gcm: 0.553668 0.921002 0.408012
H: -0.720913 0.286042 0.8179
190
gcm: 0.554488 0.919867 0.419075
H: 3.51937 -0.796323 -0.382598
191
gcm: 0.554975 0.919323 0.431125
H: 10.3855 -1.47972 -2.34702
192
gcm: 0.555636 0.920124 0.443879
H: -2.83924 0.584947 1.0718
193
gcm: 0.556471 0.92016 0.45658
H: 5.36678 -0.202872 -1.96898
194
gcm: 0.557388 0.919504 0.468411
H: 1.31002 -0.124779 0.487537
195
gcm: 0.558115 0.91906 0.479312
H: 4.75337 -1.13716 0.0339974
196
gcm: 0.559401 0.91859 0.490423
H: 6.94269 -0.949828 0.468615
197
gcm: 0.560482 0.91798 0.50193
H: 8.17044 -1.86338 0.158037
198
gcm: 0.561512 0.916809 0.515223
H: 6.27647 -0.7648 -0.683497
199
gcm: 0.562362 0.916246 0.528043
H: 2.31183 0.144765 -0.297004
200
gcm: 0.563198 0.916306 0.541231
H: 3.99024 -0.0125551 -1.24805
201
gcm: 0.564087 0.917122 0.554211
H: 3.76398 -0.298154 -0.941237
202
gcm: 0.565348 0.918144 0.566281
H: 3.71893 -0.892734 1.39868
203
gcm: 0.567109 0.919131 0.578517
H: 0.575766 -0.0877559 0.419432
204
gcm: 0.569021 0.920439 0.591085
H: 1.95081 -0.280852 -0.308026
205
gcm: 0.570559 0.92166 0.603493
H: 3.85799 -0.995064 0.487285
206
gcm: 0.571311 0.922496 0.615552
H: 7.21338 -2.24339 2.71406
207
gcm: 0.572958 0.924692 0.628917
H: -5.86512 1.39093 -1.9631
208
gcm: 0.573886 0.926847 0.6412
H: 4.13613 -1.39332 1.61645
209
gcm: 0.574722 0.92912 0.654041
H: -1.58294 0.133174 -0.0437773
210
gcm: 0.575133 0.930696 0.666765
H: -1.34431 -0.261321 1.15762
211
gcm: 0.575114 0.932219 0.679496
H: -0.22327 -0.408012 1.4069
212
gcm: 0.575061 0.933934 0.691874
H: 2.59488 -0.543506 0.586159
213
gcm: 0.575516 0.93606 0.704892
H: 0.0924399 0.219238 -0.572285
214
gcm: 0.576021 0.938055 0.718134
H: -1.54001 0.598911 -0.861919
215
gcm: 0.576554 0.939274 0.730881
H: -1.37732 0.516414 -0.497475
216
gcm: 0.577354 0.940021 0.743629
H: -2.99588 0.693724 -0.382295
217
gcm: 0.577648 0.940903 0.756819
H: -2.67847 0.750274 -0.2715
218
gcm: 0.577793 0.941777 0.770533
H: -1.04824 0.270867 -0.0716315
219
gcm: 0.577695 0.942964 0.783995
H: -2.96927 0.605938 -0.607985
220
gcm: 0.577287 0.943967 0.796724
H: -4.09249 0.905413 -0.735555
221
gcm: 0.577161 0.943538 0.809591
H: -2.63722 1.30269 -0.167733
222
gcm: 0.576883 0.943387 0.823462
H: -3.15901 0.900211 -0.136689
223
gcm: 0.57661 0.94365 0.837099
H: -3.70901 0.893377 0.180919
224
gcm: 0.5762 0.943698 0.850559
H: -1.51431 0.57805 0.610883
225
gcm: 0.576626 0.943159 0.8636
H: -0.855672 0.436506 0.129553
226
gcm: 0.576143 0.942331 0.877467
H: -1.17652 0.432058 0.613203
227
gcm: 0.576577 0.941509 0.890864
H: -1.4843 0.506176 -0.105193
228
gcm: 0.576544 0.940106 0.905176
H: -2.05835 0.707882 -0.0735689
229
gcm: 0.576493 0.938851 0.9192
H: -1.8919 0.6249 -0.0665807
230
gcm: 0.576428 0.938165 0.93314
H: -2.84205 0.671735 0.103817
231
gcm: 0.576378 0.937628 0.946799
H: -1.99467 0.647715 0.405469
232
gcm: 0.576084 0.937345 0.960196
H: -0.0328047 0.342063 0.488221
233
gcm: 0.575774 0.937737 0.973813
H: -2.83619 0.309572 0.108778
234
gcm: 0.575827 0.938531 0.987597
H: -3.45923 0.561029 0.196771
235
gcm: 0.576141 0.938817 1.00114
H: -0.710841 0.692019 0.811453
236
gcm: 0.575978 0.939116 1.01433
H: -1.94908 0.577544 0.16942
237
gcm: 0.575938 0.93968 1.02736
H: -2.40023 0.118365 0.0409151
238
gcm: 0.575907 0.940687 1.04078
H: -2.4235 0.506333 0.270152
239
gcm: 0.575557 0.941831 1.05364
H: -1.94986 0.607467 0.0866644
240
gcm: 0.5756 0.942396 1.06678
H: -0.832932 0.609859 0.2472
241
gcm: 0.576306 0.943153 1.08056
H: -1.78349 0.377174 -0.111849
242
gcm: 0.575581 0.944186 1.0915
H: -1.57173 0.153328 -0.3514
243
gcm: 0.576041 0.944905 1.10446
H: -3.0545 -1.26561 -1.31712
244
gcm: 0.57629 0.945813 1.11704
H: -0.759839 -0.222194 0.403602
245
gcm: 0.575709 0.946615 1.13004
H: -0.398441 1.69892 1.75177
246
gcm: 0.575349 0.947493 1.14262
H: -0.675114 0.996903 0.845329
247
gcm: 0.574985 0.948202 1.15472
H: -3.11902 0.161094 0.0912888
248
gcm: 0.574585 0.948279 1.16664
H: -3.61989 0.117106 0.189551
249
gcm: 0.574525 0.947805 1.17809
H: -0.0391636 0.37388 0.30938
250
gcm: 0.574558 0.946808 1.18924
H: 2.52069 0.282829 0.378971
251
gcm: 0.574274 0.945649 1.20028
H: 1.97187 -0.0229985 0.283942
252
gcm: 0.574112 0.94461 1.21145
H: 2.14838 0.24168 0.178931
253
gcm: 0.573676 0.943144 1.22272
H: 4.61133 0.997114 1.33967
254
gcm: 0.572676 0.941704 1.23354
H: 0.678538 0.215869 1.37015
255
gcm: 0.571861 0.939179 1.24429
H: -3.57507 -0.394734 1.67411
256
gcm: 0.571312 0.937548 1.25526
H: -2.34563 -0.30449 0.877785
257
gcm: 0.570482 0.936447 1.26683
H: -1.30619 -0.224382 -0.592784
258
gcm: 0.569668 0.937543 1.27912
H: -0.431461 -0.0447799 -0.447549
259
gcm: 0.568422 0.936893 1.29113
H: 11.8599 1.57928 3.11435
260
gcm: 0.567104 0.937022 1.30299
H: 8.48473 1.37281 -0.250515
261
gcm: 0.566405 0.936511 1.31379
H: 1.65705 0.666323 -0.718954
262
gcm: 0.566025 0.935851 1.32552
H: -0.850949 -0.0614975 0.346571
263
gcm: 0.564864 0.936036 1.3377
H: 2.789 0.690328 -0.387371
264
gcm: 0.56322 0.936238 1.35006
H: 4.4683 0.768606 0.471931
265
gcm: 0.561706 0.936609 1.3618
H: 3.89042 0.572326 -0.100431
266
gcm: 0.560493 0.937319 1.37323
H: 5.24064 1.07937 -0.781007
267
gcm: 0.559756 0.937836 1.38458
H: 3.95209 0.927258 -0.115734
268
gcm: 0.559664 0.938455 1.39672
H: 1.96298 0.49349 -0.0724286
269
gcm: 0.559975 0.939224 1.4097
H: 1.13161 0.107681 -0.150724
270
gcm: 0.558734 0.940192 1.42151
H: 2.34897 0.761736 -0.780601
271
gcm: 0.558888 0.942006 1.43315
H: 3.82322 1.49934 -1.96678
272
gcm: 0.558066 0.942695 1.44572
H: 3.97971 1.26843 -1.56116
273
gcm: 0.558157 0.944402 1.45756
H: -2.58618 -0.502095 -0.219591
274
gcm: 0.558016 0.945908 1.46909
H: 2.18024 0.452792 -1.0129
275
gcm: 0.557971 0.9468 1.4808
H: 2.9523 0.525624 -0.280445
276
gcm: 0.557731 0.947103 1.4931
H: 0.141026 0.279833 0.0737404
277
gcm: 0.557832 0.947145 1.50534
H: -2.74012 -0.331506 0.225687
278
gcm: 0.558445 0.94742 1.5175
H: -3.7098 -1.0943 1.29758
279
gcm: 0.558812 0.94756 1.52916
H: 0.387481 -0.434343 0.251998
280
gcm: 0.559181 0.947661 1.54008
H: 1.38719 0.323819 -2.23075
281
gcm: 0.559664 0.947892 1.55205
H: -3.30148 -0.3918 -2.19206
282
gcm: 0.560234 0.947954 1.5651
H: -4.15212 -1.10638 0.00599902
283
gcm: 0.560994 0.947703 1.57708
H: -1.21684 -0.875813 1.21735
284
gcm: 0.561606 0.946671 1.58832
H: 0.147911 -0.379336 0.133455
285
gcm: 0.561896 0.945137 1.5998
H: 0.375262 -0.442065 0.13195
286
gcm: 0.562204 0.943787 1.61067
H: -0.252952 -0.799538 1.03212
287
gcm: 0.562753 0.941926 1.62095
H: -0.857568 -0.645276 0.0880392
288
gcm: 0.564157 0.942142 1.63357
H: -0.310546 -0.581354 -0.432131
289
gcm: 0.565006 0.942033 1.64634
H: -0.321427 -0.523407 -0.330003
290
gcm: 0.565286 0.940929 1.65716
H: -1.47073 -0.470544 -1.12696
291
gcm: 0.56585 0.93985 1.66954
H: -2.35857 -0.693295 -0.295954
292
gcm: 0.566762 0.939567 1.68166
H: -3.05195 -1.00835 0.261682
293
gcm: 0.567662 0.940296 1.69378
H: -2.34403 -0.935405 -0.302725
294
gcm: 0.568416 0.940573 1.70565
H: 2.1605 -0.448536 -0.949725
295
gcm: 0.569192 0.940299 1.71699
H: 2.42064 -0.553369 -0.766563
296
gcm: 0.569857 0.940458 1.72903
H: -2.81678 -0.903121 0.198752
297
gcm: 0.570258 0.940986 1.73968
H: -3.4717 -0.891806 0.420105
298
gcm: 0.570736 0.941588 1.75102
H: -2.47899 -0.780243 -0.0849158
299
gcm: 0.571184 0.941743 1.7635
H: -1.32306 -0.632501 -0.761734
300
gcm: 0.571851 0.942148 1.77543
H: -0.387938 -0.803932 -0.903579
301
gcm: 0.572594 0.943471 1.78722
H: -1.84142 -1.08845 -0.14367
302
gcm: 0.572796 0.944767 1.79826
H: -3.31282 -0.686404 0.486801
303
gcm: 0.573047 0.945512 1.80893
H: -1.37697 -0.691979 -0.361148
304
gcm: 0.573844 0.946215 1.82151
H: -1.0139 -1.20468 -0.456764
305
gcm: 0.5741 0.947357 1.83367
H: -3.44208 -0.223882 0.565518
306
gcm: 0.57435 0.948468 1.84502
H: 0.283244 -0.285106 0.238542
307
gcm: 0.574303 0.949444 1.85645
H: 2.58261 -0.246467 0.0240964
308
gcm: 0.573926 0.950723 1.86744
H: 0.850753 -0.558755 -1.00506
309
gcm: 0.573483 0.951654 1.87732
H: 0.344509 -0.312998 0.157224
310
gcm: 0.573886 0.951285 1.88953
H: -3.01965 0.148407 1.57763
311
gcm: 0.574471 0.949484 1.9014
H: -6.20035 0.631049 2.2813
312
gcm: 0.574289 0.951874 1.90932
H: -4.05489 0.615448 2.61672
313
gcm: 0.575119 0.953807 1.91818
H: 3.58648 -0.343049 -1.5089
314
gcm: 0.575342 0.954026 1.92733
H: 0.0738595 0.0381068 -1.45601
315
gcm: 0.575416 0.953092 1.937
H: 2.81583 -0.20061 -0.500135
315
gcm: 0.575416 0.953092 1.937
H: 0 0 0
